r	P
0.00028618185763647154	0.04327681431228493
0.00030463900169684367	0.04601326734722307
0.00032428652927655847	0.04891898383803681
0.00034520121351660067	0.05200393005875021
0.0003674647790001423	0.05527859085961955
0.00039116422109312726	0.05875398705355795
0.00041639214588055446	0.06244169188289329
0.0004432471320267672	0.06635384625508503
0.0004718341159737266	0.0705031723863572
0.0005022648019824386	0.07490298543617757
0.0005346580986197818	0.07956720265245634
0.0005691405833963162	0.084510349476534
0.0006058469973706564	0.08974756197770455
0.0006449207716530867	0.09529458489836723
0.0006865145878657409	0.1011677644920651
0.0007307909747493591	0.1073840352267759
0.0007779229432478741	0.1139608993039709
0.0008280946625524344	0.1209163978092571
0.0008815021797465211	0.1282690721619951
0.0009383541858641865	0.1360379143683108
0.0009988728313548058	0.1442423044036629
0.0010632945941407843	0.1529019328569913
0.001131871203660179	0.1620367067580343
0.0012048706245049489	0.1716666362825373
0.0012825781034984187	0.1818116997869756
0.0013652972843034435	0.1924916843657676
0.0014533513939166173	0.20372599885101
0.001547084505684786	0.2155334558895539
0.0016468628837791302	0.2279320194376967
0.0017530764143803708	0.2409385137140168
0.001866140129167494	0.2545682893514348
0.001986495827063056	0.2688348421977265
0.002114613800572073	0.2837493799387406
0.0022509946734602074	0.2993203314723202
0.0023961713569520078	0.315552793758122
0.0025507111320931	0.3324479107273746
0.0027152178664132053	0.3500021787793515
0.0028903343735516293	0.3682066734448205
0.003076744925065532	0.3870461919932001
0.0032751779242359037	0.4064983071378477
0.003486408752319216	0.4265323275978475
0.003711262798366533	0.4471081621574096
0.003950618684449164	0.4681750850861664
0.004205411698893498	0.489670402414744
0.00447663745094047	0.5115180206784735
0.0047653557611103	0.5336269224358589
0.0050726948024742155	0.5558895562341686
0.005399855509015226	0.5781801528373612
0.0057481162683037865	0.6003529845631168
0.006118837916824984	0.6222405906121197
0.006513469057476694	0.6436519984303775
0.006933551720016873	0.6643709795364312
0.007380727386578354	0.6841543879701
0.007856743405795952	0.7027306406575299
0.008363459820609223	0.7197984115851739
0.008902856636420672	0.7350256257314297
0.009477041558009896	0.7480488541501029
0.010088258225435812	0.7584732282762382
0.01073889498110894	0.7658730091559206
0.011431494202291278	0.7697929654625285
0.0121687622354907	0.7697507322414473
0.012953579971568756	0.7652403394868899
0.013789014102884304	0.7557371147914491
0.01467832910646056	0.7407041760014994
0.015625	0.7196007362825042
0.016632725920591552	0.6918924430790844
0.01770544457916916	0.6570639615599255
0.018847347647202823	0.6146339892647984
0.02006289713574596	0.5641728484284751
0.021356842830840567	0.5053227421416906
0.022734240853409395	0.4378206762454614
0.024200473416158327	0.3615239368122575
0.025761269854689503	0.2764378697801117
0.027422729015004664	0.1827455321112997
0.029191343084878477	0.08083857144842589
0.03107402296222331	-0.028651555597231773
0.033078125259573044	-0.1448231940352888
0.035211481050206384	-0.266476398541772
0.037482426468235915	-0.3920889200093139
0.03989983528223323	-0.519798358074531
0.04247315356967257	-0.6473928440349203
0.04521243662768377	-0.7723128364217662
0.04812838826434424	-0.891666734877927
0.051232402624041766	-1.002263006804896
0.05453660871034127	-1.1006613325801546
0.05805391778032975	-1.1832448660224033
0.06179807379563402	-1.2463150377476524
0.06578370712724937	-1.286209368576019
0.07002639172403226	-1.2994414897120286
0.07454270596824379	-1.2828609864017508
0.07935029745593877	-1.2338288180748886
0.08446795195533073	-1.1504019796237497
0.08991566681258954	-1.0315188559808002
0.09571472909190605	-0.877174536131558
0.101887798755158	-0.688573400720162
0.1084589972062036	-0.4682448458669512
0.1154540015457914	-0.2201073715567936
0.1229001449053889	0.050533211392578645
0.1308265232519885	0.3370636936960093
0.1392641090812302	0.6317300122446589
0.1482458724431019	0.9258934345883186
0.1578069097731258	1.2103722931358118
0.167984581032443	1.4758569812817397
0.1788186556926737	1.713377418606754
0.1903514681359917	1.91479439329376
0.2026280830776427	2.073280179056832
0.2156964716572983	2.183750559322023
0.2296076988873272	2.243210530997698
0.2444161231904401	2.2509797623610357
0.2601796088064085	2.208771215218155
0.2769597518978381	2.1206067972562703
0.2948221212385138	1.9925669077081896
0.3138365144248073	1.8323855675088023
0.3340772306113022	1.6489185271920606
0.3556233608363551	1.4515268961802774
0.3785590970720465	1.2494313735707765
0.4029740612061416	1.0510994986827686
0.428963655241564	0.8637279264782877
0.4566294340817959	0.6928719750600304
0.4860795023588697	0.5422559166495211
0.5174289368545673	0.4137724261567993
0.5508002361654459	0.3076530299530535
0.5863237993687656	0.2227688487704138
0.6241384355597177	0.1570070147995505
0.6643919062509809	0.1076651336663639
0.7072415027540431	0.07181343812666385
0.752854660798419	0.04658882330141029
0.8014096147904016	0.029402552799755136
0.8530960942678786	0.01806003458720044
0.9081160652726248	0.010803795240499472
0.966684519536998	0.006298297340079011
1.0290303145688078	0.003577634818853087
1.0953970679169978	0.001975471424935431
1.1660441091125142	0.0010523839170869273
1.241247493004083	0.000530575498800123
1.3213010784485313	0.00024098658848068004
1.4065176765706533	8.394873322128779e-05
1.4972302730794824	2.025669036418341e-06
1.5937933294171829	-3.750965818214092e-05
1.6965841678248377	-5.332108058402541e-05
1.8060044457373072	-5.6159615661765406e-05
1.9224817252683837	-5.229223328514764e-05
2.0464711439190406	-4.5386062243650266e-05
2.178457193037112	-3.7556348159820646e-05
2.31895561097776	-2.997072563108412e-05
2.468515398362304	-2.3214326119734924e-05
2.6277209633100846	-1.751921526719952e-05
2.797194405025885	-1.2911539829054283e-05
2.9775979446660936	-9.305908706114963e-06
3.169636512982264	-6.564911554689996e-06
3.3740605048533454	-4.5354402982432925e-06
3.5916687114699815	-3.069679917605507e-06
3.823311441628444	-2.0361119896925583e-06
4.069893844330731	-1.3241498708276908e-06
4.332379445673968	-8.448501443783411e-07
4.611793913849567	-5.293517372106746e-07
4.909229066963972	-3.261554256459577e-07
5.22584713934164	-1.9798206493876481e-07
5.562885322980923	-1.1867950960561885e-07
5.92166060190868	-7.045192051132765e-08
6.303574898323985	-4.1542596331635766e-08
6.7101205506395925	-2.4402219476169616e-08
7.142886144826703	-1.4310992554258346e-08
7.603562721849174	-8.38855472055477e-09
8.093950385442843	-4.912618611969989e-09
8.61596533605998	-2.8689663751867877e-09
9.1716473584642	-1.665597943697141e-09
9.763167792233764	-9.575578953767551e-10
10.392838016318152	-5.428909769606662e-10
11.063118480801553	-3.023180418034443e-10
11.77662832116502	-1.647448079437977e-10
12.536155592615296	-8.756275628064989e-11
13.344668164471118	-4.5257401373320485e-11
14.205325317177069	-2.2696053873548192e-11
15.121490087260572	-1.0953009987740964e-11
16.096742408470217	-5.437404957295318e-12
