r	P
0.00028618185763647154	0.09382563704233252
0.00030463900169684367	0.09975844078486648
0.00032428652927655847	0.1060582346655186
0.00034520121351660067	0.1127466305375267
0.0003674647790001423	0.1198463655069483
0.00039116422109312726	0.1273813398231217
0.00041639214588055446	0.1353766528148094
0.0004432471320267672	0.1438586362048465
0.0004718341159737266	0.1528548840299894
0.0005022648019824386	0.1623942782730418
0.0005346580986197818	0.1725070091798363
0.0005691405833963162	0.1832245890827742
0.0006058469973706564	0.1945798583837839
0.0006449207716530867	0.2066069821610704
0.0006865145878657409	0.219341435654177
0.0007307909747493591	0.2328199766488623
0.0007779229432478741	0.2470806025253337
0.0008280946625524344	0.2621624894486883
0.0008815021797465211	0.2781059108672934
0.0009383541858641865	0.2949521321417469
0.0009988728313548058	0.3127432777526279
0.0010632945941407843	0.3315221671285086
0.001131871203660179	0.3513321146960555
0.0012048706245049489	0.3722166892816104
0.0012825781034984187	0.3942194274892381
0.0013652972843034435	0.4173834951458305
0.0014533513939166173	0.4417512903426636
0.001547084505684786	0.4673639810197819
0.0016468628837791302	0.4942609694416631
0.0017530764143803708	0.522479275309354
0.001866140129167494	0.552052828658202
0.001986495827063056	0.5830116631177612
0.002114613800572073	0.6153809995821135
0.0022509946734602074	0.6491802098806813
0.0023961713569520078	0.684421649683682
0.0025507111320931	0.7211093496620044
0.0027152178664132053	0.7592375538959093
0.0028903343735516293	0.7987890947475971
0.003076744925065532	0.8397335939468987
0.0032751779242359037	0.882025480566654
0.003486408752319216	0.9256018179773235
0.003711262798366533	0.9703799338758258
0.003950618684449164	1.0162548502032178
0.004205411698893498	1.0630965133370731
0.00447663745094047	1.11074682951994
0.0047653557611103	1.1590165162328003
0.0050726948024742155	1.2076817873223522
0.005399855509015226	1.2564808983336584
0.0057481162683037865	1.3051105888803338
0.006118837916824984	1.3532224711961836
0.006513469057476694	1.4004194284359102
0.006933551720016873	1.446252102984202
0.007380727386578354	1.4902155741054073
0.007856743405795952	1.5317463457696208
0.008363459820609223	1.5702197893828655
0.008902856636420672	1.6049482122629883
0.009477041558009896	1.6351797507079244
0.010088258225435812	1.660098315859152
0.01073889498110894	1.6788248504670982
0.011431494202291278	1.6904201839944124
0.0121687622354907	1.693889800741354
0.012953579971568756	1.6881908588952437
0.013789014102884304	1.6722418151367202
0.01467832910646056	1.644935016669362
0.015625	1.6051526166769634
0.016632725920591552	1.5517861460667788
0.01770544457916916	1.4837600291899915
0.018847347647202823	1.4000592588636456
0.02006289713574596	1.2997613410168
0.021356842830840567	1.1820724762604513
0.022734240853409395	1.046367759725339
0.024200473416158327	0.8922349477879463
0.025761269854689503	0.7195210588156404
0.027422729015004664	0.5283807456052146
0.029191343084878477	0.3193250044688621
0.03107402296222331	0.09326837978424837
0.033078125259573044	-0.148427600491531
0.035211481050206384	-0.4039174395739528
0.037482426468235915	-0.6708441961469958
0.03989983528223323	-0.946324876202376
0.04247315356967257	-1.2269522212981747
0.04521243662768377	-1.5088164106157225
0.04812838826434424	-1.78754994311969
0.051232402624041766	-2.0583984205463897
0.05453660871034127	-2.3163190657689934
0.05805391778032975	-2.5561075549724817
0.06179807379563402	-2.772552112176321
0.06578370712724937	-2.960611841446902
0.07002639172403226	-3.1156140283612026
0.07454270596824379	-3.2334627488055068
0.07935029745593877	-3.3108487519064425
0.08446795195533073	-3.3454484562196383
0.08991566681258954	-3.3360982781224364
0.09571472909190605	-3.2829296906382286
0.101887798755158	-3.1874506860158456
0.1084589972062036	-3.0525609518248924
0.1154540015457914	-2.8824912547825163
0.1229001449053889	-2.682662307408304
0.1308265232519885	-2.4594646158333653
0.1392641090812302	-2.219968060881395
0.1482458724431019	-1.971577554270042
0.1578069097731258	-1.7216580895360156
0.167984581032443	-1.477157775726917
0.1788186556926737	-1.2442599355161654
0.1903514681359917	-1.0280942692481627
0.2026280830776427	-0.8325321348879503
0.2156964716572983	-0.6600825367869873
0.2296076988873272	-0.5118945046893069
0.2444161231904401	-0.3878597627379977
0.2601796088064085	-0.2867987498945164
0.2769597518978381	-0.2067048227599362
0.2948221212385138	-0.1450170198930505
0.3138365144248073	-0.0988915535632526
0.3340772306113022	-0.06544593005348465
0.3556233608363551	-0.04195636456554046
0.3785590970720465	-0.025997631875752276
0.4029740612061416	-0.01552322191796934
0.428963655241564	-0.008891304720607908
0.4566294340817959	-0.004847526063008819
0.4860795023588697	-0.002478500201266167
0.5174289368545673	-0.0011500288568522107
0.5508002361654459	-0.0004420529057718381
0.5863237993687656	-8.898302150799741e-05
0.6241384355597177	6.968338941022878e-05
0.6643919062509809	0.00012685198597588504
0.7072415027540431	0.00013418365037140803
0.752854660798419	0.0001193566581118738
0.8014096147904016	9.666745789303772e-05
0.8530960942678786	7.317863197530921e-05
0.9081160652726248	5.2122214961774665e-05
0.966684519536998	3.472646207709861e-05
1.0290303145688078	2.1186711959547327e-05
1.0953970679169978	1.1187508005736755e-05
1.1660441091125142	4.1902794894969804e-06
1.241247493004083	-4.055568292467522e-07
1.3213010784485313	-3.1739379254719088e-06
1.4065176765706533	-4.617310691686041e-06
1.4972302730794824	-5.148952262369673e-06
1.5937933294171829	-5.09181029376694e-06
1.6965841678248377	-4.6866788742126686e-06
1.8060044457373072	-4.10483207955612e-06
1.9224817252683837	-3.4619168389229806e-06
2.0464711439190406	-2.8311596905469226e-06
2.178457193037112	-2.254856896123906e-06
2.31895561097776	-1.7537513750608224e-06
2.468515398362304	-1.3343035825885864e-06
2.6277209633100846	-9.940879899525594e-07
2.797194405025885	-7.256420547210559e-07
2.9775979446660936	-5.191059632136439e-07
3.169636512982264	-3.639561663428604e-07
3.3740605048533454	-2.500813171702945e-07
3.5916687114699815	-1.6839313907234968e-07
3.823311441628444	-1.1111618635512709e-07
4.069893844330731	-7.186239816817519e-08
4.332379445673968	-4.556814159066386e-08
4.611793913849567	-2.8350829249096212e-08
4.909229066963972	-1.7326754727367237e-08
5.22584713934164	-1.0419687437107482e-08
5.562885322980923	-6.179928409638599e-09
5.92166060190868	-3.6255116580631725e-09
6.303574898323985	-2.1109164388833875e-09
6.7101205506395925	-1.2240206398786442e-09
7.142886144826703	-7.089728343499625e-10
7.603562721849174	-4.109947032595195e-10
8.093950385442843	-2.3854156018364884e-10
8.61596533605998	-1.3841961487098954e-10
9.1716473584642	-8.006482230256585e-11
9.763167792233764	-4.597734646848412e-11
10.392838016318152	-2.6095136279967905e-11
11.063118480801553	-1.457247026848987e-11
11.77662832116502	-7.980145323187395e-12
12.536155592615296	-4.235250341787497e-12
13.344668164471118	-2.3639921928425487e-12
