r	P
0.00028618185763647154	0.0002313400605310544
0.00030463900169684367	0.00026198778951393165
0.00032428652927655847	0.0002966843922732468
0.00034520121351660067	0.00033596243798976054
0.0003674647790001423	0.0003804240682540061
0.00039116422109312726	0.0004307499869923331
0.00041639214588055446	0.00048770959167833406
0.0004432471320267672	0.000552172386496732
0.0004718341159737266	0.000625120834584502
0.0005022648019824386	0.0007076648246684269
0.0005346580986197818	0.0008010579474928874
0.0005691405833963162	0.0009067157995305331
0.0006058469973706564	0.001026236555734407
0.0006449207716530867	0.0011614240796608128
0.0006865145878657409	0.0013143138682951913
0.0007307909747493591	0.0014872021604591136
0.0007779229432478741	0.0016826785718506538
0.0008280946625524344	0.0019036626566226607
0.0008815021797465211	0.0021534448349349936
0.0009383541858641865	0.002435732168063875
0.0009988728313548058	0.0027546995072661312
0.0010632945941407843	0.0031150465894213683
0.001131871203660179	0.0035220617011167857
0.0012048706245049489	0.003981692582729947
0.0012825781034984187	0.004500625294422407
0.0013652972843034435	0.005086371815734659
0.0014533513939166173	0.005747367198299206
0.001547084505684786	0.0064930771352989134
0.0016468628837791302	0.00733411684945181
0.0017530764143803708	0.00828238223069078
0.001866140129167494	0.009351194171837884
0.001986495827063056	0.010555457051153438
0.002114613800572073	0.011911832289429922
0.0022509946734602074	0.013438927859952678
0.0023961713569520078	0.015157504544533764
0.0025507111320931	0.017090699598833275
0.0027152178664132053	0.019264268304518536
0.0028903343735516293	0.021706843631768103
0.003076744925065532	0.024450213898359528
0.0032751779242359037	0.027529617873874215
0.003486408752319216	0.03098405621961488
0.003711262798366533	0.03485661745409883
0.003950618684449164	0.039194815764997774
0.004205411698893498	0.044050936922715694
0.00447663745094047	0.04948238725710275
0.0047653557611103	0.05555203910309013
0.0050726948024742155	0.062328564267050336
0.005399855509015226	0.06988674487570164
0.0057481162683037865	0.07830774840525731
0.006118837916824984	0.0876793507133769
0.006513469057476694	0.09809608747686205
0.006933551720016873	0.1096593105469306
0.007380727386578354	0.1224771213546035
0.007856743405795952	0.1366641486298633
0.008363459820609223	0.1523411323600187
0.008902856636420672	0.1696342701547166
0.009477041558009896	0.1886742760956919
0.010088258225435812	0.2095950958670959
0.01073889498110894	0.2325322156887985
0.011431494202291278	0.2576204965904385
0.0121687622354907	0.2849914602433368
0.012953579971568756	0.3147699483991151
0.013789014102884304	0.3470700755884145
0.01467832910646056	0.3819903948811685
0.015625	0.4196082001381394
0.016632725920591552	0.4599728964056206
0.01770544457916916	0.5030983842146143
0.018847347647202823	0.5489544250050069
0.02006289713574596	0.5974569853070723
0.021356842830840567	0.6484575983653628
0.022734240853409395	0.7017318352690917
0.024200473416158327	0.7569670449102042
0.025761269854689503	0.813749604462294
0.027422729015004664	0.8715520202436321
0.029191343084878477	0.929720332627168
0.03107402296222331	0.9874624067129818
0.033078125259573044	1.0438378297997757
0.035211481050206384	1.0977502822674048
0.037482426468235915	1.1479433928637517
0.03989983528223323	1.1930012223580286
0.04247315356967257	1.231354627888651
0.04521243662768377	1.26129482793905
0.04812838826434424	1.2809954958750598
0.051232402624041766	1.2885446374634824
0.05453660871034127	1.2819873327912352
0.05805391778032975	1.259380123888544
0.06179807379563402	1.218857386653546
0.06578370712724937	1.158709424290825
0.07002639172403226	1.077471251401262
0.07454270596824379	0.9740201054113744
0.07935029745593877	0.8476786418085952
0.08446795195533073	0.6983195773310336
0.08991566681258954	0.5264663011464902
0.09571472909190605	0.3333827688376091
0.101887798755158	0.1211449534093083
0.1084589972062036	-0.1073145865927948
0.1154540015457914	-0.3481976572595549
0.1229001449053889	-0.5968750041506459
0.1308265232519885	-0.8479711749359643
0.1392641090812302	-1.095503845592127
0.1482458724431019	-1.3330782349300712
0.1578069097731258	-1.5541327563399818
0.167984581032443	-1.7522269784635718
0.1788186556926737	-1.921357786475868
0.1903514681359917	-2.056284968960147
0.2026280830776427	-2.1528439372611734
0.2156964716572983	-2.2082214528065967
0.2296076988873272	-2.2211704383621997
0.2444161231904401	-2.192142296000513
0.2601796088064085	-2.1233195679290184
0.2769597518978381	-2.0185380708941967
0.2948221212385138	-1.8830956000323935
0.3138365144248073	-1.72345369470525
0.3340772306113022	-1.5468493886412282
0.3556233608363551	-1.360844546721217
0.3785590970720465	-1.1728499620581585
0.4029740612061416	-0.9896679384241724
0.428963655241564	-0.8170985266882941
0.4566294340817959	-0.6596493581305961
0.4860795023588697	-0.5203768770255714
0.5174289368545673	-0.4008692840007527
0.5508002361654459	-0.3013618973790434
0.5863237993687656	-0.220957997992607
0.6241384355597177	-0.1579162152299044
0.6643919062509809	-0.109961270085851
0.7072415027540431	-0.07457845560836977
0.752854660798419	-0.04926177107258264
0.8014096147904016	-0.03169822242508606
0.8530960942678786	-0.01988345514886672
0.9081160652726248	-0.012174279380540307
0.966684519536998	-0.007290517179360687
1.0290303145688078	-0.0042817138948658805
1.0953970679169978	-0.0024741387044430407
1.1660441091125142	-0.0014111067799648584
1.241247493004083	-0.0007960612950740706
1.3213010784485313	-0.00044402769271366735
1.4065176765706533	-0.00024371829887275364
1.4972302730794824	-0.00013013247292963348
1.5937933294171829	-6.607025556238443e-05
1.6965841678248377	-3.0423843217873912e-05
1.8060044457373072	-1.1168875591611364e-05
1.9224817252683837	-1.3611256499370066e-06
2.0464711439190406	3.077318482094516e-06
2.178457193037112	4.568119446819684e-06
2.31895561097776	4.547108955098315e-06
2.468515398362304	3.849275724841959e-06
2.6277209633100846	2.9400757710045057e-06
2.797194405025885	2.059739369512272e-06
2.9775979446660936	1.3150314557122831e-06
3.169636512982264	7.375120630150586e-07
3.3740605048533454	3.1980582748180706e-07
3.5916687114699815	3.7368578255465084e-08
3.823311441628444	-1.3917703312870532e-07
4.069893844330731	-2.3766537540306702e-07
4.332379445673968	-2.816171528970475e-07
4.611793913849567	-2.895140747900186e-07
4.909229066963972	-2.751207824044423e-07
5.22584713934164	-2.482471262464893e-07
5.562885322980923	-2.1560835165704487e-07
5.92166060190868	-1.816119993252457e-07
6.303574898323985	-1.4900456280496442e-07
6.7101205506395925	-1.1936881986123014e-07
7.142886144826703	-9.349030042546192e-08
7.603562721849174	-7.162055234728648e-08
8.093950385442843	-5.366420742256574e-08
8.61596533605998	-3.931190522707296e-08
9.1716473584642	-2.813522088123741e-08
9.763167792233764	-1.9654544701129163e-08
10.392838016318152	-1.3387005234565141e-08
11.063118480801553	-8.879019435636285e-09
11.77662832116502	-5.726625980305706e-09
12.536155592615296	-3.586052358456909e-09
13.344668164471118	-2.176665818773335e-09
14.205325317177069	-1.2783174094926926e-09
15.121490087260572	-7.249562129644995e-10
16.096742408470217	-3.9618958109213876e-10
17.134893100444664	-2.0818034044563848e-10
18.239998759573208	-1.0492571824818133e-10
19.416377610234314	-5.0594823296454496e-11
20.66862637835121	-2.328486298372478e-11
22.00163825319837	-1.0150321602921062e-11
23.42062200764488	-4.445239904166576e-12
