r	P	Q	rho
0.0001161714999842322	0.000546169322860869	0.002341134417061052	5.779211287982091e-06
0.00011985917924801368	0.0005626301249843536	0.002408007514845499	6.115052849092305e-06
0.00012366391801739136	0.0005796110826006129	0.0024767790876284307	6.470383655986976e-06
0.00012758943215995303	0.0005971300266129259	0.0025475023121648787	6.846332299168157e-06
0.00013163955549758556	0.0006152054758200518	0.0026202318103581744	7.244092517491852e-06
0.00013581824355074617	0.0006338566673201835	0.0026950236857697703	7.664926941566327e-06
0.00014012957740158985	0.0006531035883904601	0.00277193556087846	8.110171050831079e-06
0.00014457776767972557	0.0006729670098631721	0.0028510266151230315	8.581237356504068e-06
0.0001491671586744937	0.0006934685214768609	0.0029323576236127105	9.079619823038886e-06
0.00015390223257778145	0.0007146305686458502	0.003015990996685145	9.606898541728946e-06
0.00015878761386151966	0.0007364764913199411	0.003101990820155023	1.0164744670592964e-05
0.00016382807379413603	0.0007590305647000605	0.003190422896343921	1.0754925655664426e-05
0.00016902853510037633	0.0007823180420579402	0.003281354785851101	1.1379310749557294e-05
0.000174394076769044	0.0008063651997266089	0.003374855850070967	1.2039876844088363e-05
0.00017992993901335352	0.0008311993843898302	0.003470997294450751	1.2738714634694468e-05
0.0001856415283887431	0.0008568490627934803	0.003569852212480476	1.3478035135361816e-05
0.0001915344230731432	0.000883343874010752	0.0036714956304059938	1.4260176563842628e-05
0.00019761437831485956	0.0009107146843999648	0.0037760045526536246	1.5087611618042628e-05
0.00020388733205339	0.000938993645401512	0.0038834580079527368	1.596295516563666e-05
0.0002103594107186656	0.0009682142543285373	0.003993937096140237	1.6888972370210072e-05
0.0002170369352143793	0.0009984114183144727	0.004107525035628349	1.7868587278534386e-05
0.00022392642709124567	0.0010296215215895273	0.004224307211514309	1.8904891894972127e-05
0.0002310346149162212	0.00106188249626768	0.004344371224307638	2.0001155770471927e-05
0.00023836844084390503	0.0010952338968356998	0.004467806939247479	2.1160836135165836e-05
0.0002459350673965389	0.001129716978546183	0.004594706536179028	2.2387588605221795e-05
0.0002537418844592265	0.0011653747799276583	0.004725164559954502	2.3685278496341454e-05
0.000261796516497206	0.0012022522096364289	0.004859277971320098	2.505799277813244e-05
0.0002701068300022224	0.0012403961378870303	0.004997146198246237	2.6510052705531883e-05
0.0002786809411752737	0.0012798554927110832	0.0051388711876538965	2.80460271655221e-05
0.0002875272238532339	0.0013206813613078064	0.0052845574574850495	2.967074677956669e-05
0.0002966543176870928	0.0013629270967637213	0.005434312149060076	3.138931880451473e-05
0.0003060711365798024	0.0014066484304339946	0.00558824507965959	3.320714287718204e-05
0.0003157868773919686	0.0014519035902935964	0.005746468795262273	3.512992765043048e-05
0.0003258110289238911	0.0014987534255829409	0.005909098623364074	3.716370837133979e-05
0.00033615338118272406	0.0015472615380899976	0.006076252725797539	3.931486545501465e-05
0.00034682403494380845	0.0015974944204290565	0.006248052151462971	4.159014411070303e-05
0.0003578334116155128	0.001649521601695383	0.0064246208888756005	4.399667508023641e-05
0.00036919226341721817	0.001703415800895033	0.006606085918424964	4.654199655235147e-05
0.0003809116838803869	0.0017592530885700368	0.006792577264234205	4.923407732023465e-05
0.00039300311868297133	0.0018171130570611648	0.0069842280454979686	5.208134125366255e-05
0.0004054783768277432	0.0018770789998734689	0.007181174527167982	5.509269316141228e-05
0.00041834964217546096	0.001939238100633896	0.00738355616984524	5.827754612420987e-05
0.00043162948534414047	0.002003681632155469	0.007591515678726877	6.164585038339319e-05
0.0004453308759860475	0.0020705051661488567	0.007805199051444427	6.520812387571809e-05
0.00045946719545440486	0.002139808794149697	0.00802475562461793	6.897548451035749e-05
0.000474052249872184	0.002211697360258776	0.008250338118937564	7.295968429016986e-05
0.0004891002836157431	0.0022862807063221643	0.008482102682570812	7.717314538577594e-05
0.0005046259932264843	0.0023636739302096837	0.008720208932678749	8.162899827792313e-05
0.0005206445417641121	0.002443997657882673	0.008964819994809812	8.634112209107779e-05
0.0005371715736155137	0.0025273783299759565	0.009216102539923249	9.13241872492118e-05
0.0005542232297737253	0.0026139485036541944	0.009474226818777437	9.659370059339763e-05
0.0005718161636019015	0.002703847170539517	0.009739366693400177	0.00010216605311014725
0.0005899675570976902	0.002797220091545371	0.010011699665339187	0.00010805857042949788
0.0006086951376738924	0.0028942201494910505	0.010291406900370843	0.00011428956626272061
0.0006280171954717972	0.002995007720412285	0.010578673249324148	0.00012087839896129552
0.000647952601224102	0.003099751064525594	0.01087368726465456	0.00012784553139153832
0.0006685208246848622	0.0032086267378478566	0.011176641212378964	0.0001352125943330801
0.0006897419536444699	0.0033218200255177278	0.011487731078958134	0.00014300245362439123
0.0007116367135482336	0.003439525397912	0.011807156572687334	0.0001512392812948354
0.0007342264877377173	0.003561946990697902	0.012135121119128085	0.0001599486309404503
0.0007575333383346106	0.003689299110011416	0.012471831850085668	0.00016915751761994232
0.0007815800277875219	0.003821806764002077	0.012817499585606632	0.00017889450256839822
0.0008063900411027409	0.003959706222036199	0.01317233880843895	0.00018918978304913902
0.0008319876087806837	0.004103245602902985	0.013536567630364475	0.000200075287689174
0.0008583977304804128	0.004252685493421456	0.013910407749778367	0.00021158477767105135
0.0008856461994353575	0.004408299598900349	0.014294084399854017	0.00022375395418381495
0.0009137596276440656	0.004570375426958017	0.014687826286593824	0.00023662057256849822
0.0009427654718605993	0.0047392150062646405	0.015091865516026516	0.00025022456362943426
0.0009726920604099544	0.004915135641824513	0.015506437509770123	0.0002646081626219395
0.001003568620854689	0.0050984707084717005	0.015931780908136565	0.0002798160464700087
0.0010354253085397922	0.00528957048430736	0.0163681374599085	0.0002958954798149155
0.001068293236043655	0.005488803025861504	0.016815751897872308	0.00031289647054750255
0.0011022045035639237	0.005696555086815343	0.01727487179914213	0.00033087193553391786
0.0011371922302678996	0.0059132330821721835	0.01774574742925923	0.0003498778773071562
0.0011732905866381068	0.006139264099814825	0.018228631568998236	0.0003699735725655542
0.0012105348278446213	0.006375096961434756	0.018723779322757397	0.00039122177339501207
0.0012489613281767493	0.006621203334862711	0.019231447907353504	0.00041368892221484854
0.0012886076165676845	0.006878078899870672	0.019751896419983924	0.00043744538153861994
0.00132951241324684	0.007146244569551236	0.02028538558405796	0.0004625656797417471
0.0013717156675556498	0.007426247769410825	0.02083217747153808	0.000489128774138338
0.0014152585969637724	0.0077186637763372815	0.02139253520036761	0.0005172183327911085
0.0014601837273238018	0.00802409711961925	0.02196672260549669	0.0005469230366119211
0.0015065349344037997	0.008343183046202865	0.022555003881950964	0.00057833690345727
0.0015543574867382137	0.008676589052369753	0.02315764319831976	0.000611559636084388
0.0016036980898390255	0.009025016484007475	0.02377490427897077	0.0006466969960108292
0.0016546049318103184	0.009389202207618089	0.024407049953227664	0.0006838612055148908
0.0017071277304107984	0.009769920354170444	0.025054341669675885	0.0007231713802276913
0.0017613177816102469	0.010167984137845596	0.02571703897368939	0.0007647539950017387
0.001817228009687316	0.010584247751650087	0.02639539894619907	0.000808743385997317
0.001874913018917604	0.01101960834177682	0.027089675601650688	0.0008552822922088259
0.001934429146902478	0.011475008062474954	0.027800119243028176	0.0009045224399604507
0.0019958345195907447	0.01195143621304685	0.028526975771746656	0.0009566251742363483
0.0020591891080468895	0.012449931458417664	0.02927048595014895	0.001011762141077165
0.002124554787021336	0.01297158413451962	0.03003088461427108	0.0010701160256745845
0.002191995395379924	0.013517538639494278	0.030808399834475433	0.0011318813512311266
0.002261576798451625	0.014088995911438695	0.03160325202148715	0.001197265344126168
0.0023333669523553915	0.014687215993101552	0.03241565297530918	0.0012664888714436886
0.002407435970368948	0.015313520683568432	0.033245804874436	0.0013397874574751507
0.0024838561914043667	0.015969296276557333	0.03409389920273596	0.0014174123864147874
0.002562702250657285	0.016655996384470566	0.03496011561132799	0.0014996318991169154
0.0026440511524987668	0.017375144846812948	0.03584462071274219	0.0015867324924880772
0.002727982345681007	0.01812833872098213	0.03674756680462517	0.0016790203308430494
0.0028145778009303173	0.018917251352759425	0.03766909052023314	0.0017768227793649963
0.0029039220910031765	0.019743635523071883	0.038609311402947946	0.0018804900706777122
0.002996102473283537	0.02060932666675159	0.039568330402057365	0.0019903971164632554
0.003091208975002045	0.021516246158079035	0.040546228287059824	0.002106945477041421
0.003189334481160418	0.022466404656855912	0.041543063977790354	0.0022305655028683796
0.0032905748252468328	0.023461905507600404	0.04255887278771796	0.0023617186630087304
0.003395028882830932	0.024504948183186687	0.04359366457783869	0.0025009000767857725
0.003502798668129857	0.025597831762849813	0.04464742181868506	0.002648641266014757
0.0036139894336396174	0.026742958432938883	0.04572009755809384	0.002805513146467515
0.003728709772929092	0.027942836997113966	0.04681161329252223	0.002972129278495925
0.0038470717266970655	0.029200086380836186	0.04792185673988165	0.0031491493980460353
0.003969190892195888	0.030517439112983977	0.04905067951207003	0.0033372832506104906
0.004095186536128589	0.03189774476523077	0.05019789468563137	0.0035372947519775456
0.004225181711129756	0.03334397332742832	0.05136327426925917	0.0037500065009193925
0.004359303375943905	0.034859218494643816	0.05254654656719114	0.003976304670195305
0.004497682519418705	0.036446700838685536	0.05374739343792015	0.004217144303395223
0.004640454288434204	0.03810977083390866	0.054965447448074765	0.004473555046180104
0.004787758119892929	0.039851911703808	0.05620028892180641	0.004746647341342626
0.004939737876899828	0.04167674205136512	0.05745144288656204	0.0050376191177639255
0.005096541989265013	0.04358801823231224	0.05871837591672808	0.005347763003718576
0.005258323598466539	0.045589636426391945	0.060000492877305245	0.0056784740950101605
0.005425240707214811	0.047685634357320775	0.061297133570521675	0.006031258308022466
0.005597456333764649	0.0498801926074936	0.06260756928911694	0.006407741346852238
0.005775138671125776	0.052177635468488005	0.06393099928093816	0.006809678312141734
0.0059584612513271466	0.05458243126313415	0.06526654713048524	0.007238963976930615
0.006147603114895638	0.05709919206930028	0.06661325706413239	0.007697643751659027
0.006342748985714523	0.059732672769604166	0.06797009018693957	0.008187925356221312
0.006544089451432579	0.06248776934499337	0.06933592066025956	0.008712191211518902
0.0067518211495999824	0.0653695163235465	0.0707095318307436	0.009273011556097355
0.006966146959712795	0.06838308328893514	0.07208961232286153	0.009873158284961908
0.007187276201353593	0.07153377034576593	0.07347475210867982	0.01051561949731273
0.007415424838621762	0.07482700243150353	0.07486343857039204	0.011203614727467098
0.007650815691053101	0.07826832235688205	0.07625405257297041	0.01194061081836214
0.007893678651234729	0.08186338244866713	0.07764486456631037	0.012730338379457421
0.00814425090932784	0.08561793466037014	0.07903403073837373	0.013576808750261614
0.008402777184717571	0.0895378190080765	0.08041958924310093	0.014484331366752142
0.008669509965016222	0.09362895017998803	0.08179945652926089	0.015457531400289121
0.008944709752653265	0.09789730215964988	0.08317142379893705	0.01650136750688018
0.009228645319292936	0.1023488906942112	0.08453315362700842	0.017621149488463
0.009521593968327935	0.1069897534305404	0.08588217677577038	0.018822555626872507
0.009823841805705568	0.1118259275336753	0.08721588924175014	0.02011164940499603
0.0101356840193508	0.1168634245940602	0.08853154957479245	0.021494895277965526
0.010457425167459195	0.1221082026224194	0.08982627651262115	0.02297917309979971
0.010789379475941226	0.1275661349241153	0.09109704697730205	0.02457179074746237
0.011131871145308484	0.1332429756385808	0.09234069448333256	0.026280494414687605
0.011485234667301517	0.1391443217241175	0.0935539080104437	0.02811347597209128
0.011849815151568488	0.1452755711642102	0.09473323139759948	0.030079376708118628
0.012225968662713766	0.1516418771687739	0.09587506331809123	0.03218728667751751
0.012614062568045549	0.1582480981426895	0.09697565789902392	0.03444673879072681
0.013014475896362196	0.1650987431948853	0.09803112605183821	0.036867696679522076
0.013427599708127668	0.1721979129644176	0.09903743758377315	0.039460535272460906
0.0138538374773976	0.1795492355458447	0.0999904241633015	0.042236012909454175
0.014293605485868973	0.1871557973050588	0.1008857832155133	0.0452052337198998
0.01474733322943832	0.1950200683890681	0.1017190828261292	0.04837959888546573
0.01521546383766544	0.2031438227494405	0.1024857677352248	0.05177074530953455
0.015698454506552315	0.2115280525197361	0.1031811665037806	0.05539047012387313
0.01619677694505993	0.2201728766127577	0.1038004999377476	0.059250639383262964
0.016710917835799036	0.2290774434344038	0.1043388908553663	0.06336307923537052
0.017241379310344827	0.2382398276478643	0.1047913752838933	0.06773944781157384
0.0177886794396397	0.2476569209654749	0.1051529151715799	0.07239108607118096
0.018353352739963087	0.2573243169963265	0.1054184126995976	0.07732884585372862
0.018935950694962515	0.2672361902363656	0.1055827262765102	0.08256289346002745
0.019537042294255628	0.2773851693548302	0.1056406882947123	0.0881024872013884
0.020157214589129384	0.2877622050070822	0.1055871247238755	0.09395572753799325
0.020797073265878974	0.2983564324898384	0.10541687661072	0.10012927868242326
0.021457243237346473	0.3091550296510453	0.1051248235472194	0.10662806088437271
0.02213836925323692	0.3201430705737449	0.1047059091605179	0.11345491304951644
0.022841116529808025	0.3313033756717155	0.1041551686672282	0.12061022589157262
0.023566171399548207	0.3426163589648562	0.1034677585222591	0.12809154648395574
0.024314241981477767	0.3540598734445177	0.1026389881777382	0.1358931558776978
0.025086058872727607	0.3656090555934419	0.101664353950828	0.14400562239616774
0.025882375862071084	0.3772361702916858	0.1005395749801471	0.1524153343135264
0.026703970666105744	0.388910457518701	0.09926063122900892	0.16110401687938664
0.02755164568880402	0.4005979824522523	0.0978238034696808	0.17004824007008978
0.028426228805174623	0.4122614907664387	0.0962257151563015	0.1792189250263081
0.02932857416980001	0.423860271142827	0.09446337606492976	0.18858085887085516
0.03025956305103963	0.4353500272293515	0.09253422754746257	0.1980922294764027
0.03122010469171357	0.4466827615095893	0.09043618921190226	0.20770419374900362
0.03221113719710728	0.4578066737782445	0.08816770680478164	0.21736049507911392
0.033233628451164565	0.468666077154733	0.08572780103264813	0.22699714774549945
0.03428857706176365	0.4792013348027035	0.08311611701858702	0.23654220818494018
0.0353770133359996	0.4893488207557275	0.08033297404714444	0.24591565509428032
0.03650000028642543	0.499040908474253	0.0773794152070634	0.2550294022285948
0.03765863466923479	0.5082059909717074	0.07425725649643541	0.2637874694019125
0.03885404805540015	0.5167685365432308	0.07096913490972802	0.2720863384708677
0.04008740793581243	0.5246491843032226	0.06751855498129472	0.279815521856799
0.041359918861501685	0.5317648838813998	0.06390993321609655	0.28685837129308445
0.04267282362005216	0.5380290837345346	0.06014863979622834	0.29309315381355927
0.044027404449360805	0.5433519725950386	0.05624103691226982	0.2983944203558869
0.04542498428992468	0.5476407785901841	0.05219451303234776	0.30263468956554695
0.04686692807688009	0.5508001305185652	0.04801751239001455	0.3056864652753937
0.04835464407305563	0.552732485654636	0.043719558945557215	0.3074246005323464
0.049889585244340715	0.5533386282586275	0.03931127405509438	0.3077290137909742
0.051473250678713035	0.5525182426885197	0.03480438706873371	0.30648775386284016
0.05310718705031088	0.5501705646334198	0.030211738074061176	0.3036003993065117
0.05479299012997997	0.5461951135042222	0.02554727200519249	0.2989817651227975
0.05653230634377023	0.5404925084183017	0.020826023351364988	0.2925658749049395
0.05832683438090464	0.532965369491142	0.01606409072336349	0.28431014008759803
0.06017832685279037	0.5235193052905565	0.011278600571682462	0.2741996698427624
0.06208859200469268	0.5120639863105648	0.006487659397911516	0.2622516158007296
0.06405949548174317	0.4985143031750836	0.0017102938610435436	0.2485194355752303
0.06609296215100707	0.4827916069806564	-0.0030336217461162007	0.23309693863186307
0.06819097798138926	0.4648250277284387	-0.007723451087867637	0.2161219580994505
0.07035559198321481	0.44455286517663	-0.012337894779296154	0.19777947358433598
0.07258891820937861	0.4219240446661504	-0.016855103000829607	0.17830399396461225
0.07489313782001797	0.3968996285385101	-0.0212528018183358	0.15798099671913673
0.07727050121272525	0.3694543716833462	-0.02550843314299156	0.1371472129173466
0.0797233302203807	0.3395783075365889	-0.029599308096852905	0.11618954598922658
0.08225402037875176	0.3072783485168739	-0.0335027733630234	0.09554241929027153
0.08486504326607398	0.2725798824624139	-0.03719638989280982	0.07568336374428129
0.08755894891689796	0.2355283441454105	-0.04065812311577362	0.05712668387117632
0.09033836831256016	0.196190738437008	-0.043866543552060176	0.04041507949166328
0.09320601595070976	0.1546570892229052	-0.04680103646037945	0.026109152260667425
0.09616469249640103	0.1110417857881108	-0.04944201887097533	0.014774791421050568
0.09921728751734017	0.06548479616935575	-0.051771162053466935	0.006968511749708405
0.1023667823059587	0.018152714995964606	-0.05377161715862026	0.003220907873577943
0.1056162527910687	-0.030760388305260566	-0.05542824145664413	0.004018491439666454
0.1089688725419438	-0.08103235627992737	-0.056727822280120285	0.009784288584921997
0.1124279158677605	-0.1324126012082983	-0.057659295476793965	0.02085769131362807
0.1159967610154257	-0.1846220699129878	-0.05821395489778251	0.03747417324379721
0.1196788934689144	-0.2373535509503506	-0.058385649203747246	0.05974559218168371
0.1234779093533398	-0.2902723579570305	-0.058170962080136245	0.08764190262326309
0.1273975189470801	-0.3430174204138669	-0.05756937182858402	0.12097518328012127
0.131441550305392	-0.395202809564095	-0.05658338626095211	0.15938694028811043
0.1356139529990498	-0.4464197226313964	-0.05521864888052733	0.20233966793848387
0.1399188019716628	-0.4962389428052825	-0.05348401250488415	0.24911362795012704
0.1443603015194356	-0.5442137857110465	-0.051391576777102814	0.29880973872158567
0.1489427893972603	-0.5898835353130881	-0.04895668643237315	0.350359342379905
0.1536707410551506	-0.6327773635100026	-0.0461978877360793	0.40254143660194536
0.1585487740091533	-0.6724187182063643	-0.04313684118156219	0.45400771966141334
0.163581652351009	-0.7083301545692786	-0.039798189318382846	0.50331550374516
0.1687742914009637	-0.7400385737130938	-0.0362093794556144	0.5489682097438708
0.1741317625082767	-0.7670808224470286	-0.03240044192349787	0.5894627768028476
0.1796592980041139	-0.7890095972299456	-0.02840372554918623	0.6233429161460344
0.1853622963116612	-0.805399585372253	-0.024253592972744025	0.6492567288898845
0.1912463272184517	-0.8158537670680148	-0.01998607936059368	0.6660168126072785
0.1973171373160538	-0.8200097932716107	-0.015638518928226302	0.6726606243356182
0.2035806556124337	-0.8175463469613298	-0.011249144428398514	0.6685085726801859
0.2100429993224736	-0.8081893891244095	-0.006856665367187312	0.6532171025532437
0.2167104798423007	-0.7917181859748372	-0.0024998311583054327	0.626823935159107
0.2235896089132609	-0.767971010550444	0.0017830142938709405	0.5897826521858424
0.2306871049815595	-0.7368504099615824	0.005954379978843231	0.5429839813014844
0.2380098997597774	-0.6983279291816396	0.009978070569549798	0.48776145856740794
0.2455651449966727	-0.6524481833670505	0.013819618227513004	0.42587961382691847
0.2533602194618783	-0.5993321732639119	0.017446697308708507	0.35950344115622535
0.2614027361523187	-0.5391797423189805	0.020829516195902783	0.2911486632721176
0.2697005497273822	-0.4722710797304903	0.0239411808534805	0.2236131528904622
0.2782617641801105	-0.398967180976567	0.026758025067719324	0.15989080340191347
0.287094740751899	-0.3197091865432468	0.02925990267380954	0.1030701058646254
0.2962081060984357	-0.2350165309033876	0.031430437367023695	0.05622064219094534
0.3056107607148559	-0.1454838475847676	0.033257225950159015	0.022271592985967818
0.3153118876283382	-0.0517765927402759	0.03473199109963474	0.003887126761537498
0.3253209613666359	0.04537463070091064	0.03585067997046859	0.00334412836558898
0.3356477572112968	0.1451810432472629	0.036613505251480855	0.022418084085163836
0.3463023607446149	0.2468039220157387	0.03702492568021485	0.06228302104397626
0.3572951776996325	0.3493640358623908	0.03709356358866595	0.12343116201376428
0.3686369441228162	0.4519521890697825	0.03683205782735897	0.20561738168876634
0.3803387368593307	0.5536407456985993	0.03625685144480505	0.3078326345743918
0.3924119843711504	0.6534959712070231	0.0353879147997666	0.4283092888976859
0.4048684778985754	0.7505909928168736	0.03424840634609748	0.5645597918350674
0.4177203829760513	0.8440191470313555	0.03286427511478893	0.7134483811343574
0.4309802513135413	0.9329074535504378	0.03126381085451122	0.8712937427591089
0.4446610330550527	1.016429931527747	0.029477149781142447	1.0339987080647202
0.4587760894262912	1.0938204585414926	0.02753574580704396	1.197201412821071
0.4733392057837947	1.1643848664597864	0.02547181883797449	1.3564409307954892
0.4883646050782914	1.2275119728324282	0.023317793104404367	1.5073293629222198
0.50386696174543	1.2826832622757265	0.021105739411551805	1.6457218035584085
0.51986141603745	1.329480959641078	0.0188668355505226	1.767875579531852
0.5363635888097873	1.3675942749799026	0.01663085884841077	1.8705906864238413
0.5533895967770575	1.396823648153438	0.01442572392991042	1.9513244055515813
0.5709560682533156	1.417082876455022	0.012277077244231514	2.0082746053677
0.5890801593919662	1.4283990693624404	0.01020795785361944	2.040428103759027
0.6077795709411817	1.4309104377174733	0.008238531500067871	2.0475725541700887
0.6270725655311973	1.4248619872711392	0.0063859022098684244	2.030272462517294
0.6469779855103621	1.4105992457461385	0.00466400282767252	1.9898119850219513
0.6675152713473659	1.3885602057382251	0.003083563062028261	1.9281089533209397
0.6887044806176195	1.3592657107401611	0.0016521510299022705	1.8476060019969809
0.7105663075923224	1.3233085467856724	0.00037428204554022993	1.7511456500830578
0.7331221034493584	1.281341526786275	-0.000748413392122505	1.641836668389588
0.7563938971257506	1.2340648683954931	-0.001716971737391104	1.5229190473999328
0.7804044168320476	1.1822131696287692	-0.0025348387329932067	1.3976344038511035
0.8051771122496469	1.1265422804727503	-0.003207582254186915	1.269107798276662
0.8307361774327382	1.0678163546883552	-0.0037425857593326086	1.1402457742880932
0.8571065744372323	1.0067953670175585	-0.004148731700907601	1.0136541230227463
0.8843140576997534	0.9442232235336648	-0.004436084417218525	0.8915771747052619
0.9123851991905017	0.8808169017116744	-0.004615578331771235	0.7758597179042902
0.9413474143645558	0.8172565659361245	-0.004698719813899095	0.6679303725335966
0.9712289889369564	0.7541769238691103	-0.00469730710256	0.5688048971906895
1.002059106507724	0.6921599131358321	-0.004623172764789831	0.4791067190786158
1.0338678770637852	0.6317287992903211	-0.004487951954707502	0.3991014175655386
1.0666863663856532	0.5733437334273171	-0.004302878827528125	0.3287415514265789
1.1005466263875705	0.517398785552934	-0.0040786126483781686	0.26771813837278646
1.1354817264207535	0.4642204380967897	-0.0038250944061559928	0.21551524649399134
1.171525785570312	0.414067493016728	-0.003551434080925403	0.17146450145718928
1.2087140059773769	0.3671323162629208	-0.003265828105741811	0.13479680327779356
1.2470827072189894	0.3235433154915885	-0.0029755059961604725	0.10468913063522275
1.286669361779326	0.2833685216110323	-0.0026867045906395952	0.08030493742157944
1.3275126316468977	0.2466201228004784	-0.002404667853435489	0.060827267397608395
1.3696524060734712	0.2132597819171991	-0.0021336697485618344	0.04548428712996725
1.413129840531588	0.1832045554652955	-0.0018770573126533569	0.03356743248739152
1.4579873969087245	0.156333225157232	-0.0016373107514122969	0.024442758074558483
1.5042688849773538	0.1324928519603	-0.001416117174140401	0.017556361208424867
1.5520195051814103	0.111505367508928	-0.001214454475436222	0.012434921882974004
1.60128589278094	0.09317402870140899	-0.0010326818791365608	0.008682466056314484
1.6521161633980497	0.07728957770878533	-0.0008706337782175323	0.00597443682557814
1.7045599600086478	0.06363597073393569	-0.000727713729824042	0.004050066338522894
1.7586685014258567	0.05199556366265356	-0.0006029857852514558	0.0027039022324542744
1.814494632322454	0.042153670054567126	-0.0004952607336091004	0.0017771771822635643
1.8720928748412	0.03390243543235184	-0.0004031752939659982	0.0011495376785624503
1.931519481843451	0.027044000213849877	-0.00032526278010673625	0.000731483743442835
1.992832491848063	0.021392950630963775	-0.0002600142603152674	0.0004577259441144207
2.056091785714248	0.016778081449417417	-0.0002059297175625817	0.00028154642417186027
2.121359145123733	0.013043515318219944	-0.0001615591617922351	0.00017015939321939733
2.188698312919344	0.010049240449686995	-0.00012553403744873864	0.00010100299241018347
2.258175055358941	0.007671140661659722	-9.658959270280801e-05	5.885572860038765e-05
2.3298572263455086	0.005800599490482821	-7.3579123871818e-05	3.365236833645931e-05
2.403814833696124	0.004343763265622696	-5.548117643297384e-05	1.887135746871154e-05
2.4801201075145274	0.003220547126805548	-4.1400875136261645e-05	1.037363782843752e-05
2.558847570734079	0.0023634635488710815	-3.056657658100844e-05	5.586894262446169e-06
2.64007411189998	0.0017163457381424406	-2.23229982795858e-05	2.94634100909191e-06
2.723879060261853	0.0012330290595810457	-1.6121890877678946e-05	1.5206205771367898e-06
2.810344263250017	0.0008760432358951214	-1.1511198123675825e-05	7.67584258839838e-07
2.899554166411128	0.0006153571674352655	-8.123505571545862e-06	3.787304348567243e-07
2.9915958958812374	0.0004272075039982769	-5.664426063533495e-06	1.8253833719506702e-07
3.0865593434768392	0.00029303208396891405	-3.9014182669503045e-06	8.588302329965839e-08
3.184537254486987	0.00019852043483949128	-2.653392284486209e-06	3.941740353947608e-08
3.2856253182522406	0.00013278595608984283	-1.7813296222951582e-06	1.7635283269916935e-08
3.3899222616188918	8.765829826597695e-05	-1.1800373891569998e-06	7.685369743126784e-09
3.4975299453597395	5.708983159957902e-05	-7.710700120281071e-07	3.2598434210317404e-09
3.608553463655608	3.666687616375586e-05	-4.967859966307072e-07	1.3447066039346558e-09
3.7231012467347258	2.321435116258521e-05	-3.1546149719817053e-07	5.390056158560359e-10
3.841285166770244	1.4481647204392998e-05	-1.973521902164256e-07	2.0975705363948675e-10
3.9632206471392895	8.89741962133617e-06	-1.21580660641104e-07	7.91788577751798e-11
4.089026775150289	5.381338632658953e-06	-7.372589284771122e-08	2.8964240986623916e-11
4.218826418348628	3.2024556813871863e-06	-4.398549572249724e-08	1.0257657115083021e-11
4.352746344514248	1.8743722509502616e-06	-2.58037385801388e-08	3.5139371680570626e-12
4.490917345468393	1.078149985419889e-06	-1.488144997703629e-08	1.1626288486143257e-12
4.633474364810384	6.090469559338071e-07	-8.435252566777545e-09	3.7100934801810214e-13
4.780556629709206	3.382660248109938e-07	-4.686806509911178e-09	1.1444586969669324e-13
4.932307786878602	1.8323983794099962e-07	-2.570603798914543e-09	3.3583446212534796e-14
5.088876042868488	9.689768930442708e-08	-1.3952063574559015e-09	9.391108793317167e-15
5.250414308809682	4.989802566777251e-08	-7.373120631367235e-10	2.4903565946201315e-15
5.417080349753348	2.541059315050848e-08	-3.7547651656746757e-10	6.458392268751622e-16
5.589036938750951	1.266610980563339e-08	-1.8715921978330923e-10	1.6046536618191223e-16
5.76645201582526	6.175517990209954e-09	-9.125178500279763e-11	3.8145349335672985e-17
5.949498851987623	2.943069699328594e-09	-4.348790884863906e-11	8.663550453322129e-18
