r	P	Q	rho
0.0001161714999842322	2.972806770158708e-13	-1.5766248468816245e-14	8.862437551779496e-26
0.00011985917924801368	3.3660903412867654e-13	-1.7851811581290788e-14	1.1362432903377443e-25
0.00012366391801739136	3.811396450420796e-13	-2.0213211930292605e-14	1.4567600295934138e-25
0.00012758943215995303	4.3156054289939276e-13	-2.2886924846104757e-14	1.8676831351652987e-25
0.00013163955549758556	4.886507397689306e-13	-2.591424779763089e-14	2.3945109371564015e-25
0.00013581824355074617	5.532922364562061e-13	-2.9341936777902046e-14	3.0699324817658873e-25
0.00014012957740158985	6.264836856988671e-13	-3.322293027585695e-14	3.935855715429514e-25
0.00014457776767972557	7.093557671799897e-13	-3.761716388558716e-14	5.046006554503069e-25
0.0001491671586744937	8.031886501959647e-13	-4.259249555271485e-14	6.4692612848102385e-25
0.00015390223257778145	9.094317557271515e-13	-4.8225752541370716e-14	8.293918415331507e-25
0.00015878761386151966	1.0297261252562385e-12	-5.460391648890482e-14	1.0633174807311538e-24
0.00016382807379413603	1.165929746417639e-12	-6.182546502881193e-14	1.3632145617075288e-24
0.00016902853510037633	1.3201462243832349e-12	-7.000189058637329e-14	1.747686318438977e-24
0.000174394076769044	1.494757240792986e-12	-7.925941972377881e-14	2.240581264518011e-24
0.00017992993901335352	1.6924593004812049e-12	-8.974095951029462e-14	2.8724719235991577e-24
0.0001856415283887431	1.9163053320659077e-12	-1.0160830087183497e-13	3.6825503725102904e-24
0.0001915344230731432	2.1697517831966397e-12	-1.1504461282634342e-13	4.721058063625361e-24
0.00019761437831485956	2.4567119357999377e-12	-1.3025726598144232e-13	6.0524004908428375e-24
0.00020388733205339	2.7816162623380146e-12	-1.4748102872908608e-13	7.759139684738296e-24
0.0002103594107186656	3.149480752388384e-12	-1.6698168529651755e-13	9.947111892889366e-24
0.0002170369352143793	3.565984261413734e-12	-1.8906013129096185e-13	1.275198748589421e-23
0.00022392642709124567	4.0375560723008396e-12	-2.1405700970626525e-13	1.634767944037777e-23
0.0002310346149162212	4.571475017230273e-12	-2.423579586551747e-13	2.0957121213284032e-23
0.00023836844084390503	5.175981685099176e-12	-2.7439955147791636e-13	2.686608151833339e-23
0.0002459350673965389	5.860405440777235e-12	-3.1067602049951973e-13	3.444087152000484e-23
0.0002537418844592265	6.635308210008767e-12	-3.5174686772714745e-13	4.41510409007656e-23
0.000261796516497206	7.51264724126241e-12	-3.9824547937791323e-13	5.659846803349265e-23
0.0002701068300022224	8.505959347212675e-12	-4.5088887651478946e-13	7.255464519539945e-23
0.0002786809411752737	9.630569458269314e-12	-5.104887514777978e-13	9.300846685593507e-23
0.0002875272238532339	1.0903826693690647e-11	-5.779639594951085e-13	1.1922747890451597e-22
0.0002966543176870928	1.2345371578025538e-11	-6.543546571439686e-13	1.5283637941684676e-22
0.0003060711365798024	1.3977438508373693e-11	-7.408383045438687e-13	1.9591762864884723e-22
0.0003157868773919686	1.582519811852757e-11	-8.387477766877041e-13	2.5114039332354716e-22
0.0003258110289238911	1.7917144797709932e-11	-9.495918615847354e-13	3.219258024056921e-22
0.00033615338118272406	2.0285535313677447e-11	-1.0750784593924174e-12	4.1265873665630434e-22
0.00034682403494380845	2.2966885272973002e-11	-1.217140838007251e-12	5.289592509614491e-22
0.0003578334116155128	2.600253103700832e-11	-1.3779673472947013e-12	6.780304143407914e-22
0.00036919226341721817	2.9439265714936714e-11	-1.5600350469737489e-12	8.691040751824345e-22
0.0003809116838803869	3.333005898819048e-11	-1.7661477629341002e-12	1.1140121100767743e-21
0.00039300311868297133	3.773487180435998e-11	-1.999479154359172e-12	1.4279184669801988e-21
0.0004054783768277432	4.272157842928961e-11	-2.2636214504795705e-12	1.8302572455610146e-21
0.00041834964217546096	4.836700998791458e-11	-2.562640602246916e-12	2.3459347820273132e-21
0.00043162948534414047	5.475813548139741e-11	-2.901138692004432e-12	3.0068700071093195e-21
0.0004453308759860475	6.199339836873536e-11	-3.284324554816517e-12	3.853968229086091e-21
0.00045946719545440486	7.018422917706835e-11	-3.718093690174824e-12	4.93965024586817e-21
0.000474052249872184	7.945675729244841e-11	-4.209118684210163e-12	6.331092959528821e-21
0.0004891002836157431	8.995374812255425e-11	-4.764951522440389e-12	8.11438156430714e-21
0.0005046259932264843	1.0183679526078112e-10	-5.394139353883145e-12	1.0399829608355363e-20
0.0005206445417641121	1.1528880116932237e-10	-6.106355471780752e-12	1.3328795252207293e-20
0.0005371715736155137	1.305167842960839e-10	-6.9125475072969655e-12	1.7082414296031132e-20
0.0005542232297737253	1.4775505551296862e-10	-7.825105093824614e-12	2.189278869936984e-20
0.0005718161636019015	1.6726881238632498e-10	-8.858049554911571e-12	2.8057320639048855e-20
0.0005899675570976902	1.893582061489964e-10	-1.0027248502699907e-11	3.595707594850071e-20
0.0006086951376738924	2.1436294343329576e-10	-1.1350658611181792e-11	4.6080308968293953e-20
0.0006280171954717972	2.426674929536511e-10	-1.2848600255154486e-11	5.905259866492705e-20
0.000647952601224102	2.7470697651896137e-10	-1.4544068187883092e-11	7.567545286764298e-20
0.0006685208246848622	3.109738341460647e-10	-1.646308297535376e-11	9.697575862455752e-20
0.0006897419536444699	3.5202536479324016e-10	-1.8635088520749785e-11	1.2426912398199e-19
0.0007116367135482336	3.9849225751265055e-10	-2.109340170858262e-11	1.5924101089316825e-19
0.0007342264877377173	4.510882428321759e-10	-2.3875720984113432e-11	2.0405065287393133e-19
0.0007575333383346106	5.106210111450309e-10	-2.7024701571993206e-11	2.61464151517829e-19
0.0007815800277875219	5.780045640637692e-10	-3.0588606041615726e-11	3.3502493889811705e-19
0.0008063900411027409	6.542731863703852e-10	-3.4622040060392444e-11	4.2927208806120026e-19
0.0008319876087806837	7.405972506898201e-10	-3.918678445680426e-11	5.500198918053843e-19
0.0008583977304804128	8.383010946955359e-10	-4.4352736161589607e-11	7.047158905727534e-19
0.0008856461994353575	9.488832419352226e-10	-5.0198972229140364e-11	9.028993436383603e-19
0.0009137596276440656	1.0740392727074614e-09	-5.681495298617121e-11	1.1567882982007934e-18
0.0009427654718605993	1.215687691351361e-09	-6.430188243814705e-11	1.4820312949882914e-18
0.0009726920604099544	1.3759991814232824e-09	-7.277424641639929e-11	1.898669838219018e-18
0.001003568620854689	1.557429691196234e-09	-8.236155160482977e-11	2.432370668202352e-18
0.0010354253085397922	1.7627578494823503e-09	-9.321029158346436e-11	3.116003394368715e-18
0.001068293236043655	1.995127276797682e-09	-1.0548616941068678e-10	3.991660182559075e-18
0.0011022045035639237	2.258094430320446e-09	-1.1937661008611247e-10	5.113241231279872e-18
0.0011371922302678996	2.55568270402065e-09	-1.350936005473533e-10	6.549764364539149e-18
0.0011732905866381068	2.8924435989801925e-09	-1.5287689971899828e-10	8.389601319749182e-18
0.0012105348278446213	3.273525884652988e-09	-1.729976666215111e-10	1.0745899910149614e-17
0.0012489613281767493	3.7047537911841427e-09	-1.9576256074082366e-10	1.3763523633481084e-17
0.0012886076165676845	4.192715407662301e-09	-2.215183758455502e-10	1.7627932880486102e-17
0.00132951241324684	4.744862613287988e-09	-2.5065727631855893e-10	2.257655028914955e-17
0.0013717156675556498	5.369624040120564e-09	-2.836227139562926e-10	2.891330417611262e-17
0.0014152585969637724	6.0765327598149285e-09	-3.209161132100533e-10	3.7027237532821876e-17
0.0014601837273238018	6.876370605389653e-09	-3.631044241416887e-10	4.741631752549813e-17
0.0015065349344037997	7.78133128574848e-09	-4.10828655102758e-10	6.071789676242165e-17
0.0015543574867382137	8.805204728973878e-09	-4.6481351150239e-10	7.774768191961912e-17
0.0016036980898390255	9.963585404339031e-09	-5.258782832081361e-10	9.954958207830771e-17
0.0016546049318103184	1.1274107727061957e-08	-5.949491413548582e-10	1.27459469522197e-16
0.0017071277304107984	1.2756712049136033e-08	-6.730730258759209e-10	1.631867296027342e-16
0.0017613177816102469	1.4433945189834832e-08	-7.61433328207183e-10	2.0891855445646073e-16
0.001817228009687316	1.633129996713833e-08	-8.61367599671419e-10	2.674533127584161e-16
0.001874913018917604	1.8477598763596e-08	-9.743875453924007e-10	3.423710871570602e-16
0.001934429146902478	2.0905426805161833e-08	-1.1022015966219371e-09	4.382517182655748e-16
0.0019958345195907447	2.3651621558447036e-08	-1.2467403915473254e-09	5.609535639479121e-16
0.0020591891080468895	2.6757825470908332e-08	-1.4101855364941627e-09	7.17969847178928e-16
0.002124554787021336	3.027111020126057e-08	-1.59500206652563e-09	9.188841444090827e-16
0.002191995395379924	3.4244681526829215e-08	-1.8039750774089566e-09	1.1759525389538709e-15
0.002261576798451625	3.873867528518989e-08	-2.0402510604951454e-09	1.5048475872412337e-15
0.0023333669523553915	4.382105602560641e-08	-2.3073845390480168e-09	1.9256089746103736e-15
0.002407435970368948	4.956863152980154e-08	-2.6093906798687822e-09	2.4638581514574214e-15
0.0024838561914043667	5.6068198032029135e-08	-2.9508046387058087e-09	3.152350078574643e-15
0.002562702250657285	6.34178328483128e-08	-3.3367484930494437e-09	4.0329554136824106e-15
0.0026440511524987668	7.172835323991844e-08	-3.773006722755717e-09	5.1591922382404786e-15
0.002727982345681007	8.112496271559011e-08	-4.266111318936614e-09	6.5994592813914444e-15
0.0028145778009303173	9.17491086532467e-08	-4.823437736280184e-09	8.44116449026104e-15
0.0029039220910031765	1.0376057813103865e-07	-5.4533130551872296e-09	1.079599619736525e-14
0.002996102473283537	1.1733986224056988e-07	-6.1651378898035764e-09	1.3806652195836209e-14
0.003091208975002045	1.3269082295720557e-07	-6.9695237683865095e-09	1.7655428758618578e-14
0.003189334481160418	1.500437009146201e-07	-7.878447925921557e-09	2.2575182125877427e-14
0.0032905748252468328	1.6965850722999659e-07	-8.905427688232193e-09	2.8863315717821134e-14
0.003395028882830932	1.9182884791617693e-07	-1.0065716895040822e-08	3.6899625549458847e-14
0.003502798668129857	2.1688623546862967e-07	-1.1376527109928786e-08	4.716906450483681e-14
0.0036139894336396174	2.452049490076679e-07	-1.2857276701669685e-08	6.02907765820363e-14
0.003728709772929092	2.7720751197845715e-07	-1.452987125815718e-08	7.705512185606508e-14
0.0038470717266970655	3.133708649617208e-07	-1.6419019215762412e-08	9.847088319886463e-14
0.003969190892195888	3.542333207367784e-07	-1.855258705859439e-08	1.2582544400677205e-13
0.004095186536128589	4.004023994882728e-07	-2.0961998969519466e-08	1.6076148691676455e-13
0.004225181711129756	4.525636540952348e-07	-2.3682686404263402e-08	2.0537473064335404e-13
0.004359303375943905	5.114906089379797e-07	-2.6754593718492058e-08	2.623384513167869e-13
0.004497682519418705	5.780559507737713e-07	-3.0222746713213035e-08	3.350620966438597e-13
0.004640454288434204	6.532441271540909e-07	-3.413789178475001e-08	4.278932853168174e-13
0.004787758119892929	7.381655267933901e-07	-3.855721428139889e-08	5.463750037193048e-13
0.004939737876899828	8.3407243748297e-07	-4.354514569015067e-08	6.975730106819592e-13
0.005096541989265013	9.423770008310081e-07	-4.917427041509837e-08	8.90492520566103e-13
0.005258323598466539	1.0646714095853714e-06	-5.552634417704538e-08	1.1366083852861695e-12
0.005425240707214811	1.202750622874958e-06	-6.269343747537881e-08	1.4505395279285784e-12
0.005597456333764649	1.3586379077366018e-06	-7.07792191238277e-08	1.85090666219867e-12
0.005775138671125776	1.53461355216361e-06	-7.990039661814906e-08	2.3614228278639508e-12
0.0059584612513271466	1.7332471360444602e-06	-9.018833203455581e-08	3.012279569841499e-12
0.006147603114895638	1.957433792225852e-06	-1.0179085431304469e-07	3.8419084289694584e-12
0.006342748985714523	2.21043494105083e-06	-1.1487429117180935e-07	4.899218731390613e-12
0.006544089451432579	2.49592403866017e-06	-1.296257465517637e-07	6.246439640930797e-12
0.0067518211495999824	2.8180379427304183e-06	-1.462556524301463e-07	7.962728562536055e-12
0.006966146959712795	3.1814345698435767e-06	-1.6500062709783194e-07	1.0148751129138463e-11
0.007187276201353593	3.5913575970968128e-06	-1.8612667559739965e-07	1.2932492529593933e-11
0.007415424838621762	4.053709047693459e-06	-2.0993277200185463e-07	1.6476628812112196e-11
0.007650815691053101	4.575130697014524e-06	-2.3675486761358598e-07	2.0987873762103335e-11
0.007893678651234729	5.163095343042355e-06	-2.669703740189376e-07	2.672882670194947e-11
0.00814425090932784	5.826009104074054e-06	-3.010031752879747e-07	3.403298499228721e-11
0.008402777184717571	6.5733260385970575e-06	-3.3932922950705284e-07	4.3323759535695933e-11
0.008669509965016222	7.415676528280389e-06	-3.824828263222514e-07	5.513855148452013e-11
0.008944709752653265	8.365011026648631e-06	-4.310635743065449e-07	7.015922528104712e-11
0.009228645319292936	9.434760954652497e-06	-4.857441997979307e-07	8.925066169907262e-11
0.009521593968327935	1.064001872165187e-05	-5.472792474481777e-07	1.1350951297178974e-10
0.009823841805705568	1.199773906803236e-05	-6.16514782134144e-07	1.4432583322117993e-10
0.0101356840193508	1.3526964165664866e-05	-6.943992021806586e-07	1.8346094979117052e-10
0.010457425167459195	1.5249075176705092e-05	-7.819952850936156e-07	2.3314581037071207e-10
0.010789379475941226	1.718807326197193e-05	-8.804935992746781e-07	2.962051314372781e-10
0.011131871145308484	1.9370893349637957e-05	-9.912274285576222e-07	3.7621404097817296e-10
0.011485234667301517	2.1827754325651407e-05	-1.115689370945355e-06	4.776956216734342e-10
0.011849815151568488	2.45925496917693e-05	-1.2555497887116846e-06	6.063699056140763e-10
0.012225968662713766	2.7703283158034687e-05	-1.412677304138806e-06	7.694675548998772e-10
0.012614062568045549	3.120255409683022e-05	-1.58916155366544e-06	9.761248166092644e-10
0.013014475896362196	3.513809828825684e-05	-1.7873384331946198e-06	1.2378805299899729e-09
0.013427599708127668	3.956338993460561e-05	-2.009818088824023e-06	1.5693011918678165e-09
0.0138538374773976	4.453831151828176e-05	-2.259515930379792e-06	1.9887666051391496e-09
0.014293605485868973	5.0129898725945193e-05	-2.5396869699139783e-06	2.5194567561786724e-09
0.01474733322943832	5.6413168365123455e-05	-2.853963813813294e-06	3.1905906744423215e-09
0.01521546383766544	6.347203796140925e-05	-3.2063986653971907e-06	4.0389805953760375e-09
0.015698454506552315	7.140034654779936e-05	-3.6015097248750607e-06	5.110980359444213e-09
0.01619677694505993	8.030298704589566e-05	-4.044332405284328e-06	6.46492635309772e-09
0.016710917835799036	9.029716159452611e-05	-4.54047581651848e-06	8.17419331266835e-09
0.017241379310344827	0.00010151377220757049	-5.096185004722848e-06	1.0331017049412872e-08
0.0177886794396397	0.00011409896024176551	-5.718409471098598e-06	1.3051272935131138e-08
0.018353352739963087	0.00012821580932895224	-6.414878532384273e-06	1.6480444428463482e-08
0.018935950694962515	0.00014404622767697547	-7.1941841248057e-06	2.080107199318866e-08
0.019537042294255628	0.00016179302696991743	-8.065871693871551e-06	2.624204186227043e-08
0.020157214589129384	0.00018168221650132613	-9.040539853755715e-06	3.309015915368209e-08
0.020797073265878974	0.0002039655326523284	-1.0129949541791264e-05	4.170455438786728e-08
0.021457243237346473	0.00022892322537747711	-1.1347143435370023e-05	5.2534600781370045e-08
0.02213836925323692	0.00025686712498086494	-1.2706576439775158e-05	6.614217698075514e-08
0.022841116529808025	0.000288144014147692	-1.4224258095555568e-05	8.322930240751432e-08
0.023566171399548207	0.00032313933193432265	-1.5917907792258343e-05	1.0467240763144319e-07
0.024314241981477767	0.0003622812382027838	-1.7807123710834068e-05	1.3156478920859513e-07
0.025086058872727607	0.0004060450688008189	-1.9913566448860376e-05	1.652691480261749e-07
0.025882375862071084	0.0004549582136201653	-2.226115830980176e-05	2.07482535309746e-07
0.026703970666105744	0.0005096054514942951	-2.4876299258608058e-05	2.603165464575082e-07
0.02755164568880402	0.000570634777699222	-2.778810055967332e-05	3.26396228052555e-07
0.028426228805174623	0.0006387637615694929	-3.102863711800056e-05	4.089819194158085e-07
0.02932857416980001	0.0007147864734036632	-3.4633219538658125e-05	5.121191624564585e-07
0.03025956305103963	0.0007995810213715233	-3.8640686901419096e-05	6.408229124217419e-07
0.03122010469171357	0.0008941177405052745	-4.309372121483092e-05	8.013036026943991e-07
0.03221113719710728	0.000999468077008457	-4.803918446468761e-05	1.0012442002030152e-06
0.033233628451164565	0.0011168142119923135	-5.35284791036203e-05	1.250139282183159e-06
0.03428857706176365	0.0012474594692844544	-5.961793273877092e-05	1.5597094254114974e-06
0.0353770133359996	0.0013928395520759254	-6.636920766058111e-05	1.944406889552558e-06
0.03650000028642543	0.001554534652798163	-7.384973571476537e-05	2.422031770215446e-06
0.03765863466923479	0.0017342824796596282	-8.213317884851657e-05	3.014481578322111e-06
0.03885404805540015	0.0019339922416223173	-9.129991545771714e-05	3.7486616652179017e-06
0.04008740793581243	0.0021557596311499866	-0.0001014375524210102	4.657589164337091e-06
0.041359918861501685	0.002401882840691713	-0.0001126414624254442	5.781729279466636e-06
0.04267282362005216	0.002674879644445071	-0.0001250153458632379	7.170609948967893e-06
0.044027404449360805	0.0029775055713312667	-0.00013867181620599563	8.884769299918604e-06
0.04542498428992468	0.003312773188159173	-0.00015373300733713817	1.099810003373121e-05
0.04686692807688009	0.00368397250349656	-0.0001703312008408399	1.3600666124498595e-05
0.04835464407305563	0.004094692492637786	-0.00018860947070151136	1.680208014170255e-05
0.049889585244340715	0.004548843732085046	-0.00020872234225668087	2.073554431508652e-05
0.051473250678713035	0.005050682117969049	-0.00023083646156256743	2.5562675328759047e-05
0.05310718705031088	0.005604833626649132	-0.00025513127057005114	3.147925194763955e-05
0.05479299012997997	0.006216320057180892	-0.00028179968266337	3.872204611445862e-05
0.05653230634377023	0.006890585674260096	-0.00031104875217903105	4.7576922260550596e-05
0.05832683438090464	0.007633524646499181	-0.0003431003304927991	5.838841636549471e-05
0.06017832685279037	0.008451509148345806	-0.0003781917001337068	7.157103584662287e-05
0.06208859200469268	0.009351417964522936	-0.00041657617715261375	8.762255365857338e-05
0.06405949548174317	0.01034066540351184	-0.0004585236706378616	0.00010713960494392188
0.06609296215100707	0.011427230291323464	-0.0005043211868339584	0.00013083593199043013
0.06819097798138926	0.012619684778688635	-0.0005542732637871318	0.00015956366276441485
0.07035559198321481	0.013927222654004723	-0.0006087023208257191	0.00019433804936960097
0.07258891820937861	0.01535968681116322	-0.0006679489055025492	0.00023636613467738343
0.07489313782001797	0.01692759547611911	-0.0007323718189083827	0.00028707985708425934
0.07727050121272525	0.018642166749241705	-0.0008023480985484093	0.00034817414357777725
0.0797233302203807	0.020515340972737803	-0.0008782728363083722	0.00042165057840269166
0.08225402037875176	0.022559800384534628	-0.0009605588074876365	0.0005098672666126908
0.08486504326607398	0.024788985472872435	-0.001049635885522956	0.0006155955362664582
0.08755894891689796	0.027217107400549275	-0.0011459502159638737	0.0007420841371505018
0.09033836831256016	0.029859155825480144	-0.0012499631225987573	0.0008931315944181616
0.09320601595070976	0.032730901406288565	-0.0013621497184930205	0.0010731673587237732
0.09616469249640103	0.03584889224942982	-0.0014829971952220926	0.001287342356192266
0.09921728751734017	0.0392304435292765	-0.0016130027649006254	0.0015416294774233297
0.1023667823059587	0.04289361949608484	-0.001752671231864399	0.0018429344499219145
0.1056162527910687	0.046857207080121845	-0.00190251217418032	0.002199217407922325
0.1089688725419438	0.05114068030462479	-0.0020630367196497225	0.0026196253025264613
0.1124279158677605	0.05576415473659008	-0.002234753906704206	0.003114635078509891
0.1159967610154257	0.06074833123322608	-0.002418166627597619	0.003696207277460578
0.1196788934689144	0.06611442828341692	-0.0026137671595371	0.0043779494060073535
0.1234779093533398	0.07188410229742193	-0.0028220322987601884	0.005175288029401466
0.1273975189470801	0.07807935526345225	-0.0030434181228573016	0.006105648112226925
0.131441550305392	0.08472242926537131	-0.003278354417568337	0.007188637628313035
0.1356139529990498	0.09183568743972813	-0.0035272388154607144	0.008446234901188732
0.1399188019716628	0.09944148104042472	-0.003790430704842619	0.009902975516441363
0.1443603015194356	0.1075620023730843	-0.00406824497741748	0.011586134971703676
0.1489427893972603	0.1162191234561531	-0.0043609456919232	0.013525902504244458
0.1536707410551506	0.1254342203597415	-0.00466873973767452	0.01575554076799433
0.1585487740091533	0.1352279832646225	-0.0049917705859063456	0.01831152523139934
0.163581652351009	0.1456202123720902	-0.00533011221753228	0.021233656347544136
0.1687742914009637	0.1566295998814066	-0.005683763312940432	0.024565136724407053
0.1741317625082767	0.1682734983379918	-0.006052641782484144	0.0283526047154532
0.1796592980041139	0.1805676757471499	-0.00643657970536571	0.03264611508303139
0.1853622963116612	0.1935260579521409	-0.006835318729925391	0.03749905668863507
0.1912463272184517	0.2071604589014049	-0.007248505970537312	0.04296799657104558
0.1973171373160538	0.2214802995895861	-0.007675690416330935	0.04911243932966016
0.2035806556124337	0.2364923166644128	-0.008116319846103379	0.055994490489145156
0.2100429993224736	0.25220026196131	-0.008569738223680278	0.0636784125465758
0.2167104798423007	0.2686045945747577	-0.009035183530485791	0.07223006276809953
0.2235896089132609	0.2857021675134504	-0.009511785979209136	0.08171620259439795
0.2306871049815595	0.303485911525815	-0.009998566546231344	0.09220366982763423
0.2380098997597774	0.3219445193290308	-0.010494435762778644	0.10375840670797976
0.2455651449966727	0.3410621342269767	-0.010998192717138738	0.11644433964650358
0.2533602194618783	0.3608180479500821	-0.011508524243721148	0.13032210985677606
0.2614027361523187	0.3811864134715938	-0.01202400430954548	0.14544765849497285
0.2697005497273822	0.4021359795167377	-0.012543093654282597	0.16187067522030618
0.2782617641801105	0.423629854437133	-0.01306413979459924	0.17963292531899935
0.287094740751899	0.4456253080132983	-0.01358537756450693	0.1987664776255172
0.2962081060984357	0.4680736205023995	-0.01410493042681452	0.21929186327256955
0.3056107607148559	0.4909199887872378	-0.014620812851737363	0.24121620355930723
0.3153118876283382	0.5141034997211725	-0.0151309341116648	0.2645313535926492
0.3253209613666359	0.537557180619494	-0.01563310387967713	0.28921211637249206
0.3356477572112968	0.5612081362439741	-0.016125040037706474	0.31521458910265265
0.3463023607446149	0.5849777805027953	-0.01660437909247522	0.3424747090870231
0.3572951776996325	0.6087821694048423	-0.017068689558756837	0.37090706994851935
0.3686369441228162	0.6325324395557677	-0.017515488597420248	0.40040407943117723
0.3803387368593307	0.6561353536925949	-0.01794226208907415	0.43083552713417966
0.3924119843711504	0.6794939514919013	-0.0183464881849604	0.4620486237427992
0.4048684778985754	0.7025083002657474	-0.018725664209686747	0.49386856244236343
0.4177203829760513	0.7250763363318283	-0.01907733660309665	0.5260996382802545
0.4309802513135413	0.7470947839976787	-0.019399133391302507	0.5585269426528717
0.4446610330550527	0.7684601354472345	-0.019688798482043583	0.5909186285572485
0.4587760894262912	0.7890696715890608	-0.01994422690076117	0.6230287188083373
0.4733392057837947	0.8088225013441281	-0.02016349993509228	0.6546004054102046
0.4883646050782914	0.8276205951226585	-0.020344919049996125	0.6853697652023344
0.50386696174543	0.8453697875321351	-0.02048703738449535	0.7150697963729209
0.51986141603745	0.8619807247874328	-0.02058868765190659	0.7434346639642958
0.5363635888097873	0.8773697339047632	-0.0206490053425696	0.7702040313937525
0.5533895967770575	0.8914595935278165	-0.020667446270201024	0.7951273502281114
0.5709560682533156	0.9041801900469792	-0.02064379770504956	0.8179679824570785
0.5890801593919662	0.9154690473454924	-0.02057818258870157	0.8385070382463173
0.6077795709411817	0.9252717237911467	-0.02047105661195799	0.8565468270062502
0.6270725655311973	0.9335420756789696	-0.02032319824239488	0.8719138394497987
0.6469779855103621	0.940242391885904	-0.02013569209252325	0.8844612015953707
0.6675152713473659	0.9453434096796524	-0.019909906303614812	0.8940705665937697
0.6887044806176195	0.9488242260969868	-0.019647464867057048	0.9006534349042481
0.7105663075923224	0.9506721227970149	-0.019350215998044085	0.9041519159225535
0.7331221034493584	0.9508823245740154	-0.019020197805000208	0.9045389631118246
0.7563938971257506	0.9494577126536266	-0.018659602554640477	0.9018181288849536
0.7804044168320476	0.9464085134514488	-0.01827074081570782	0.8960228943033359
0.8051771122496469	0.9417519817045212	-0.01785600667747213	0.8872156320188588
0.8307361774327382	0.9355120939476532	-0.01741784509051025	0.8754862592499197
0.8571065744372323	0.9277192644347054	-0.016958722179621664	0.8609506318612364
0.8843140576997534	0.918410091100238	-0.016481099147573168	0.8437487220638595
0.9123851991905017	0.9076271343582956	-0.015987410141012806	0.8240426123064685
0.9413474143645558	0.895418726792234	-0.01548004420393114	0.802014328058781
0.9712289889369564	0.8818388074333122	-0.014961331215833134	0.7778635237271563
1.002059106507724	0.8669467706469924	-0.014433531515058932	0.7518050299672452
1.0338678770637852	0.8508073168632454	-0.013898828753264172	0.7240662678687474
1.0666863663856532	0.833490290649716	-0.013359325420511058	0.6948845361830391
1.1005466263875705	0.8150704909987176	-0.012817040423759396	0.664504181822115
1.1354817264207535	0.7956274391497132	-0.012273908093413903	0.6331736707478162
1.171525785570312	0.7752450907279889	-0.011731778025528211	0.601142585313488
1.2087140059773769	0.7540114812913669	-0.011192415234597866	0.5686585840779849
1.2470827072189894	0.7320182968744479	-0.010657500181517112	0.5359643692690863
1.286669361779326	0.7093603676983653	-0.010128628362766567	0.5032947203736711
1.3275126316468977	0.6861350786768806	-0.009607309210067872	0.470873646581187
1.3696524060734712	0.6624417059813672	-0.009094964233356186	0.4389117321979102
1.413129840531588	0.6383806832857722	-0.00859292437408259	0.40760373514170817
1.4579873969087245	0.6140528088394531	-0.008102426652668263	0.3771265013612838
1.5042688849773538	0.589558406981004	-0.007624610259846675	0.3476372499235938
1.5520195051814103	0.5649964603903949	-0.007160512297407436	0.3192722731900363
1.60128589278094	0.5404637314574711	-0.006711063412335655	0.29214608339305775
1.6521161633980497	0.5160538925481876	-0.006277083591554691	0.2663510217925517
1.7045599600086478	0.491856685593727	-0.005859278391942942	0.24195733030652072
1.7586685014258567	0.4679571312642992	-0.0054582358729737615	0.2190136690399576
1.814494632322454	0.4444348070035446	-0.005074424478177558	0.19754804746006266
1.8720928748412	0.4213632114262972	-0.004708192079055277	0.1775691230161357
1.931519481843451	0.3988092300449111	-0.004359766349463993	0.1590678095316367
1.992832491848063	0.3768327141659544	-0.004029256586876754	0.14201912937432276
2.056091785714248	0.3554861811472329	-0.003716657036456251	0.12638423852616992
2.121359145123733	0.3348146402905622	-0.0034218517127998266	0.11211255242204295
2.188698312919344	0.3148555446014124	-0.003144620652575728	0.09914390260530061
2.258175055358941	0.2956388646982532	-0.002884647473199807	0.08741065951111669
2.3298572263455086	0.2771872775165989	-0.0026415280634677868	0.07683976448757408
2.403814833696124	0.2595164592340238	-0.002414780190476089	0.06735462377673304
2.4801201075145274	0.2426354692578422	-0.00220385377964536	0.05887682791345535
2.558847570734079	0.2265472101690744	-0.002008141607743561	0.05132767106810751
2.64007411189998	0.2112489473328268	-0.0018269901465693364	0.044629455642223086
2.723879060261853	0.1967328713979247	-0.001659710303506343	0.03870657732676394
2.810344263250017	0.182986687126874	-0.001505587825103913	0.03348639446036757
2.899554166411128	0.1699942128070579	-0.001363893157813458	0.02889989259243722
2.9915958958812374	0.157735975827072	-0.0012338905947585723	0.024882160556118475
3.0865593434768392	0.1461897917125057	-0.0011148465753707197	0.02137269808383242
3.184537254486987	0.1353313158959781	-0.0010060370442289406	0.018315577172671377
3.2856253182522406	0.1251345596276333	-0.0009067538144795628	0.01565948021568179
3.3899222616188918	0.1155723635802964	-0.0008163099170938134	0.013357637585416969
3.4975299453597395	0.106616824791951	-0.0007340439494439979	0.011367686149237295
3.608553463655608	0.09823967452985538	-0.0006593234641792517	0.009651468359162333
3.7231012467347258	0.09041260637354064	-0.0005915474606634555	0.008174789319655018
3.841285166770244	0.08310755530518243	-0.0005301480579372903	0.006907146805767292
3.9632206471392895	0.07629692978086806	-0.00047459143836098256	0.005821446731020078
4.089026775150289	0.06995379969736865	-0.0004243781572234501	0.004893714188919902
4.218826418348628	0.06405204382349826	-0.0003790429147516528	0.004102807991498565
4.352746344514248	0.05856646068750013	-0.0003381538846533362	0.003430144665510204
4.490917345468393	0.05347284712550468	-0.00030131168838782945	0.0028594361684411533
4.633474364810384	0.04874804872224761	-0.0002681480969599021	0.00237644415762853
4.780556629709206	0.04436998627738711	-0.00023832453371166543	0.0019687524808388894
4.932307786878602	0.04031766221185297	-0.00021153044213980288	0.0016255586313570288
5.088876042868488	0.036571150555597	-0.00018748157360717687	0.001337484202300585
5.250414308809682	0.03311157382522737	-0.00016591824053025346	0.001096403850046023
5.417080349753348	0.029921069762457144	-0.00014660357221464031	0.0008952919083372133
5.589036938750951	0.02698275055087599	-0.00012932180262739885	0.0007280855514194334
5.76645201582526	0.02428065679708159	-0.00011387661264528222	0.000589563262380572
5.949498851987623	0.02179970824357464	-0.00010008954338964866	0.0004752372974216721
6.138356218461708	0.019525652883997473	-8.779849217347045e-05	0.0003812588291215868
6.3332085612789895	0.017445015889035416	-7.685629859137673e-05	0.00030433448625933127
6.534246181416475	0.015545049500770907	-6.712942478816768e-05	0.00024165307034109022
6.741665420652633	0.013813684840656362	-5.849673138763015e-05	0.00019082131074456241
6.95566885332302	0.012239486372388092	-5.084834837049238e-05	0.0001498076122144058
7.176465484162868	0.010811609586983732	-4.40846386648866e-05	0.00011689284531672476
7.404270952429894	0.009519762312288937	-3.81152509680772e-05	9.062732725483316e-05
7.639307742506646	0.008354169905906185	-3.28582574891727e-05	6.979323448183378e-05
7.8818054011880845	0.0073055444555206435	-2.8239371668832333e-05	5.3371777253700666e-05
8.132000761866626	0.006365057992889121	-2.419124057951988e-05	4.051454846896246e-05
8.390138175833572	0.0055243196197659146	-2.0652806496261628e-05	3.051853379974679e-05
8.656469750922833	0.004775356346846456	-1.7568732023925673e-05	2.2804336899711657e-05
8.931255597730033	0.0041105973662720376	-1.4888883247346247e-05	1.6897232386446963e-05
9.214764083647422	0.00352286140266898	-1.2567865433612186e-05	1.241071041365641e-05
9.507272094962737	0.0030053467333842256	-1.0564606049807808e-05	9.032220598764222e-06
9.809065307277985	0.0025516234203549195	-8.841980053684833e-06	6.510860259915009e-06
10.12043846451222	0.002155627266954697	-7.36647270655072e-06	4.6467831789587124e-06
10.441695666760824	0.001811654998091312	-6.107875477192184e-06	3.282131138252077e-06
10.773150667292429	0.0015143601593159432	-5.039010907991008e-06	2.29331208375434e-06
11.115127178973523	0.0012587492484510572	-4.1354826972699205e-06	1.5844667726932408e-06
11.46795919042003	0.001040177621173927	-3.37544759615258e-06	1.0819808772375239e-06
11.831991292184613	0.000854344757703649	-2.7394061058261773e-06	7.299124693615194e-07
12.207579013298265	0.0006972885338169925	-2.2100093333876534e-06	4.862161835339047e-07
12.595089168494887	0.0005653782077172551	-1.7718797453141093e-06	3.1965565731940756e-07
12.994900216457951	0.00045530590934759834	-1.411443919954534e-06	2.073054632607826e-07
13.407402629439156	0.0003640765006334107	-1.1167757614634582e-06	1.3255294550157132e-07
13.832999274609982	0.0002889957569569257	-8.774489602381058e-07	8.351931745578428e-08
14.272105807518718	0.0002276569025499948	-6.843977965313864e-07	5.1828133679001726e-08
14.725151078037095	0.0001779256081033963	-5.297856472530981e-07	3.16578026917954e-08
15.19257754919308	0.0001379236278491	-4.068807909634368e-07	1.902309267103509e-08
15.674841729298832	0.00010601131059094048	-3.09939292941221e-07	1.123849403557416e-08
16.172414617795905	8.076926379399443e-05	-2.340948970684325e-07	6.523728774244693e-09
16.685782165253045	6.097947979418289e-05	-1.7525595120047637e-07	3.718527670617591e-09
17.215445747965934	4.5606247940637134e-05	-1.3000944943588154e-07	2.0799467536798116e-09
17.761922657622307	3.377717612501169e-05	-9.553229172878536e-08	1.1409067533988226e-09
18.32574660651076	2.4764630608419465e-05	-6.950984338672912e-08	6.13291760789794e-10
18.907468248766527	1.796787597925196e-05	-5.0061830308768e-08	3.2284707339263346e-10
19.507655718163473	1.2896159714993824e-05	-3.567553741337642e-08	1.6631220813859933e-10
20.12689518297733	9.152940866317354e-06	-2.5146195116054543e-08	8.37769588334311e-11
20.765791418462307	6.4214127442594925e-06	-1.7524349491011114e-08	4.123484873496331e-11
21.424968397499928	4.451418162760038e-06	-1.2069923111872049e-08	1.981526934279388e-11
22.10506989999716	3.047805522449563e-06	-8.212591553986313e-09	9.289185949334085e-12
22.80676014162892	2.0602273489257264e-06	-5.518030659036119e-09	4.244567177923881e-12
23.530724422538935	1.3743417185030444e-06	-3.6595352989026094e-09	1.8888285514165053e-12
24.277669796632683	9.043429459647712e-07	-2.3944737602415435e-09	8.178418974208295e-13
25.048325762115848	5.867214310113327e-07	-1.545024266622555e-09	3.4424442470797054e-13
25.84344497395297	3.751342686909911e-07	-9.826406419644969e-10	1.4072668512895592e-13
26.663803978941793	2.3625853421303874e-07	-6.157089337558589e-10	5.58184740859847e-14
27.510203974121534	1.4649350076277657e-07	-3.7989028807529053e-10	2.1460490082364593e-14
28.38347158925551	8.93826999381509e-08	-2.3068505671179726e-10	7.98932026382891e-15
29.28445969415245	5.3638130729920526e-08	-1.3779209351414107e-10	2.87706805486108e-15
30.214048231614974	3.1641171385088247e-08	-8.091491986019035e-11	1.0011702738447832e-15
31.173145076828675	1.8333850457882088e-08	-4.66902594359037e-11	3.361322525923095e-16
32.1626869240311	1.0435926051776296e-08	-2.64487183595722e-11	1.0890925209284606e-16
33.183640201326675	5.835717148717471e-09	-1.4699360872166472e-11	3.4055810711045214e-17
34.23700201454099	3.1875998180809998e-09	-8.027457826372653e-12	1.0160857040309178e-17
35.32380112103617	1.7271359575861963e-09	-4.248842437741543e-12	2.9830166686492478e-18
36.44509893443848	9.385225992328572e-10	-2.2037873847549122e-12	8.808295259496353e-19
37.60199056125947	4.823362167346942e-10	-1.0779473001255288e-12	2.326493879443198e-19
38.79560587042294	2.3218750462905864e-10	-5.189033811977787e-13	5.3911306566588146e-20
40.02711059674236	1.0920661193817891e-10	-2.440599905425864e-13	1.1926143656294984e-20
41.29770747942641	5.0148760482978447e-11	-1.1207477085844152e-13	2.5149107387334038e-21
42.60863743672457	2.2466869289122016e-11	-5.0209999274848645e-14	5.047627366985212e-22
