r	P
0.000257966744911749	1.308764693444177e-07
0.00027460417054363376	1.5780503684676142e-07
0.000292314617939433	1.902694808081625e-07
0.0003111672910572175	2.2940647781312955e-07
0.0003312358571268888	2.765857093409648e-07
0.0003525987345064809	3.3345751500611003e-07
0.0003753393991035984	4.020102605411498e-07
0.00039954671055933937	4.84639392163659e-07
0.00042531525946927463	5.842305466455897e-07
0.0004527457369982545	7.04259563563765e-07
0.0004819453283333244	8.489128185596819e-07
0.0005130281315121724	1.0232319827091256e-06
0.0005461156032636903	1.233288135643678e-06
0.0005813370336027824	1.4863911455136525e-06
0.0006188300510339074	1.7913414089588891e-06
0.0006587411603374505	2.1587324567081197e-06
0.0007012263150403372	2.601314620131656e-06
0.0007464515268078281	3.134431974311691e-06
0.0007945935141377091	3.776547187173423e-06
0.0008458403928916611	4.5498717868154574e-06
0.0009003924113620784	5.481122798975617e-06
0.0009584627327466224	6.602430808223278e-06
0.0010202782680880486	7.952429383424844e-06
0.0010860805629340385	9.577561625639089e-06
0.0011561267411816733	1.1533646515699993e-05
0.001230690509794653	1.388775595970754e-05
0.001310063228319204	1.6720463187960137e-05
0.0013945550473778352	2.0128534730260265e-05
0.0014844961205896384	2.4228151886687823e-05
0.0015802378946527286	2.9158763807750088e-05
0.0016821544826298538	3.50876934191636e-05
0.0017906441258033182	4.221563996751608e-05
0.0019061307498114465	5.0783248489596736e-05
0.0020290656211472287	6.107894766661546e-05
0.0021599291104919503	7.344829404908386e-05
0.002299232569774062	8.830510335768403e-05
0.00244752033028796	0.00010614469940899718
0.0026053718296803418	0.00012755966921490952
0.0027734038761154088	0.00015325858009664563
0.0029522730584661664	0.00018408819247301176
0.003142678311949716	0.0002210597916487369
0.0033453636492318047	0.0002653803648297977
0.003561121067672485	0.0003184894671476463
0.003790793644073012	0.00038210275408487814
0.004035278829016761	0.00045826330867317647
0.00429553195367689	0.0005494020613036772
0.0045725699627936585	0.0006584087887503161
0.004867475388408092	0.0007887153873566803
0.005181400579879469	0.0009443933428402653
0.005515572206715479	0.0011302675643544723
0.005871296051809977	0.0013520490104334789
0.006249962113818027	0.0016164888044528966
0.0066530500386058405	0.0019315568100152017
0.007082134900999168	0.0023066479017601733
0.007538893359422399	0.002752819409990516
0.008025110207477789	0.003283063418585053
0.00854268534806526	0.003912617729053159
0.009093641217294257	0.004659319335715504
0.009680130687196793	0.005544004145143871
0.010304445478121716	0.006590956363579862
0.01096902511368176	0.007828410402933477
0.011676466453245077	0.009289107238727232
0.012429533839219657	0.011010905795812482
0.013231169898781347	0.01303744802676614
0.01408450704225352	0.015418873753212143
0.01499287970306844	0.01821257791495899
0.0159598373671384	0.02148399845463708
0.016989158442549022	0.02530741748572419
0.018084865023771005	0.02976675147689824
0.01925123860808164	0.03495629777286399
0.020492836825608467	0.04098139472498916
0.02181451124836807	0.04795894093709968
0.023221426347889127	0.05601770563365772
0.024719079675497163	0.06529834703481886
0.02631332334411581	0.07595303913900797
0.02801038689552524	0.08814458993978398
0.02981690164243204	0.1020449165728508
0.031739926580467724	0.117832726251625
0.03378697597136758	0.1356902375267758
0.03596604870511164	0.1557987662327964
0.0382856595557612	0.1783329967445079
0.0407548724531234	0.203453764593933
0.04338333590025396	0.2312991942621317
0.04618132067519259	0.2619740696059531
0.04915975996425129	0.2955373677212088
0.05233029208367752	0.3319879639996874
0.05570530595662785	0.3712486204771335
0.05929798952315436	0.4131485045421878
0.0631223812723671	0.4574046528717102
0.06719342509813525	0.5036029964372164
0.0715270286926772	0.5511797940722026
0.07614012570621363	0.5994045776497546
0.08105074191557367	0.6473659788224417
0.08627806566030968	0.6939620655279753
0.09184252282155089	0.7378970374586657
0.09776585663657797	0.777686276088483
0.104071212660995	0.8116717723088915
0.1107832292104914	0.8380498162372284
0.1179281336355952	0.8549124868741518
0.125533844805616	0.8603038956093336
0.1336300822022327	0.8522913127538573
0.1422484820490148	0.8290502673609332
0.1514227209306528	0.788961517166647
0.1611886473849453	0.7307165218647783
0.171584421981739	0.6534268116605386
0.1826506664361849	0.5567315043620757
0.1944306223389731	0.4408962410376962
0.2069703201237879	0.3068960099213587
0.2203187589322277	0.1564737397621817
0.2345280980790161	-0.007833752709532899
0.2496538608656569	-0.1827106960079558
0.265755151538942	-0.364125440376824
0.2828948862420798	-0.5474467746425504
0.3011400388608921	-0.727614866733768
0.3205619027257286	-0.8993628484747525
0.3412363691917039	-1.0574784236385228
0.3632442241858177	-1.1970879128744616
0.3866714638797196	-1.3139393067070648
0.4116096307216188	-1.4046577724488296
0.4381561711403895	-1.4669478751772478
0.46641481631961	-1.4997218761497004
0.496495987529416	-1.5031420889619689
0.528517227600014	-1.4785756582739813
0.5626036602228441	-1.428470094984601
0.5988884788741236	-1.356165539854847
0.6375134672712502	-1.265663965219834
0.6786295533957579	-1.1613763568785556
0.7223973992476859	-1.0478672067937729
0.7689880286358342	-0.9296126328724346
0.8185834954570139	-0.8107852095727951
0.8713775950756039	-0.695075710739095
0.9275766215831506	-0.5855594201063617
0.987400173897012	-0.4846120661358852
1.0510820138479002	-0.3938773677307416
1.1188709796093146	-0.3142844992398002
1.1910319580381128	-0.2461097808265584
1.2678469197256592	-0.1890731991919798
1.3496160208040404	-0.1424576911405307
1.4366587758126717	-0.1052380292396666
1.5293153062083042	-0.07620681483794049
1.6279476693970094	-0.054087277554953815
1.7329412734813598	-0.03762576424207272
1.8447063832509665	-0.025660315363517344
1.9636797233010583	-0.01716497561492579
2.0903261845433323	-0.011272053513504568
2.225140640777288	-0.007276237140396138
2.3686498824203586	-0.004625287556620673
2.521414674952911	-0.0029020950206163367
2.6840319501215486	-0.0018023890766108704
2.8571371384628854	-0.0011115515098736514
3.0414066522621703	-0.0006829866351599596
3.2375605286489977	-0.00041952041641897785
3.4463652431580334	-0.0002584505252695522
3.668636704748828	-0.000160227446339356
3.9052434439878025	-0.00010033679406976026
4.1571100068503135	-6.375686610691015e-05
4.425220567404144	-4.133523073753871e-05
4.710622773491057	-2.750340630901033e-05
5.014431840433509	-1.8872488649969563e-05
5.337834908762754	-1.33821242895953e-05
5.682095682996269	-9.785576924812721e-06
6.048559369590619	-7.33555761646671e-06
6.438657933364915	-5.590197307643661e-06
6.853915692934468	-4.2921450836691655e-06
7.2959552770189005	-3.2932164755319628e-06
7.766503964899138	-2.5079421584101435e-06
8.267400435798717	-1.8855694641520407e-06
8.800601953562829	-1.3937555820630717e-06
9.36819201470932	-1.009519239412356e-06
9.97238848973661	-7.145577966153256e-07
10.615552289500863	-4.930748863396794e-07
11.300196590526465	-3.309598872326407e-07
12.02899665529791	-2.1561883351317133e-07
12.804800285906088	-1.3605170627021246e-07
13.630638951896854	-8.295791933110038e-08
14.50973963580414	-4.876828448483812e-08
15.445537442654343	-2.7572749563381863e-08
16.441689022713877	-1.4954182713143513e-08
17.50208685992952	-7.758815239248204e-09
18.630874481894047	-3.839860067819529e-09
19.83246265077036	-1.8070953841848267e-09
21.111546598440448	-8.060587318986032e-10
22.47312437322605	-3.3958912741237697e-10
23.922516369871012	-1.3464103154297127e-10
25.46538611909948	-4.9931282143835386e-11
27.107762417985168	-1.793421067470926e-11
