r	P
0.00027336774460797283	0.0001132490524840338
0.0002909984493820596	0.00012825217293496556
0.00030976623692089165	0.00014523735249308693
0.00032974444276212604	0.00016446530037120334
0.0003510111321792404	0.00018623078330115027
0.00037364940522328574	0.00021086702624040812
0.0003977477214381416	0.0002387506717274273
0.000423400245518106	0.00027030736673286045
0.00045070721525848503	0.0003060180539065097
0.00047977533323695625	0.0003464260530214657
0.0005107181837562094	0.0003921450282375821
0.0005436566766770781	0.000443867947616178
0.0005787195198764479	0.0005023771531861516
0.0006160437221760829	0.0005685556728552535
0.0006557751287075734	0.0006433999196407083
0.0006980689908053579	0.0007280339391137505
0.0007430905726546859	0.0008237253826534811
0.0007910157970650118	0.0009319034021094057
0.0008420319328921994	0.0010541786807774765
0.000896338326795641	0.0011923658361675154
0.0009541471821896653	0.0013485084518045504
0.001015684388432988	0.0015249070181326727
0.0010811904034962903	0.0017241500862788903
0.001150921193556966	0.0019491489627011928
0.0012251492331925194	0.002203176297197851
0.0013041645700809011	0.0024899089408698567
0.001388275958368112	0.0028134754737197767
0.0014778120651317355	0.003178508822755987
0.0015731227546546915	0.003590204409631793
0.0016745804555275184	0.0040543842805795885
0.0017825816159211885	0.00457756767895682
0.0018975482527169487	0.005167048519955392
0.0020199296005464582	0.005830980215317333
0.0021502038671858694	0.006578468270069193
0.0022888801021631114	0.007419671029512359
0.002436500185879976	0.008365908888417773
0.0025936409470215687	0.009429782180149959
0.0027609164165269297	0.010625297834898672
0.002938980226928269	0.011968004725851496
0.003128528166434296	0.013475137401316784
0.0033303008977377583	0.015165767619501495
0.0035450868521710167	0.017060962749437927
0.003773725310518604	0.01918394966351041
0.004017109682525132	0.021560282209686765
0.004276190997913285	0.024218009698908225
0.004551981622553124	0.027187843057696472
0.004845559214303728	0.030503314359219044
0.005158070933984694	0.0342009243382454
0.005490737927931975	0.038320271196698494
0.005844860099653716	0.04290415249735733
0.006221821189231469	0.04799863020570412
0.006623094180314625	0.0536530469589319
0.00705024705583604	0.059919979406664416
0.007504948924939416	0.06685511197736795
0.007988976545059555	0.07451701168577422
0.008504221264640642	0.08296678163251837
0.009052696413621395	0.09226756769975517
0.009636545170565553	0.1024838896832458
0.010258048937178688	0.1136807648221062
0.010919636252934952	0.1259225885322536
0.011623892284647832	0.1392717343082333
0.012373568928065678	0.1537868324797385
0.013171595560964111	0.1695206861131126
0.01402109048975337	0.1865177822347136
0.014925373134328358	0.2048113582133996
0.01588797699877402	0.2244199871636374
0.016912663478609348	0.2453436533122198
0.0180034365585221	0.2675592992053019
0.01916455845802599	0.2910158423045687
0.020400566286176064	0.3156286798858905
0.021716289770420914	0.3412737291927533
0.023116870128867657	0.3677810854580105
0.02460778015970341	0.3949284245165336
0.02619484562627311	0.4224343298714802
0.027884268021376453	0.4499517864356629
0.0296826487997357	0.4770621543504422
0.03159701517332351	0.5032700150881628
0.0336348475703464	0.5279993662269405
0.03580410886518057	0.5505917273140909
0.03811327549347652	0.5703068020504237
0.0405713705740156	0.586326414869406
0.0431879991667427	0.5977624942784215
0.045973385804746726	0.6036699006980186
0.04893841444684587	0.6030648809592631
0.05209467100689316	0.5949498617700554
0.055454488625986634	0.578345156235687
0.059030995864486235	0.5523279368032167
0.06283816800214866	0.5160785117022292
0.06689088164683678	0.4689335193876276
0.0712049728651881	0.4104451202196152
0.07579729906238926	0.3404446169559091
0.08068580485285323	0.2591081859441923
0.08588959217919001	0.1670215737671943
0.0914289949534625	0.06523975310550749
0.09732565851238972	-0.044663295946057405
0.1036026241969706	-0.1605602127891769
0.1102844193870246	-0.2797572770614067
0.117397153342461	-0.3990088730955397
0.12496861922578	-0.5145649813074623
0.1330284027044587	-0.6222561596982819
0.1416079975575899	-0.7176186351642198
0.1507409287385082	-0.7960595707446275
0.1604628833742739	-0.8530594294880984
0.1708118502138973	-0.8844048416303104
0.181828268070201	-0.8864418005283579
0.1935551838353601	-0.8563356915169154
0.2060384206875685	-0.7923218890148043
0.2193267571461036	-0.693928655832573
0.2334721176744503	-0.5621529852284701
0.2485297755762708	-0.3995699678450206
0.2645585689770394	-0.2103574559442775
0.2816211307352967	-0.00022062027604970505
0.2997841331819055	0.2237940076666666
0.3191185486436319	0.4535977173645134
0.3396999267690556	0.6804641643254588
0.3616086897404624	0.8955185632048303
0.3849304465252695	1.0902772977496753
0.4097563273949268	1.2571921258946288
0.4361833400184319	1.390146497803495
0.4643147485219054	1.48485226412488
0.4942604769954076	1.5391042178505938
0.5261375390237095	1.5528663726012049
0.5600704949194178	1.5281845587489806
0.5961919384451034	1.468940678185694
0.6346430149263101	1.3804808993144908
0.6755739727799815	1.269160685985552
0.7191447506134152	1.1418532401494033
0.7655256021878463	1.0054657590768494
0.8148977616887199	0.866501777820439
0.8674541519022086	0.7306996422884536
0.9234001380651922	0.6027680451183116
0.9829543303343836	0.4862300412044828
1.0463494380102665	0.3833771666992875
1.113833178853745	0.2953254831100077
1.1856692470486767	0.2221562986077383
1.262138343592627	0.1631171605035206
1.3435392731421163	0.1168547052894793
1.4301901115983116	0.0816508877715865
1.5224294489955177	0.05563795974517189
1.6206177125490984	0.03697442197855649
1.7251385750326518	0.023972509310121813
1.8364004539877097	0.01517591251369697
1.954838107624158	0.009393015650906274
2.0809143336473905	0.005695141997743683
2.215121777650397	0.003391010233397467
2.3579848581371263	0.0019881824404377247
2.5100618156991854	0.001150413810350348
2.6719468943530846	0.0006572403358803723
2.8442726635616418	0.0003695137300918657
3.0277124900129087	0.00020236360176596624
3.222983168815136	0.00010546504278110104
3.430847724389237	4.955106393012692e-05
3.6521183920032887	1.773393481218769e-05
3.887659791599504	2.1922453665116853e-07
4.138392306315432	-8.765761065533126e-06
4.405295678901079	-1.2696077897202022e-05
4.689412840084988	-1.3701819634007903e-05
4.991853983848732	-1.3099357395098536e-05
5.313800905534016	-1.1697745713505716e-05
5.6565116197336645	-9.984012595416243e-06
6.021325276010972	-8.24012947015908e-06
6.40966739165573	-6.618768348951397e-06
6.823055421924014	-5.1926728679242334e-06
7.2631046895275695	-3.9865810746096586e-06
7.731534696542417	-2.997557241604891e-06
8.230175843400577	-2.2077241602316483e-06
8.760976581219534	-1.5921116213802791e-06
9.326011025417326	-1.1234229959546597e-06
9.927487060363609	-7.748754735753602e-07
10.567754966735812	-5.218311483379792e-07
11.24931660529196	-3.426546569788208e-07
11.974835192945957	-2.1906266477918927e-07
12.747145709345546	-1.361331563442869e-07
13.5692659746169	-8.208920865785837e-08
14.444408441562338	-4.794260128956847e-08
15.37599274838946	-2.7064489133842687e-08
16.36765908102177	-1.473636654000148e-08
17.423282397204257	-7.721475322279029e-09
18.546987567985013	-3.88392069061205e-09
19.743165495738474	-1.870558495907213e-09
21.016490271711877	-8.602007801654912e-10
22.37193744013839	-3.765930610984495e-10
23.814803440284315	-1.564670121503743e-10
25.35072630240063	-6.149768082581416e-11
26.985707678448705	-2.2724866765602688e-11
28.72613629368578	-8.220033097508701e-12
