r	P	Q	rho
9.105333782547928e-05	-0.09371024755886127	0.027530084864663518	0.00953951607019864
9.394368103222691e-05	-0.09618492238245818	0.028258818565161586	0.010050100120418227
9.692577358119864e-05	-0.0987242038236304	0.02900668021624512	0.010587855917777224
0.00010000252790915238	-0.101329734381207	0.02977416228798872	0.011154215809717453
0.000103176948903513	-0.1040031956652596	0.030561769357143997	0.011750686454825542
0.00010645213683707131	-0.106746309166415	0.03137001837069231	0.01237885257322943
0.00010983129039584067	-0.1095608370299592	0.032199438912478784	0.013040380876983731
0.00011331770980302816	-0.112448582835113	0.03305057346939207	0.013737024188280952
0.00011691480004217074	-0.1154113923739655	0.0339239777109899	0.01447062575343316
0.00012062607418258546	-0.118451154436244	0.03482022076109202	0.015243123761130111
0.00012445515681038026	-0.1215698015926175	0.03573988547969696	0.016056556073370237
0.0001284057875683769	-0.1247693109791149	0.036683568744396246	0.016913065178027924
0.00013248182480840308	-0.1280517050799467	0.037651881735626475	0.017814903372115252
0.00013668724935952096	-0.1314190525078245	0.03864545022410783	0.018764438185078332
0.00014102616841587168	-0.1348734687803532	0.039664914860564726	0.019764158051740754
0.0001455028195479338	-0.1384171170909618	0.04071093146742229	0.020816678244718185
0.00015012157484111223	-0.1420522090727501	0.0417841713322148	0.021924747076368187
0.00015488694516570072	-0.1457810055534939	0.04288532150240399	0.023091252380552374
0.00015980358458238673	-0.1496058172999175	0.04401508508128021	0.024319228284688636
0.00016487629488760275	-0.1535290057492049	0.04517418152459038	0.02561186228275603
0.00017011003030316214	-0.1575529837255651	0.04636334693750556	0.02697250262007568
0.00017550990231476012	-0.161680216139514	0.04758333437150875	0.028404666000830768
0.00018108118466406524	-0.165913220667363	0.048834914120748064	0.029912045629397928
0.00018682931849927693	-0.1702545684082276	0.05011887401736389	0.03149851959664025
0.00019275991768917915	-0.1747068845156799	0.051436019725259415	0.03316815962235239
0.00019887877430588025	-0.1792728488009695	0.052787175031741886	0.03492524016504703
0.00020519186428159385	-0.183955196304526	0.054173182136418176	0.036774247910222234
0.00021170535324498507	-0.1887567178322321	0.055594901936681054	0.03871989164814607
0.0002184256025427821	-0.1936802604527197	0.05705321430907324	0.040767112552030374
0.00022535917545253467	-0.1987287279516947	0.058549018385763416	0.04292109486723514
0.00023251284359258623	-0.2039050812390266	0.06008323282531288	0.04518727702183479
0.00023989359353552084	-0.2092123387040678	0.06165679607685248	0.04757136316848816
0.000247508633631543	-0.2146535765143667	0.06327066663672726	0.050079335167064955
0.00025536540104845515	-0.2202319288526351	0.06492582329660004	0.05271746501689346
0.000263471569035108	-0.2259505880864976	0.06662326538193589	0.05549232774678596
0.00027183505441541743	-0.2318128048652107	0.06836401297971523	0.05841081477016692
0.0002804640253202668	-0.2378218881371745	0.07014910715414634	0.06148014771165465
0.00028936690916484665	-0.2439812050816768	0.07197961014906516	0.06470789271031864
0.0002985524008792222	-0.2502941809479096	0.07385660557562422	0.06810197520353825
0.0003080294714001668	-0.2567642987938709	0.07578119858378102	0.07167069519390268
0.0003178073764325555	-0.2633950991173229	0.07775451601600006	0.07542274299990676
0.00032789566548887487	-0.2701901793705096	0.0797777065414813	0.07936721548928685
0.00033830419121567767	-0.2771531933498405	0.08185194076912052	0.0835136327916857
0.00034904311901609125	-0.2842878504512383	0.08397841133729593	0.08787195548492169
0.0003601229369777768	-0.2915979147812993	0.08615833297845579	0.09245260224642836
0.0003715544661160361	-0.2990872041138533	0.08839294255635785	0.09726646795841333
0.00038334887094206894	-0.3067595886809083	0.09068349907368208	0.10232494225192655
0.000395517670366704	-0.3146189897863464	0.0930312836475987	0.1076399284713011
0.00040807274895025	-0.3226693782300803	0.09543759945073153	0.11322386303630488
0.00042102636850945685	-0.3309147725296965	0.09790377161480475	0.1190897351747846
0.0004343911800929199	-0.3393592369258992	0.1004311470941024	0.12525110699356581
0.0004481802363366256	-0.348006879157317	0.1030210944857057	0.13172213384984813
0.0004624070042117031	-0.3568618479894614	0.105675003803297	0.13851758497928032
0.00047708537817683455	-0.3659283304818023	0.1083942862011397	0.14565286433025368
0.0004922296937481653	-0.3752105489760905	0.1111803736446535	0.15314403154670397
0.000507854741499972	-0.3847127577881609	0.1140347185238024	0.161007823033775
0.0005239757815097568	-0.3944392395845389	0.1169587932053109	0.16926167303207196
0.0005406085582618819	-0.4043943014242144	0.1199540895195033	0.17792373461683136
0.0005577693160242912	-0.4145822704449533	0.123022118177338	0.18701290052813135
0.000575474814713346	-0.4250074891724883	0.1261644081129729	0.19654882372719956
0.0005937423462622624	-0.4356743104298627	0.1293825057469556	0.20655193756189738
0.0006125897515091389	-0.4465870918230964	0.1326779741648756	0.21704347541150615
0.0006320354376210673	-0.4577501897781993	0.1360523922060565	0.2280454896669681
0.0006520983960713466	-0.4691679531033801	0.1395073534565886	0.23958086988767702
0.0006727982211873506	-0.4808447160490826	0.1430444651407231	0.2516733599597184
0.000694155129287172	-0.4927847908372274	0.1466653469043559	0.2643475740630651
0.000716189978423727	-0.5049924596297557	0.1503716294840238	0.27762901123659095
0.000738924288755605	-0.5174719659052502	0.1541649532545293	0.2915440683098157
0.0007623802635645587	-0.5302275052110583	0.1580469666479844	0.306120050948972
0.0007865808109401617	-0.543263215256965	0.1620193244367365	0.3213851825422719
0.0008115495661528099	-0.556583165315059	0.1660836858722996	0.337368610625059
0.0008373109147369186	-0.5701913448890024	0.1702417126720667	0.35410041051984775
0.000863890016306859	-0.5840916516144751	0.1744950668452244	0.3716115858390447
0.0008913128291288942	-0.5982878783510945	0.1788454083489296	0.38993406546934944
0.0009196061354731107	-0.6127836994246443	0.1832943925654383	0.4091006966264858
0.0009487975677701086	-0.627582655976968	0.1878436675905037	0.4291452335369571
0.0009789156355979923	-0.6426881403794091	0.192494871322983	0.4501023212699949
0.0010099897535260228	-0.658103379664215	0.1972496283452098	0.4720074742077852
0.0010420502698421175	-0.6738314179268781	0.2021095465833085	0.4948970486054576
0.001075128496192266	-0.6898750976509724	0.2070762137362408	0.518808208654276
0.0011092567381607943	-0.7062370399056531	0.2121511934619968	0.5437788854220487
0.001144468326821358	-0.7229196233646803	0.217336021308965	0.5698477280041421
0.0011807976512894648	-0.7399249620945408	0.2226322003801417	0.5970540461767112
0.0012182801923083294	-0.7572548820580725	0.2280411967174841	0.6254377438011275
0.001256952556900858	-0.774910896278901	0.2335644343933552	0.6550392421852576
0.001296852514121601	-0.792894178611018	0.2392032902956776	0.6858993925635191
0.0013380190319435986	-0.8112055360569954	0.2449590885930962	0.7180593768138777
0.0013804923153161392	-0.8298453795776362	0.2508330948661543	0.7515605954864841
0.0014243138454305992	-0.8488136933353577	0.2568265098902258	0.786444542176005
0.0014695264202327163	-0.8681100023133013	0.262940463055708	0.8227526632283501
0.0015161741962208613	-0.8877333382521002	0.269176005410786	0.8605262017331252
0.0015643027315711245	-0.9076822038464312	0.2755341023119272	0.8998060247163538
0.0016139590306313463	-0.9279545351439912	0.2820156256671617	0.9406324324147415
0.0016651915898275335	-0.9485476620903704	0.2886213457571573	0.9830449484837802
0.001718050445027508	-0.969458267164528	0.2953519226191238	1.0270820899684623
0.0017725872204080307	-0.9906823420512144	0.3022078969786673	1.0727811158483482
0.0018288551788731447	-1.0122151422988117	0.309189680714897	1.1201777529595836
0.0018869092740729592	-1.0340511399136991	0.3162975468443527	1.169305898096576
0.0019468062040736928	-1.0561839738454848	0.3235316190096967	1.2201972951070752
0.002008604466731385	-1.0786063983212857	0.3308918604595934	1.272881185818027
0.0020723644168233577	-1.1013102289918248	0.3383780625068227	1.3273839336678968
0.0021381483249932214	-1.1242862868574288	0.3459898324524225	1.3837286189761202
0.0022060204385670056	-1.1475243399481907	0.353726580964564	1.4419346048544108
0.002276047044299787	-1.171013042739671	0.3615875089019468	1.502017072860338
0.0023482965331141237	-1.1947398732935923	0.3695715935727645	1.5639865276135017
0.002422839466893495	-1.2186910681221923	0.3776775744217587	1.627848269741913
0.0024997486473960035	-1.2428515547852588	0.3859039381395737	1.693601836703767
0.0025790991873556254	-1.267204882240536	0.394248903190557	1.761240411241208
0.0026609685838404605	-1.291733148981216	0.4027104037573381	1.8307501974713267
0.002745436793939618	-1.3164169290087633	0.4112860731030055	1.9021097649093541
0.002832586312852673	-1.3412351957054265	0.4199732263544748	1.9752893610535605
0.0029225022544579365	-1.366165243688651	0.4287688427137585	2.0502501935449673
0.003015272434438241	-1.3911826087492534	0.4376695471073094	2.1269436833514956
0.0031109874560454253	-1.4162609859968531	0.4466715912874528	2.2053106909200437
0.0032097407985872723	-1.4413721463597846	0.4557708344041712	2.2852807177952865
0.0033116289087233228	-1.4664858516125951	0.4649627230701797	2.3667710868247553
0.003416751294658736	-1.4915697681325235	0.4742422709473674	2.449686104760226
0.003525210623328175	-1.5165893796170629	0.4836040378882967	2.533916211829133
0.003637112820664647	-1.5415078990280255	0.4930421086725857	2.6193371236901073
0.0037525671750512153	-1.5662861800635852	0.5025500713846651	2.7058089721069094
0.003871686444056623	-1.5908826284986315	0.5121209954866363	2.7931754516769383
0.003994586964559064	-1.6152531137756214	0.5217474096477802	2.8812629810360093
0.0041213887663656655	-1.6393508812730069	0.5314212794007069	2.9698798881304684
0.004252215689438635	-1.663126465726371	0.5411339847032066	3.05881563040026
0.0043871955048425644	-1.6865276063287051	0.5508762974945998	3.1478400620501903
0.0045264600395310125	-1.7094991640908466	0.5606383593457855	3.236702761997237
0.004670145305094251	-1.7319830421010478	0.5704096593132806	3.325132437563493
0.004818391630593878	-1.753918109383945	0.580179012119337	3.412836420528722
0.0049713437996140855	-1.7752401291238582	0.5899345367927056	3.499500273752517
0.005129151191663373	-1.7958816920853025	0.5996636359178179	3.584787528209346
0.005291967928064851	-1.8157721561347957	0.6093529756540228	3.6683395719328167
0.005459953022477595	-1.83483759284229	0.6189884667010814	3.749775714016245
0.005633270536196059	-1.8530007422177448	0.6285552464023125	3.828693448439385
0.00581208973837922	-1.87018097671818	0.6380376621925985	3.9046689440547624
0.005996585271365944	-1.886294275742724	0.6474192566148259	3.9772577885354607
0.006186937321238031	-1.9012532119173136	0.6566827541452083	4.0459960154176375
0.006383331793797496	-1.9149669505563027	0.665810050085227	4.1104014445173975
0.006585960496129988	-1.9273412637748155	0.6747822017955416	4.169975366909142
0.006795021323931633	-1.9382785608124415	0.6835794225650595	4.22420460625953
0.007010718454782288	-1.9476779362151768	0.6921810784262658	4.2725639885507585
0.007233262547553923	-1.9554352376073325	0.7005656882457584	4.314519252023699
0.007462870948148925	-1.961443154867528	0.7087109274365363	4.349530428444637
0.00769976790176923	-1.9655913326016103	0.7165936356557219	4.37705572546086
0.007944184771923601	-1.967766507879068	0.7241898288678685	4.396555937766255
0.008196360266386938	-1.9678526752667829	0.7314747161695122	4.407499411949903
0.008456540670332312	-1.9657312812530416	0.7384227217849139	4.409367586144965
0.008724980086863406	-1.9612814502037883	0.7450075126556601	4.401661120826849
0.009001940685182269	-1.9543802440301008	0.7512020320575968	4.383906631222619
0.00928769295663476	-1.9449029577685208	0.7569785396870732	4.355664024683515
0.009582515978883762	-1.9327234532817552	0.7623086586642307	4.316534437939811
0.009886697688468131	-1.9177145332737164	0.767163429903638	4.266168759310742
0.010200535162013613	-1.899748357777011	0.7715133743014287	4.204276709602427
0.010524334906370336	-1.8786969052097824	0.7753285631827184	4.1306364425317925
0.01085841315796028	-1.854432480009006	0.7785786974428816	4.045104611024207
0.011203096191627031	-1.8268282687254729	0.7812331958006691	3.947626829635435
0.011558720639289494	-1.7957589463082255	0.7832612925594861	3.8382484456679853
0.01192563381871075	-1.7611013341093855	0.7846321452447835	3.7171255123532885
0.012304194072703164	-1.7227351109003162	0.7853149524497726	3.584535836869913
0.012694771119101025	-1.680543577903006	0.7852790821778354	3.4408899541371003
0.013097746411842488	-1.6344144785025614	0.7844942109173865	3.2867418545016927
0.013513513513513514	-1.5842408729139084	0.782930473622853	3.1227992699383273
0.013942478479717604	-1.5299220676244871	0.7805586247031888	2.9499332996029195
0.014385060255646748	-1.4713645989213988	0.7773502100362677	2.7691871320025587
0.014841691085240888	-1.408483269232879	0.7732777499330235	2.5817835982504183
0.01531281693333549	-1.3412022343673573	0.7683149328687405	2.389131269541089
0.015798897921209518	-1.2694561390164298	0.7624368196800183	2.192828792890282
0.0163004087759592	-1.1931912970992506	0.7556200577942499	1.9946671432143779
0.01681783929413642	-1.1123669126643516	0.7478431049137618	1.796629457957477
0.017351694820104614	-1.026956336131003	0.7390864614189702	1.6008881137724287
0.017902496739579263	-0.936948349647294	0.729332910584169	1.4097987043679634
0.018470782988835085	-0.8423484742689593	0.718567765516196	1.2258905857421825
0.019057108580077173	-0.7431802905259369	0.7067791215308505	1.0518536708581367
0.01966204614348921	-0.6394867627488675	0.6939581124754551	0.8905211816015228
0.020286186486488143	-0.5313315562833351	0.6800991692896099	0.7448481027708883
0.020930139170731527	-0.4188003354359924	0.6652002788715808	0.6178851319721286
0.02159453310744099	-0.3020020286865163	0.6492632410869531	0.5127479815575064
0.022280017171623357	-0.1810700463780126	0.6322939215215962	0.4325819648884941
0.0229872608357892	-0.05616343478416409	0.6143024973456418	0.3805218896518473
0.023716954823787818	0.07253205083482142	0.5953036934224966	0.3596473858007709
0.024469811785397123	0.2048029728094242	0.5753170055709433	0.3729339145706946
0.02524656699232733	0.3404073570477576	0.5543669076736412	0.4231998370558749
0.026047979056318168	0.4790739792537138	0.5324830391269525	0.5130500645558634
0.026874830670030967	0.6205018130996937	0.509700368950583	0.6448169661683676
0.027727929371459147	0.7643596628001077	0.4860593327271906	0.8204993690470961
0.028608108332603712	0.910286003036894	0.4616059384284255	1.0417006497172716
0.029516227173184025	1.0578890494347577	0.4363918371117741	1.3095670764117644
0.030453172800178493	1.2067470827292504	0.4104743544492783	1.624727717336108
0.03141986027401515	1.3564090493717096	0.3839164790820387	1.9872373721282144
0.03241723370225808	1.5063954605277683	0.3567868038907099	2.396524106929215
0.033446267161662505	1.6561996102077785	0.3291594164390747	2.8513430702829097
0.034507965649499005	1.8052891315769048	0.3011137350919475	3.349738330050719
0.0356033660650761	1.9531079082919556	0.2727342876361624	3.889014493084983
0.03673353822241953	2.099078354967608	0.2441104296493837	4.465719842157127
0.037899585895097655	2.242604077559153	0.2153360003699003	5.075642641740245
0.039102647894212986	2.383072920542193	0.1865089144239353	5.713822119781092
0.04034389918061292	2.5198604032612884	0.1577306884660758	6.3745754220081245
0.04162455201240582	2.6523335427097883	0.1291059025819776	7.051541555864964
0.04294585712890322	2.77985505430504	0.1007415971870525	7.737742992349076
0.04430910497214424	2.9017879159646305	0.07274660712448525	8.425665178086478
0.045715626947195526	3.0175002740138614	0.04523083571214716	9.107353732172948
0.04716679672245731	3.12637066222366	0.018304472599568567	9.774528571329954
0.04866403157124562	3.2277934976716534	-0.007922839540835966	10.418713634997795
0.05020879375596087	3.3211848092372067	-0.033342883266239354	11.031380284972487
0.051802591956194736	3.405988146504208	-0.057849782124050605	11.60410185141897
0.05344698274216996	3.4816806087947807	-0.08134094527773057	12.12871621103627
0.055143572094952166	3.5477789261546486	-0.1037180311770044	12.597492738858266
0.05689401697491838	3.60384551653865	-0.1248879193292703	13.003299499470122
0.05870002694001408	3.649494436403268	-0.1447636781890024	13.339766163861215
0.06056336581537925	3.68439713561917	-0.1632655162526004	13.60143788175597
0.06248585341597406	3.70828792230146	-0.1803217026563999	13.783915231135781
0.06446936732388653	3.7209690390596	-0.1958694429546868	13.883975428323504
0.06651584472205799	3.722315249539092	-0.2098556953317072	13.89967022981443
0.06862728428621731	3.712277833208935	-0.2222379123054153	13.830396400600295
0.07080574813687147	3.6908878873815008	-0.2329846930385942	13.676935264409765
0.073053363853259	3.658258838657909	-0.2420763317109584	13.441458680993346
0.07537232655123324	3.614588071571176	-0.2495052480475921	13.127499795947923
0.07776490102710448	3.5601575903146663	-0.2552762870652327	12.739888050612942
0.08023342396953523	3.49533364021153	-0.2594068764050846	12.28464918392063
0.08278030624164846	3.420565229059794	-0.2619270312804407	11.768872255968267
0.08540803523557762	3.336381504663637	-0.2628791990841059	11.200547017972696
0.08811917730175828	3.243387963636445	-0.2623179380708966	10.588376183295534
0.09091638025533366	3.142261487742001	-0.2603094272405902	9.941568255256898
0.09380237596212208	3.0337442273279427	-0.2569308075708587	9.26961747672463
0.09677998300667176	2.918636376389534	-0.2522693580482828	8.582078126594322
0.0998521094450088	2.797787909955672	-0.2464215134633656	7.888340751391704
0.1030217556447667	2.6720893811737856	-0.2394917346008319	7.1974179519238195
0.1062920172154715	2.5424619099599566	-0.2315912456918832	6.517747068678348
0.1096660880318438	2.4098464730426503	-0.2228366546280598	5.857016198281927
0.1131472633530711	2.2751927455562364	-0.2133484824859919	5.2220196044108
0.1167389430410959	2.1394476117358088	-0.2032496222022516	4.618546492287414
0.120444634881064	2.003543591855091	-0.1926637563580027	4.051306247477575
0.1242679580071742	1.8683874003240304	-0.1817137633539532	3.523891369481845
0.1282126464372773	1.734848863616158	-0.1705201432362283	3.0387776988395787
0.1322825527196742	1.603750427029567	-0.1591994951205422	2.5973599114441543
0.1364816516956763	1.4758574729545333	-0.147863077935304	2.200018770292243
0.1408140443816028	1.351869660079662	-0.1366154850016725	1.846215368586143
0.1452839619740047	1.2324134728378728	-0.1255534607659875	1.5346066395426228
0.1498957699820297	1.118036143684797	-0.1147648848170911	1.263175797372652
0.1546539724909611	1.0092010781271714	-0.1043279442242867	1.0293711360391111
0.1595632165610967	0.9062848746833848	-0.09431051033473922	0.8302467464394775
0.1646282967662631	0.809575990338798	-0.08476973063003798	0.6625991913641348
0.1698541598763978	0.7192750579603558	-0.07575184025701531	0.5230949503061976
0.175245909688772	0.6354968171364038	-0.06729219164394228	0.4083844436467449
0.1808088120125737	0.5582735756886891	-0.05941549443458818	0.31519958629114103
0.1865482998117175	0.487560077367281	-0.05213625206946054	0.2404330178222394
0.1924699785109056	0.4232396136265399	-0.04545937595774392	0.18119832540521028
0.1985796314701208	0.3651311853864102	-0.03938095353515446	0.13487164204302304
0.2048832256328985	0.3129974955784774	-0.033889142778129995	0.09911590623663545
0.2113869173538942	0.2665535360379707	-0.02896516308510121	0.07188976824689226
0.218097058411438	0.2254755235625977	-0.024584350930774965	0.051443602036515046
0.2250202022109479	0.1894099399670691	-0.02071724838302201	0.03630532973889254
0.2321631101852605	0.1579824395729539	-0.017330693420810596	0.02525880414786816
0.2395327583981303	0.1308064042527176	-0.014388882928050456	0.01731735534544252
0.2471363443573462	0.1074909499990248	-0.011854382135973457	0.011694830707518535
0.25498129404412	0.08764821880633718	-0.009689057979029388	0.0077760881044445515
0.263075269165611	0.07089982397283938	-0.007854918119276182	0.005088484778040143
0.2714261746376712	0.056882354125859326	-0.006314842065882445	0.003275479441216704
0.2800421663051173	0.04525187962686938	-0.00503319564659047	0.002073065668181533
0.2889316589070721	0.0356874428118071	-0.0039763248583629925	0.0012894047338252376
0.2981033342951511	0.027893549152850347	-0.0031129296319510704	0.0007877404152359573
0.3075661499125234	0.02160170845209932	-0.0024143221119650293	0.0004724627593098225
0.3173293475421266	0.016571102410632258	-0.0018545775353908305	0.00027804089293843854
0.3274024623325808	0.012588476481558367	-0.0014105885814247065	0.0001604595002727939
0.3377953321106135	0.009467369282373943	-0.0010620361004036	9.07590018073982e-05
0.3485181069890954	0.00704680184054961	-0.0007912903892429965	5.0283556660081704e-05
0.3595812592800661	0.0051895517599197406	-0.000583257686735567	2.72716369980222e-05
0.3709955937224337	0.00378013452857454	-0.0004251863737469972	1.4470200506541582e-05
0.3827722580343365	0.002722606415666537	-0.0003064465719316474	7.506495196077247e-06
0.3949227538004722	0.0019382917004717828	-0.00021829555507234128	3.804627665482137e-06
0.4074589477050283	0.0013635224406805307	-0.0001536397493048519	1.8827986188058492e-06
0.4203930831211846	0.0009474627565822613	-0.00010680223736602152	9.090923930168453e-07
0.4337377920685045	0.0006500727828926551	-7.33027285958119e-05	4.279679130773924e-07
0.4475061075498961	0.0004402510092893313	-4.965502961016477e-05	1.9628657314586122e-07
0.4617114762801897	0.000294178517165993	-3.31852504509115e-05	8.764226080947216e-08
0.476367771818764	0.0001938752532769136	-2.1872383510114453e-05	3.806601499360093e-08
0.4914893081190466	0.00012596735090024915	-1.4211550678606066e-05	1.606974166551709e-08
0.5070908535081216	8.065581946324454e-05	-9.099152917150477e-06	6.588155797097185e-09
0.5231876451100976	5.08707160477008e-05	-5.738372538401997e-06	2.6207586705952897e-09
0.5397954037273233	3.159082860354904e-05	-3.5629768097422364e-06	1.0106752556055733e-09
0.5569303491939824	1.930700454442413e-05	-2.1770912649635207e-06	3.7750015085439443e-10
0.5746092162170646	1.1607160568105708e-05	-1.3085019120305618e-06	1.3643835370757567e-10
0.592849270720183	6.860961196060857e-06	-7.732030570711342e-07	4.7670631501316976e-11
0.6116683267061995	3.985202113252977e-06	-4.489853895815689e-07	1.6083423763533707e-11
0.6310847636551286	2.2738893660382983e-06	-2.5604059414942576e-07	5.236129634834445e-12
0.6511175444743083	1.2740427999147714e-06	-1.4330867477750254e-07	1.6437224322811541e-12
0.6717862340183713	6.996952501937664e-07	-7.874905771305942e-08	4.957748572344122e-13
0.693111018197104	3.779651354205245e-07	-4.2279206491030714e-08	1.4464517489496663e-13
0.7151127236898527	2.013070586642321e-07	-2.2216031390789796e-08	4.101808391880115e-14
0.7378128382857329	1.0424730585179317e-07	-1.1342896256056769e-08	1.0996162072832977e-14
0.7612335318695064	5.227441491289274e-08	-5.687852173810494e-09	2.7649661168363833e-15
0.7853976780736214	2.5644699850373045e-08	-2.790337530008143e-09	6.654366139470953e-16
0.8103288766175613	1.2299517991143704e-08	-1.338280691602612e-09	1.5306913802398404e-16
0.8360514763563227	5.763004252217945e-09	-6.270585011478046e-10	3.360542037494385e-17
