r	P	Q	rho
9.105333782547928e-05	0.04449926179304068	-0.013077002187859113	0.002151192286346842
9.394368103222691e-05	0.04567421579963501	-0.013423238900435286	0.0022663173314897873
9.692577358119864e-05	0.04687983423377297	-0.013778568583082008	0.002387567809984726
0.00010000252790915238	0.048116896057107485	-0.014143225633248824	0.0025152665174834727
0.000103176948903513	0.04938619874098264	-0.014517450228015767	0.0026497529872067504
0.00010645213683707131	0.05068855862790757	-0.014901488450982488	0.0027913843338295873
0.00010983129039584067	0.05202481129506789	-0.015295592420714698	0.002940536137788049
0.00011331770980302816	0.05339581192004937	-0.015700020419082288	0.0030976033717608873
0.00011691480004217074	0.054802435646133386	-0.016115037026087627	0.003263001371100766
0.00012062607418258546	0.0562455779500839	-0.016540913250994112	0.0034371668501158767
0.00012445515681038026	0.05772615500894276	-0.016977926668477545	0.003620558966076688
0.0001284057875683769	0.05924510406703874	-0.01742636155466551	0.0038136604329481747
0.00013248182480840308	0.06080338380190464	-0.017886509025132717	0.004016978686867874
0.00013668724935952096	0.06240197468865186	-0.01835866717407533	0.004231047105451618
0.00014102616841587168	0.06404187936210387	-0.018843141214716985	0.004456426283068032
0.0001455028195479338	0.06572412297593687	-0.01934024362080912	0.004693705364268321
0.00015012157484111223	0.06744975355803284	-0.01985029426910847	0.004943503437609565
0.00015488694516570072	0.0692198423611842	-0.020373620582696823	0.005206470992154878
0.00015980358458238673	0.07103548420822495	-0.02091055767499689	0.005483291438976348
0.00016487629488760275	0.07289779783059458	-0.021461448494324666	0.0057746827000247905
0.00017011003030316214	0.07480792619926736	-0.02202664396880427	0.006081398866763494
0.00017550990231476012	0.07676703684690321	-0.022606503151456583	0.006404231930990612
0.00018108118466406524	0.07877632217999325	-0.023201393365256447	0.006744013590295463
0.00018682931849927693	0.08083699977968675	-0.02381169034793652	0.007101617130607089
0.00019275991768917915	0.08295031268989446	-0.02443777839629752	0.007477959388297812
0.00019887877430588025	0.08511752969116525	-0.02508005050976548	0.007874002794298784
0.00020519186428159385	0.08733994555873048	-0.02573890853291608	0.008290757502667825
0.00021170535324498507	0.08961888130300145	-0.02641476329666437	0.008729283606020271
0.0002184256025427821	0.0919556843906899	-0.02710803475779552	0.009190693440190021
0.00022535917545253467	0.09435172894460013	-0.027819152136487325	0.009676153980428322
0.00023251284359258623	0.09680841592001213	-0.02854855405144983	0.01018688933137061
0.00023989359353552084	0.09932717325544016	-0.029296688652279718	0.010724183312904843
0.000247508633631543	0.1019094559954071	-0.030064013748598163	0.011289382143955716
0.00025536540104845515	0.104556746382724	-0.030850996935510456	0.011883897226056143
0.000263471569035108	0.1072705539176044	-0.03165811571489269	0.012509208028407208
0.00027183505441541743	0.1100524153807755	-0.03248585761197693	0.01316686507592839
0.0002804640253202668	0.1129038948175704	-0.03333472028666987	0.013858493041567522
0.00028936690916484665	0.1158265834797985	-0.034205211639001414	0.014585793943871609
0.0002985524008792222	0.1188220997219961	-0.035097849908059454	0.015350550450512654
0.0003080294714001668	0.1218920888484507	-0.03601316376372404	0.016154629288111403
0.0003178073764325555	0.1250382229071752	-0.03695169239046929	0.0169999847583043
0.00032789566548887487	0.1282622004267808	-0.037913985562453546	0.017888662359549626
0.00033830419121567767	0.1315657460919536	-0.038900603709068414	0.01882280251366239
0.00034904311901609125	0.1349506103529921	-0.039912117970064095	0.019804644395501413
0.0003601229369777768	0.1384185689645921	-0.04094911023931315	0.02083652986359696
0.0003715544661160361	0.1419714224487908	-0.04201217319621568	0.021920907488801843
0.00038334887094206894	0.1456109954766899	-0.043101910323688	0.02306033667726385
0.000395517670366704	0.1493391361632689	-0.0442189359116112	0.024257491883146548
0.00040807274895025	0.1531577152692822	-0.045363875044548335	0.025515166905563918
0.00042102636850945685	0.1570686253038957	-0.04653736357246728	0.02683627926313159
0.0004343911800929199	0.1610737795213706	-0.0477400480631308	0.028223874638369152
0.0004481802363366256	0.1651751108047311	-0.048972585734737055	0.029681131382901366
0.0004624070042117031	0.1693745704289728	-0.050235644367310255	0.03121136507299794
0.00047708537817683455	0.1736741266959668	-0.05152990219125495	0.03281803310344703
0.0004922296937481653	0.178075763432797	-0.05285604775139664	0.034504739306071404
0.000507854741499972	0.1825814783448337	-0.05421477974473577	0.03627523857735519
0.0005239757815097568	0.1871932812143918	-0.05560680683004323	0.03813344149764412
0.0005406085582618819	0.1919131919353534	-0.05703284740732127	0.04008341892220258
0.0005577693160242912	0.1967432383736412	-0.058493629365045006	0.04212940652204265
0.000575474814713346	0.2016854540429222	-0.05998988979298673	0.04427580924987438
0.0005937423462622624	0.2067418755843935	-0.061522374658306414	0.04652720570374986
0.0006125897515091389	0.2119145400389534	-0.06309183844246953	0.04888835235797186
0.0006320354376210673	0.2172054818994979	-0.0646990437364239	0.0513641876276008
0.0006520983960713466	0.2226167299304939	-0.0663447607913354	0.05395983572940597
0.0006727982211873506	0.2281503037413819	-0.06802976702204229	0.05668061029835817
0.000694155129287172	0.233808210099734	-0.06975484646024568	0.0595320177147338
0.000716189978423727	0.2395924389694559	-0.07152078915430336	0.06251976009258677
0.000738924288755605	0.2455049592586652	-0.07332839051234073	0.0656497378757292
0.0007623802635645587	0.2515477142612008	-0.07517845058523269	0.068928051982431
0.0007865808109401617	0.2577226167750331	-0.07707177328584547	0.07236100543479533
0.0008115495661528099	0.2640315438801392	-0.07900916554075804	0.07595510440317679
0.0008373109147369186	0.2704763313576901	-0.08099143637050701	0.07971705859007286
0.000863890016306859	0.2770587677316712	-0.08301939589421965	0.0836537808716333
0.0008913128291288942	0.2837805879133194	-0.08509385425431541	0.08777238610828388
0.0009196061354731107	0.2906434664280178	-0.0872156204567669	0.09208018902895312
0.0009487975677701086	0.2976490102035394	-0.08938550112221876	0.09658470108601687
0.0009789156355979923	0.3047987508977856	-0.09160429914306595	0.10129362617034265
0.0010099897535260228	0.3120941367434177	-0.09387281224139347	0.106214855067727
0.0010420502698421175	0.3195365238860397	-0.09619183142247578	0.11135645852958362
0.001075128496192266	0.3271271671918645	-0.09856213931833085	0.11672667882198015
0.0011092567381607943	0.3348672105000821	-0.1009845084156159	0.1223339196080499
0.001144468326821358	0.34275767629446	-0.1034596991619461	0.12818673400945824
0.0011807976512894648	0.3507994547680422	-0.105988457944509	0.13429381068301063
0.0012182801923083294	0.3589932922541914	-0.1085715149346457	0.14066395773870727
0.001256952556900858	0.3673397789966318	-0.1112095817918611	0.14730608431561493
0.001296852514121601	0.3758393362306253	-0.1139033492205327	0.15422917962193167
0.0013380190319435986	0.3844922025469416	-0.1166534843723879	0.16144228923561732
0.0013804923153161392	0.3932984195098923	-0.119460628087638	0.1689544884520722
0.0014243138454305992	0.4022578165003869	-0.122325391967473	0.17677485245565483
0.0014695264202327163	0.4113699947547581	-0.1252483552704608	0.1849124230824853
0.0015161741962208613	0.4206343105700055	-0.128230061625234	0.19337617193311515
0.0015643027315711245	0.4300498576461345	-0.1312710155517121	0.2021749595854384
0.0016139590306313463	0.4396154485364432	-0.1343716787829878	0.2113174906508566
0.0016651915898275335	0.4493295951769487	-0.1375324663799028	0.22081226441041968
0.001718050445027508	0.4591904884666668	-0.1407537426302693	0.23066752076268415
0.0017725872204080307	0.4691959768711909	-0.1440358167246456	0.24089118121164682
0.0018288551788731447	0.4793435440229766	-0.1473789382005603	0.2514907846216318
0.0018869092740729592	0.4896302852929561	-0.150783292147105	0.2624734174667808
0.0019468062040736928	0.500052883309613	-0.1542489941618792	0.2738456383062088
0.002008604466731385	0.5106075824034654	-0.1577760850523838	0.2856133962223687
0.0020723644168233577	0.5212901619570747	-0.1613645252741218	0.29778194297017585
0.0021381483249932214	0.5320959086432501	-0.1650141890978898	0.31035573859852006
0.0022060204385670056	0.5430195875370935	-0.1687248584990278	0.32333835032447206
0.002276047044299787	0.5540554120909634	-0.1724962167617554	0.3367323444644058
0.0023482965331141237	0.5651970129653844	-0.1763278417921593	0.35053917125607365
0.002422839466893495	0.5764374057134141	-0.1802191991339216	0.3647590424420832
0.0024997486473960035	0.5877689573210813	-0.1841696346815016	0.3793908015290288
0.0025790991873556254	0.5991833516122538	-0.1881783670862044	0.394431786688524
0.0026609685838404605	0.6106715535327472	-0.1922444798514163	0.4098776863274405
0.002745436793939618	0.6222237723357094	-0.1963669131142474	0.42572238742569907
0.002832586312852673	0.6338294236983617	-0.200544455111926	0.44195781682193663
0.0029225022544579365	0.6454770908091166	-0.2047757333325361	0.4585737757212785
0.003015272434438241	0.6571544844739868	-0.209059205351101	0.4755577678063052
0.0031109874560454253	0.6688484023021247	-0.2133931493535927	0.49289482145314956
0.0032097407985872723	0.6805446870423554	-0.2177756543532166	0.5105673066905491
0.0033116289087233228	0.6922281841557619	-0.2222046101052847	0.528554747691625
0.003416751294658736	0.7038826987238292	-0.2266776967291724	0.5468336317571837
0.003525210623328175	0.715490951807433	-0.2311923740482584	0.5653772159363764
0.003637112820664647	0.7270345363891427	-0.2357458706614025	0.5841553326364785
0.0037525671750512153	0.7384938730499787	-0.2403351727624241	0.6031341957991023
0.003871686444056623	0.7498481655520117	-0.2449570127272322	0.6222762094659666
0.003994586964559064	0.7610753565200739	-0.2496078574917294	0.641539780823769
0.0041213887663656655	0.7721520834394656	-0.2542838967473986	0.6608791401049491
0.004252215689438635	0.7830536352119494	-0.2589810309855805	0.680244170029003
0.0043871955048425644	0.7937539095396037	-0.2636948594258931	0.6995802477970469
0.0045264600395310125	0.8042253714353075	-0.2684206678690316	0.7188281029995153
0.004670145305094251	0.814439013189833	-0.2731534165193449	0.7379236951618198
0.004818391630593878	0.8243643161587431	-0.2778877278281154	0.7567981150333448
0.0049713437996140855	0.8339692147676018	-0.2826178744143913	0.775377514118599
0.005129151191663373	0.8432200631713858	-0.2873377671265319	0.7935830673520169
0.005291967928064851	0.8520816050434897	-0.2920409433143547	0.8113309742254278
0.005459953022477595	0.8605169470112842	-0.2967205553888952	0.8285325040839158
0.005633270536196059	0.8684875362988091	-0.3013693597543328	0.8450940917051117
0.00581208973837922	0.8759531431827914	-0.3059797062045789	0.8609174896608522
0.005996585271365944	0.8828718489156737	-0.3105435278853686	0.8758999843192709
0.006186937321238031	0.8892000398185961	-0.3150523319314282	0.8899346826688237
0.006383331793797496	0.8948924082981278	-0.3194971908973982	0.9029108774209516
0.006585960496129988	0.8999019615927789	-0.3238687351106339	0.9147144980606933
0.006795021323931633	0.9041800391086782	-0.3281571460837799	0.925228655648422
0.007010718454782288	0.9076763392579632	-0.3323521511350507	0.9343342892128327
0.007233262547553923	0.9103389567680046	-0.336443019374425	0.9419109214952386
0.007462870948148925	0.9121144314841448	-0.3404185592244029	0.9478375315860631
0.00769976790176923	0.9129478097426336	-0.3442671176545217	0.9519935516120241
0.007944184771923601	0.9127827194432968	-0.3479765813193919	0.9542599940610317
0.008196360266386938	0.911561460002458	-0.3515343798005123	0.9545207155435436
0.008456540670332312	0.9092251084149974	-0.354927491162438	0.9526638217551262
0.008724980086863406	0.9057136426992212	-0.3581424500438883	0.9485832170949314
0.009001940685182269	0.900966084038467	-0.3611653585139537	0.9421803007781228
0.00928769295663476	0.8949206589679236	-0.3639818999325312	0.9333658093260778
0.009582515978883762	0.887514982982747	-0.3665773560623164	0.922061802996504
0.009886697688468131	0.8786862669628221	-0.3689366276869041	0.9082037909980452
0.010200535162013613	0.8683715478189084	-0.3710442589955983	0.8917429871949993
0.010524334906370336	0.856507944762755	-0.3728844660001429	0.8726486844259304
0.01085841315796028	0.8430329425882374	-0.3744411692515306	0.8509107315194356
0.011203096191627031	0.8278847033197002	-0.3756980311260222	0.8265420925827175
0.011558720639289494	0.81100240753536	-0.3766384979482165	0.7995814631648389
0.01192563381871075	0.7923266266055474	-0.3772458472151349	0.7700959124691914
0.012304194072703164	0.7717997269953832	-0.3775032401784637	0.738183514935387
0.012694771119101025	0.7493663076665988	-0.3773937800319652	0.703975928272687
0.013097746411842488	0.7249736714710187	-0.3769005759372477	0.6676408684679974
0.013513513513513514	0.6985723312559373	-0.3760068131031499	0.6293844254963421
0.013942478479717604	0.6701165511964302	-0.3746958291115468	0.5894531565409874
0.014385060255646748	0.6395649236286525	-0.3729511966549713	0.5481358866224991
0.014841691085240888	0.6068809813785094	-0.3707568128186422	0.5057651398103804
0.01531281693333549	0.5720338452588772	-0.3680969950008484	0.4627181178503117
0.015798897921209518	0.534998906043041	-0.3649565835207323	0.41941713732237584
0.0163004087759592	0.4957585398095436	-0.3613210509109125	0.37632943162545707
0.01681783929413642	0.4543028550918318	-0.3571766178336994	0.33396622047171054
0.017351694820104614	0.4106304697527765	-0.3525103754935154	0.2928809475199651
0.017902496739579263	0.3647493149376304	-0.3473104143442164	0.253666586659422
0.018470782988835085	0.3166774628379958	-0.3415659588080703	0.2169519196859866
0.019057108580077173	0.2664439743232646	-0.3352675076329971	0.18339669312761825
0.01966204614348921	0.2140897617648351	-0.3284069794162195	0.15368557022180906
0.020286186486488143	0.1596684615931202	-0.3209778627157576	0.12852080598108945
0.020930139170731527	0.103247310289883	-0.3129753700563622	0.10861358934401226
0.02159453310744099	0.04490801663183249	-0.3043965950138576	0.09467401701383536
0.022280017171623357	-0.015252377929910304	-0.2952406714319345	0.08739968910009632
0.0229872608357892	-0.07712065984004948	-0.2855089336889111	0.08746294739034367
0.023716954823787818	-0.1405666350461578	-0.2752050767897754	0.0954968131790659
0.024469811785397123	-0.2054423627531909	-0.2643353149121207	0.11207972312330369
0.02524656699232733	-0.2715814434704499	-0.2529085368848266	0.13771920846671687
0.026047979056318168	-0.3387983745276356	-0.2409364569272506	0.17283471485922494
0.026874830670030967	-0.4068879872500255	-0.2284337588263142	0.2177398163398956
0.027727929371459147	-0.475624980959898	-0.2154182315815396	0.27262413701082117
0.028608108332603712	-0.5447635698917084	-0.2019108944064699	0.3375353563611789
0.029516227173184025	-0.6140372599492357	-0.1879361088419603	0.4123617376126225
0.030453172800178493	-0.6831587729685623	-0.1735216756158102	0.4968156809924301
0.03141986027401515	-0.7518201367534292	-0.1586989137776637	0.5904188632621553
0.03241723370225808	-0.8196929595890076	-0.1435027195517851	0.6924895785185446
0.033446267161662505	-0.8864289081840364	-0.1279716022871879	0.8021329402562931
0.034507965649499005	-0.9516604080052354	-0.112147694848745	0.9182346376245784
0.0356033660650761	-1.0150015847159497	-0.0960767357884828	1.039458956135659
0.03673353822241953	-1.0760494648759047	-0.07980802066741795	1.1642517710225717
0.037899585895097655	-1.134385453162859	-0.06339431996906959	1.2908491961518458
0.039102647894212986	-1.1895771021017627	-0.046891761160045405	1.4172925191095185
0.04034389918061292	-1.24118018859534	-0.030359672614453177	1.5414499702828206
0.04162455201240582	-1.2887411094057053	-0.013860387330563216	1.6610457574092015
0.04294585712890322	-1.3317996051059695	0.002540995367056236	1.7736966448178717
0.04430910497214424	-1.3698918188733646	0.018776891626501643	1.8769561670753288
0.045715626947195526	-1.402553692805438	0.03477755947783062	1.968366339845405
0.04716679672245731	-1.429324700188288	0.050471470526360654	2.0455164679054327
0.04866403157124562	-1.4497519073181016	0.06578572710938946	2.1061083546637844
0.05020879375596087	-1.4633943530706564	0.08064652454304713	2.148026894519957
0.051802591956194736	-1.4698277284351355	0.09497965747574327	2.169414686611
0.05344698274216996	-1.4686493316982876	0.1087110686985328	2.1687489559554036
0.055143572094952166	-1.4594832679172831	0.1217674380431048	2.144918718298093
0.05689401697491838	-1.4419858538061676	0.1340768082282615	2.0972997930817803
0.05870002694001408	-1.415851181252568	0.1455692436999253	2.0258249721656605
0.06056336581537925	-1.380816784471081	0.1561775176532728	1.9310464092973942
0.06248585341597406	-1.336669347404302	0.1658378215353381	1.8141871273418295
0.06446936732388653	-1.2832503795448893	0.1744904904109103	1.6771784678459425
0.06651584472205799	-1.2204617800434472	0.1820807366444851	1.522680351203818
0.06862728428621731	-1.148271201987777	0.1885593834198252	1.3540813943901189
0.07080574813687147	-1.0667171213193063	0.1938835887029237	1.175476262884072
0.073053363853259	-0.9759135082515052	0.1980175493741693	0.9916181254479124
0.07537232655123324	-0.8760539935589745	0.2009331744358087	0.8078447402194789
0.07776490102710448	-0.7674154180240279	0.2026107154704229	0.6299775258444301
0.08023342396953523	-0.6503606509865144	0.2030393419187562	0.4641939507184044
0.08278030624164846	-0.525340563677898	0.2022176482989242	0.31687468512895905
0.08540803523557762	-0.3928950451660138	0.2001540802455921	0.19442817235496296
0.08811917730175828	-0.2536529536112012	0.1968672662515858	0.10309654139705897
0.09091638025533366	-0.1083309034257388	0.1923862422908634	0.04874805085983555
0.09380237596212208	0.04226919992370649	0.1867505571347481	0.036662455852329086
0.09677998300667176	0.1972639511544507	0.1800102471824485	0.07131675551575173
0.0998521094450088	0.3556936180408676	0.1722256710443081	0.15617963168166482
0.1030217556447667	0.516528729934208	0.1634671959629707	0.2935234530034422
0.1062920172154715	0.6786780910127908	0.1538147304400636	0.4842629225211153
0.1096660880318438	0.84099819935435	0.1433571001423674	0.7278292294784878
0.1131472633530711	1.0023040222971502	0.1321912672591893	1.0220878842526366
0.1167389430410959	1.1613810458782177	0.1204213969165329	1.3633072465605118
0.120444634881064	1.3169984821316647	0.1081577779451049	1.7461831068671314
0.1242679580071742	1.4679234835570223	0.09551560914734812	2.1639225851689723
0.1282126464372773	1.6129361800987758	0.08261366609292825	2.6083881388969443
0.1322825527196742	1.7508453215697273	0.06957286725654103	3.0702997239208982
0.1364816516956763	1.880504278706092	0.05651476185127479	3.5394902605390253
0.1408140443816028	2.0008271300719307	0.04355996485779592	4.005206674970291
0.1452839619740047	2.1108045409074614	0.030826567363140503	4.456446087170953
0.1498957699820297	2.20951912473073	0.01842855227623121	4.882314374089849
0.1546539724909611	2.2961599699209967	0.006474246676176449	5.272392523337616
0.1595632165610967	2.370036012339171	-0.004935157601039996	5.617095055565105
0.1646282967662631	2.4305879417878824	-0.015706984062494662	5.908004452112994
0.1698541598763978	2.4773983450807293	-0.025758322684675487	6.138166051396265
0.175245909688772	2.5101998117518605	-0.035017124672153545	6.302329293939381
0.1808088120125737	2.5288807598415706	-0.04342311650507657	6.397123464543893
0.1865482998117175	2.533488778367771	-0.05092851267134704	6.4211591035183355
0.1924699785109056	2.524231329452872	-0.057498510789999034	6.375049883334481
0.1985796314701208	2.5014737058386203	-0.06311155758324095	6.261353769702583
0.2048832256328985	2.4657341977202503	-0.06775937920980196	6.084436467278024
0.2113869173538942	2.4176764853226898	-0.07144677469804388	5.850264229297027
0.218097058411438	2.358099339111943	-0.0741911764886218	5.566136823788948
0.2250202022109479	2.2879237765020486	-0.07602198729999125	5.240374549636436
0.2321631101852605	2.2081778907311658	-0.07697970756498834	4.881975472490732
0.2395327583981303	2.1199796324217166	-0.07711487246270862	4.500260345437856
0.2471363443573462	2.0245178852349204	-0.07648682200281587	4.104522901576164
0.25498129404412	1.9230322318733304	-0.07516233162561611	3.7037023409191216
0.263075269165611	1.8167918532849825	-0.0732141342720701	3.30609294761989
0.2714261746376712	1.7070740692095252	-0.07071936823972344	2.919103106811792
0.2800421663051173	1.5951428762575486	-0.06775798434294336	2.5490719401174236
0.2889316589070721	1.4822282884916047	-0.06441115467977465	2.2011494960519338
0.2981033342951511	1.3695066925469568	-0.06075971567852338	1.8792403239802398
0.3075661499125234	1.2580828439376932	-0.05688268487728348	1.5860080820492024
0.3173293475421266	1.1489739153028375	-0.05285588607063119	1.3229348027386438
0.3274024623325808	1.043095978223042	-0.04875071490726043	1.0904258519890537
0.3377953321106135	0.9412532267453833	-0.0446330728006581	0.8879497480462247
0.3485181069890954	0.8441301641724199	-0.04056249169003934	0.7142010497978611
0.3595812592800661	0.7522868782393525	-0.036591465914259325	0.5672744825488648
0.3709955937224337	0.6661574275246986	-0.03276500046540268	0.44483926350182196
0.3827722580343365	0.5860512583880036	-0.029120377467094557	0.34430407384198863
0.3949227538004722	0.51215747176739	-0.025687135221308395	0.2629651048030427
0.4074589477050283	0.4445516676409506	-0.022487246960263985	0.1981318614782021
0.4203930831211846	0.3832050163388118	-0.019535479900547895	0.14722771952217373
0.4337377920685045	0.3279951439761503	-0.016839909666878514	0.1078643970295242
0.4475061075498961	0.2787183768842925	-0.014402560916513738	0.07789136737396841
0.4617114762801897	0.2351028686905918	-0.012220142251884584	0.05542269074320194
0.476367771818764	0.1968221339934884	-0.010284842359028304	0.03884473041210077
0.4914893081190466	0.1635085334534426	-0.008585154745835797	0.026808745394105507
0.5070908535081216	0.1347662944340293	-0.007106700366566077	0.018212459305579624
0.5231876451100976	0.1101837059361164	-0.005833020605188657	0.012174473183197127
0.5397954037273233	0.08934419259220848	-0.004746317276384815	0.00800491227764175
0.5569303491939824	0.0718360456250494	-0.0038281211702927047	0.005175071962738622
0.5746092162170646	0.05726066452592765	-0.0030598758784490497	0.003288146542342344
0.592849270720183	0.045239237589831865	-0.002423428866603756	0.0020524616251807446
0.6116683267061995	0.035417858654347024	-0.0019014267113989269	0.001258040135198126
0.6310847636551286	0.02747113841059281	-0.0014776158504718588	0.0007568467941755133
0.6511175444743083	0.021104419287331793	-0.0011370539312221047	0.00044668940509800983
0.6717862340183713	0.0160547418231583	-0.0008662397726731759	0.00025850510635202915
0.693111018197104	0.012090737157562755	-0.0006531720348395971	0.00014661255872036518
0.7151127236898527	0.009011635085021596	-0.00048734793812488074	8.144707491838676e-05
0.7378128382857329	0.006645580972702663	-0.00035971385813421213	4.429314052448148e-05
0.7612335318695064	0.004847449187119595	-0.0002625794421008927	2.3566711585120442e-05
0.7853976780736214	0.0034963272879400763	-0.0001895061782001284	1.2260217095970429e-05
0.8103288766175613	0.002492826081141591	-0.0001351802351384564	6.23245556679183e-06
0.8360514763563227	0.0017563476554405197	-9.527801267861645e-05	3.093834986471397e-06
0.8625905990605279	0.001222418628230828	-6.633133078188891e-05	1.4987071480890353e-06
0.8899721639514013	0.0008401706694255936	-4.5597646323664426e-05	7.079658991133081e-07
0.9182229130145688	0.0005700263462538357	-3.093921229329073e-05	3.2588727028082706e-07
0.9473704371174034	0.00038162651287428014	-2.0713753428169334e-05	1.460678549096661e-07
0.9774432029554242	0.00025201660983974287	-1.36780700105241e-05	6.369946123432998e-08
1.0084705808540664	0.00016409374150191288	-8.905024754682498e-06	2.7006055465978114e-08
1.0404828734529736	0.00010530441341101735	-5.71362310433076e-06	1.1121664972816793e-08
1.0735113453008287	6.657429637097281e-05	-3.61135316647064e-06	4.445178808983101e-09
1.1075882533896229	4.144575174432316e-05	-2.247603859380181e-06	1.7228020607607673e-09
1.1427468786581891	2.5396150517498017e-05	-1.3767819765307133e-06	6.468599897183146e-10
1.1790215584957635	1.5309757727400412e-05	-8.296630954301263e-07	2.3507702252361534e-10
1.2164477202773218	9.07557412918064e-06	-4.916066158682128e-07	8.260772283901832e-11
1.2550619159634393	5.287425518039915e-06	-2.862960318330851e-07	2.803883402666303e-11
1.2949018577984712	3.02646318472868e-06	-1.6375965194231712e-07	9.186296632122333e-12
1.3360064551419133	1.7013528325256063e-06	-9.194493271446717e-08	2.903055331394772e-12
1.3784158524689147	9.375582793632004e-07	-5.069631048921447e-08	8.815856430997039e-13
1.4221714685770586	5.085492554905312e-07	-2.7307818172972817e-08	2.5936806219334175e-13
1.4673160370376972	2.7199257720971685e-07	-1.4382468326682272e-08	7.41868174523518e-14
1.5138936479313534	1.4176611675545616e-07	-7.378044321016841e-09	2.0152067397924518e-14
1.5619497909079414	7.156240293284594e-08	-3.724377817781217e-09	5.135048503652578e-15
1.6115313996138705	3.5348677056028e-08	-1.8396787044577646e-09	1.2529133873469958e-15
1.662686897529413	1.707410845715132e-08	-8.886011116183205e-10	2.9231479154213554e-16
1.7154662452611076	8.058809226461157e-09	-4.194108790467488e-10	6.512031163395824e-17
