r	P	Q	rho
9.358259720952035e-05	0.2342688148718229	-0.06650086098434463	0.05930424213310757
9.655322772756656e-05	0.2405299860933275	-0.06827812229909556	0.06251657619474658
9.961815618067635e-05	0.2469568223327502	-0.07010240418507695	0.06590201916921745
0.00010278037590662884	0.2535536072450211	-0.07197492221653945	0.0694698211750393
0.00010604297526194391	0.2603247292774205	-0.07389692168918649	0.07322971970850005
0.00010940914063810108	0.2672746838690645	-0.07586967824467475	0.07719196471425883
0.00011288215957350292	0.2744080756739028	-0.07789449850037859	0.08136734489167985
0.00011646542396422338	0.2817296208087246	-0.07997272067391596	0.08576721529301594
0.00012016243337667548	0.2892441491119303	-0.08210571524226273	0.09040352627092811
0.00012397679846543505	0.2969566064308796	-0.08429488557391408	0.09528885383686361
0.0001279122444995575	0.3048720569184593	-0.08654166858635488	0.10043643149140279
0.00013197261500083178	0.3129956853469423	-0.08884753539782257	0.10586018359206943
0.00013616187549752535	0.3213327994325981	-0.09121399198560154	0.11157476032513972
0.00014048411739728543	0.3298888321695787	-0.09364257984599811	0.1175955743504226
0.00014494356198297922	0.3386693441702231	-0.09613487665611824	0.1239388391903761
0.0001495445645353764	0.3476800260086935	-0.09869249693642086	0.13062160943695125
0.0001542916185866987	0.3569267005646792	-0.1013170927131363	0.13766182285183043
0.0001591893603091924	0.3664153253636043	-0.1040103541795236	0.14507834443786596
0.00016424257304300857	0.3761519949094915	-0.1067740103548642	0.1528910125616508
0.00016945619196781394	0.3861429430063211	-0.1096098297400039	0.1611206872092156
0.00017483530892269442	0.3963945450634052	-0.1125196209681567	0.16978930045884164
0.000180385177379059	0.4069133203799436	-0.1155052334495909	0.17891990925687512
0.0001861112175714004	0.4177059344035659	-0.1185685580087075	0.18853675058422034
0.0001920190217909235	0.4287792009572736	-0.1217115275119157	0.19866529910284184
0.0001981143598472119	0.4401400844287854	-0.124936117484587	0.20933232737310084
0.00020440318470326576	0.4517957019158542	-0.128244346715251	0.2205659687340609
0.00021089163828941592	0.4637533253206614	-0.131638277845059	0.23239578293998414
0.00021758605750179017	0.4760203833859132	-0.1351200179404079	0.2448528246470879
0.00022449298039119273	0.4886044636647426	-0.1386917190464652	0.2579697148451744
0.0002316191525484384	0.5015133144159835	-0.1423555787191857	0.27178071532897935
0.00023897153369238031	0.5147548464158079	-0.146113840533243	0.28632180630393594
0.00024655730446706306	0.5283371346761139	-0.1499687945631285	0.30163076722048393
0.00025438387345464136	0.5422684200594132	-0.1539227778344886	0.3177472609300176
0.00026245888441091226	0.5565571107792978	-0.157978174742579	0.3347129212539964
0.00027079022373052773	0.5712117837748559	-0.1621374174345116	0.3525714440555858
0.000279386028149179	0.5862411859466644	-0.1664029861517606	0.3713686819003746
0.0002882546926902742	0.6016542352411999	-0.1707774095291663	0.3911527423891657
0.00029740487886387016	0.6174600215696873	-0.1752632648464435	0.4119740902414733
0.00030684552312586726	0.6336678075465407	-0.1798631782279537	0.4338856532031004
0.000316585845605727	0.6502870290316377	-0.1845798247862385	0.4569429318449125
0.0003266353591112376	0.6673272954597206	-0.1894159287045431	0.4812041133125898
0.0003370038784191213	0.684798389939208	-0.1943742632532696	0.506730189078583
0.0003477015298605576	0.7027102691016591	-0.1994576507350031	0.5335850767376527
0.0003587387612109827	0.7210730626820275	-0.2046689623524381	0.561835745876063
0.00037012635189382617	0.7398970728086939	-0.2100111179932045	0.5915523480316293
0.00038187542350814815	0.7591927729810601	-0.2154870859252519	0.6228083507472284
0.00039399745069045966	0.7789708067112316	-0.2210998823960868	0.6556806757039104
0.00040650427232133456	0.799241985804996	-0.2268525711287877	0.690249840901255
0.00041940810308775694	0.8200172882559411	-0.2327482627073277	0.7266001068319065
0.0004327215454124973	0.8413078557251166	-0.2387901138433304	0.7648196265741042
0.0004464576017621676	0.8631249905771603	-0.2449813265159554	0.8050005997003402
0.00046062968734597625	0.8854801524422548	-0.2513251469761725	0.8472394298717534
0.00047525164321758374	0.908384954271672	-0.2578248646062196	0.891636885956363
0.0004903377497928578	0.9318511578529848	-0.264483810624567	0.9382982664744401
0.0005059027407967255	0.955890668749289	-0.2713053566262093	0.9873335671360375
0.0005219618176527488	0.980515530624981	-0.2782929129476007	1.038857651193649
0.0005385306643294724	1.0057379189187696	-0.2854499268450124	1.0929904222868805
0.0005556254626580453	1.031570133822678	-0.2927798804745463	1.1498569994056274
0.0005732629081360769	1.0580245925238072	-0.3002862886614716	1.209587893543249
0.0005914602262331613	1.0851138206635755	-0.3079726964459679	1.2723191855513025
0.0006102351892139919	1.112850442967058	-0.3158426763917615	1.3381927046422883
0.0006296061334955037	1.1412471729928677	-0.3238998256435201	1.4073562069161152
0.0006495919775549859	1.1703168019518215	-0.3321477627182482	1.4799635532094768
0.0006702122404066618	1.200072186540356	-0.3405901240152728	1.55617488548449
0.000691487060664777	1.2305262357323408	-0.3492305600287566	1.6361568008836032
0.0007134372162118156	1.261691896470593	-0.3580727312460017	1.720082522481533
0.0007360841444910528	1.293582138196994	-0.3671203037141321	1.8081320656614637
0.0007594499634432606	1.3262099361576891	-0.3763769442570491	1.9004923989316558
0.0007835574931080188	1.359588253417418	-0.3858463153238664	1.9973575978796296
0.0008084302779107217	1.3937300215145396	-0.3955320694493301	2.0989289908337887
0.0008340926096570547	1.4286481196858984	-0.4054378433060329	2.2054152946667007
0.0008605695512573886	1.4643553525881874	-0.4155672513275394	2.317032739029601
0.0008878869612042718	1.5008644264400564	-0.4259238788808487	2.4340051771541473
0.0009160715188269192	1.5381879235068157	-0.4365112749659447	2.556564181194604
0.0009451507503473638	1.576338274847246	-0.4473329444195274	2.6849491199114364
0.0009751530557637228	1.6153277312397525	-0.4583923395993698	2.81940721631555
0.0010061077365868258	1.6551683322029267	-0.469692851525143	2.960193582701238
0.0010380450244573012	1.6958718730235145	-0.4812378004509627	3.107571230295164
0.0010709961106710657	1.7374498697028553	-0.4930304258443771	3.261811050538757
0.001104993176642051	1.7799135217311173	-0.5050738757460239	3.4231917648023784
0.0011400694253319275	1.8232736725970664	-0.5173711954837505	3.59199983910188
0.0011762591136775069	1.8675407679397973	-0.5299253157146278	3.7685293601524155
0.0012135975860475053	1.9127248112477768	-0.5427390397679963	3.95308186885113
0.001252121308761339	1.9588353170097936	-0.5558150302624898	4.145966147030552
0.0012918679057036596	2.0058812612220134	-0.569155794969877	4.347497953069408
0.0013328761950694233	2.0538710291553097	-0.5827636718985889	4.557999701688217
0.0013751862272753652	2.102812360287503	-0.5966408135699407	4.7778000829953005
0.0014188393240749208	2.152712290306071	-0.610789170460358	5.007233615586462
0.0014638781189147824	2.2035770900884186	-0.6252104735833746	5.24664012824089
0.0015103465985725143	2.255412201568933	-0.6399062161858095	5.496364164499261
0.0015582901461158852	2.308222170404901	-0.6548776345333813	5.756754304160749
0.001607755585225878	2.3620105753569884	-0.6701256877620821	6.028162395496856
0.0016587912259266614	2.416779954304446	-0.6856510367729584	6.310942691755634
0.0017114469117671873	2.472531726820672	-0.7014540221495262	6.605450885324562
0.0017657740685004942	2.5292661132411616	-0.7175346410789522	6.912043032738353
0.0018218257543082537	2.5869820501635195	-0.7338925232603372	7.2310743635656705
0.0018796567116196208	2.6456771023280075	-0.7505269057860181	7.562897966091457
0.0019393234205749856	2.705347370837283	-0.7674366069847685	7.907863342636492
0.002000884154186851	2.7659873976856204	-0.7846199992191578	8.266314827330342
0.002064399035251701	2.827590066581121	-0.8020749806331728	8.638589859185933
0.002129930095068451	2.8901465000593274	-0.8197989458505354	9.025017103422828
0.0021975413340208118	2.9536459529034484	-0.8377887556290143	9.425914414161332
0.002267298784082756	3.0180757019051048	-0.8560407054814616	9.84158663187119
0.0023392705733081146	3.0834209320203847	-0.8745504932803418	10.272323209318348
0.0024135269923672934	3.1496646189991084	-0.8933131858692235	10.71839566022262
0.0024901405631960923	3.2167874085907213	-0.9123231847120754	11.180054825430993
0.0025691861098236703	3.2847674924583345	-0.9315741906193462	11.657527952139104
0.0026507408314488377	3.353580480963223	-0.9510591675987002	12.151015582571054
0.0027348843778360284	3.4231992730157645	-0.9707703058880056	12.66068824956955
0.002821698927104608	3.493593923225468	-0.9906989842387632	13.186682977769633
0.0029112692659874696	3.5647315066225977	-1.0108357315296572	13.729099590444914
0.003003682872637324	3.6365759812670233	-1.0311701878023487	14.287996823740544
0.003099030002061525	3.7090880491065006	-1.0516910648250553	14.863388251857526
0.0031974037742689087	3.7822250154967296	-1.0723861063038926	15.45523802884286
0.003298900265214696	3.855940647849323	-1.0932420478774487	16.063456454983935
0.003403618600632304	3.9301850339313606	-1.1142445770466023	16.687895378415813
0.003511661052843701	4.004904440401606	-1.1353782932092429	17.328343445439234
0.0036231331406428474	4.08004117223369	-1.1566266679882908	17.984521216223758
0.003738143732349776	4.15553343374572	-1.1779720060612535	18.65607616604247
0.0038568051521359714	4.231315192028768	-1.1993954067204815	19.342577595955643
0.0039792332897248634	4.3073160436435245	-1.2208767264152958	20.043511480931432
0.004105547713574594	4.383461085534873	-1.2423945425501812	20.758275287757044
0.004235871787653601	4.459670791198265	-1.2639261188372757	21.48617279974602
0.004370332791923041	4.535860893219048	-1.2854473725262991	22.226408990168665
0.0045090620466437465	4.611942273396352	-1.3069328438608407	22.978084991502495
0.004652195040629097	4.687820861756135	-1.3283556681363868	23.7401932129861
0.0047998715635690905	4.763397545853233	-1.3496875507625183	24.51161266452393
0.00495223584255482	4.838568091859113	-1.3708987457591664	25.29110455068119
0.005109436682936699	4.913223079029889	-1.3919580381444827	26.077308204266977
0.005271627613654022	4.987247849247251	-1.4128327306995427	26.86873743475726
0.005438967037177764	5.0605224734223	-1.433488635622466	27.663777372470914
0.005611618384213085	5.132921736647969	-1.4538900716113463	28.460681894883244
0.005789750273312616	5.2043151440785085	-1.4739998669412242	29.257571726627653
0.0059735366755564205	5.274566949603075	-1.4937793691248915	30.052433309468253
0.006163157084459443	5.343536209463241	-1.5131884617700992	30.843118542678937
0.00635879669127242	5.411076863039819	-1.5321855892662672	31.627345497680064
0.006560646565847425	5.477037843100554	-1.5507277899515832	32.40270021328369
0.00676890384324471	5.541263217855265	-1.5687707384257423	33.16663967929654
0.006983771916263069	5.6035923672065335	-1.5862687976840066	33.916496116321184
0.007205460634081796	5.663860195609745	-1.6031750817539203	34.64948265816915
0.007434186507208199	5.721897383963412	-1.6194415295162987	35.36270054012943
0.007670172918930839	5.777530682936787	-1.6350189903861048	36.05314789119921
0.007913650343485042	5.830583250103462	-1.6498573225157809	36.717730221046
0.008164856571143702	5.880875033184305	-1.663905504162584	37.35327268271304
0.008424036940453242	5.9282232016069525	-1.6771117588315945	37.95653417968219
0.008691444577841542	5.972442628459276	-1.6894236947663543	38.52422337067554
0.008967340644831833	6.013346424747033	-1.700788459308631	39.05301660733535
0.009251994593103996	6.050746527657887	-1.7111529085865562	39.53957781852821
0.009545684427652391	6.08445434428168	-1.7204637929154618	39.98058033038126
0.0098486969782972	6.114281451936932	-1.72866795820718	40.37273058323218
0.01016132817981447	6.140040355902516	-1.7357125635804411	40.71279367548249
0.010483883360958436	6.161545304948488	-1.7415453152465863	40.99762062999009
0.0108166775426584	6.17861316459824	-1.746114716610262	41.22417724130962
0.0111600357456814	6.191064347533072	-1.7493703343735771	41.38957432208143
0.011514293308061117	6.198723799968229	-1.7512630802638471	41.49109912458778
0.011879796212603091	6.201422042184944	-1.7517455078193296	41.526247669462485
0.012256901424786047	6.1989962606959095	-1.7507721234641778	41.492757668421135
0.012645977241389364	6.191291448751876	-1.748299710883468	41.38864168246332
0.013047403650187164	6.17816159106679	-1.7442876674721053	41.212220112228216
0.013461572701060336	6.159470887750088	-1.7386983513785683	40.96215357412741
0.013888888888888888	6.135095011492178	-1.731497437397121	40.637474175749
0.01432976954859865	6.104922391057969	-1.7226542796819448	40.23761516814747
0.014784645262748046	6.068855513111092	-1.712142278965954	39.76243842244163
0.015253960282053136	6.026812233327364	-1.699939251668402	39.2122591551473
0.015738172959261477	5.978727086671361	-1.68602779797224	38.587867312432934
0.01623775619679867	5.9245525856179615	-1.67039566564826	37.89054501956896
0.016753197908624732	5.864260494017121	-1.6530361061029468	37.12207950976992
0.017285001496751322	5.797843063242723	-1.6339482188357597	36.284770967828315
0.017833686342885298	5.725314216255633	-1.613137280215021	35.38143475967837
0.01839978831567869	5.646710664269257	-1.5906150522261102	34.415397570340424
0.018983860294080505	5.562092939858148	-1.5664000666182103	33.39048704032138
0.019586472707301537	5.471546329623135	-1.5405178796839791	32.311014574838424
0.02020821409191946	5.375181688948894	-1.5130012927582166	31.18175110109952
0.020849691666668373	5.273136120991907	-1.4838905334252686	30.007895665698708
0.021511531925474076	5.165573501849864	-1.4532333923892031	28.7950368957685
0.022194381249314353	5.052684833919269	-1.4210853109944974	27.54910749204212
0.022898906537501776	4.934688409778194	-1.3875094144967397	26.276332076916326
0.02362579585900557	4.811829769566466	-1.3525764863811256	24.98316888279718
0.02437575912444859	4.6843814358050295	-1.3163648793191278	23.676245931619654
0.025149528779435933	4.552642410925995	-1.2789603587477103	22.36229252101013
0.025947860519891976	4.416937424667158	-1.2404558756025028	21.048066992742122
0.026771534030104783	4.277615919638728	-1.2009512650922802	19.74028189707343
0.027621353744198496	4.135050768137445	-1.160552869731003	18.44552781851494
0.028498149631777454	3.989636713414924	-1.1193730849361485	17.170197208307705
0.029402778008509368	3.8417885339163154	-1.0775298269818927	15.9204096673665
0.030336122372439135	3.6919389320027047	-1.0351459239622425	14.701940161532917
0.03129909426685012	3.5405361528800614	-0.9923484316112796	13.520151659572111
0.03229263417051557	3.388041343873934	-0.9492678770767168	12.37993365024883
0.0333177124162097	3.2349256688728243	-0.9060374350636824	11.285647916869067
0.03437533013837535	3.081667197645833	-0.862792042138452	10.241082825023762
0.03546652025087398	2.9287475947393293	-0.8196674563831243	9.249417212744987
0.03659234845577266	2.7766486376767614	-0.7767992709944368	8.313194764529703
0.0377539142841534	2.6258485991155576	-0.7343218917918968	7.434309506241966
0.038952352169961485	2.476818532334202	-0.6923674899076095	6.6140027831951125
0.040188832557941125	2.3300185037997574	-0.6510649421354548	5.852871786927103
0.04146456304674105	2.185893820463151	-0.6105387724814711	5.150889387042171
0.04278078956830599	2.0448713027043484	-0.5709081093403378	4.507434713934337
0.04413879760470609	1.9073556563603131	-0.5322856733848552	3.9213336379404495
0.045539913443592685	1.7737259988784253	-0.4947768116579655	3.3909080124516895
0.04698550547350652	1.6443325952197922	-0.4584785934648772	2.9140323043677894
0.04847698552030336	1.5194938585792857	-0.4234789834456351	2.4881960356803146
0.05001581022600244	1.3994936692019275	-0.3898561066417104	2.110570314022107
0.05160348247140423	1.2845790614954578	-0.3576776194375597	1.7780766446790708
0.05324155284386681	1.174958325235976	-0.3270001989528026	1.4874561961565023
0.05493162115167469	1.0707995609445544	-0.2978691617868353	1.2353377372626424
0.056675337986478606	0.9722297225263388	-0.270318220991483	1.018302573963642
0.058474406335332775	0.879334172103355	-0.2443693877976931	0.832944983921312
0.06033058324390336	0.7921567627775274	-0.2200330219913698	0.6759268675808264
0.06224568153247312	0.7107004550168583	-0.1973080319762847	0.5440255962435241
0.06422157156641778	0.6349284616945666	-0.1761822225457332	0.434174327010983
0.06626018308288337	0.5647659057970033	-0.156632785287108	0.3434943577775068
0.06836350707544848	0.500101963752915	-0.1386269234514353	0.26931939805513205
0.07053359773861224	0.4407924565499967	-0.1221226001257549	0.20921191921285576
0.0727725744740068	0.3866628406339531	-0.1070693957455517	0.1609720078324354
0.07508262396029398	0.3375115413708875	-0.0934094584719947	0.12263936749058361
0.07746600228876749	0.2931135639235488	-0.08107852882461183	0.09248928919232775
0.07992503716674626	0.2532243100464698	-0.07000701828560746	0.06902353380775203
0.08246213019091121	0.2175835248034478	-0.060121120445989946	0.05095713938957382
0.08507975919280536	0.1859192947568383	-0.051343932698315456	0.037202183587809266
0.08778048065878812	0.1579520189076689	-0.04359656652882239	0.026849500890110633
0.09056693222680713	0.1333982756367548	-0.03679922513359412	0.019149282913292553
0.09344183526242628	0.111974513083116	-0.03087222836597627	0.013491386064481905
0.09640799751662547	0.09340049668232973	-0.025736966878383453	0.009386044244604895
0.0994683158679682	0.0774024557722034	-0.021316769689832336	0.006445544829577257
0.1026257791518145	0.06371588097298277	-0.01753767220825716	0.004367283434647582
0.1058834710793435	0.0520879351094392	-0.014329074862432508	0.0029184753703783445
0.1092445732492346	0.04227945235080262	-0.0116242858361712	0.0019226761122847994
0.1127123682549506	0.034066512550992974	-0.009360944822019154	0.001248154565347849
0.1162902428906564	0.027241590007594175	-0.007481328094008974	0.0007980744961920627
0.1199816914589041	0.02161428756031832	-0.0059325384128899854	0.0005023724387605464
0.1237903191833157	0.017011677683631873	-0.00466658620526893	0.00031117420442298494
0.1277198457295957	0.01327828160989672	-0.0036403709977439903	0.00018956506351293698
0.1317741088383128	0.01027572523559301	-0.002815574155876701	0.00011351798694464381
0.1359570680729985	0.00788211638726924	-0.0021584755173088164	6.678677530127986e-05
0.1402728086872229	0.005991191826514328	-0.0016397074868909826	3.8583020144658436e-05
0.1447255456144251	0.004511284127425729	-0.0012339605756542724	2.1874343180632343e-05
0.1493196275843938	0.0033641583394703823	-0.0009196542384338012	1.2163325251297375e-05
0.1540595413704194	0.0024837663199429256	-0.0006785862455630517	6.629574424750182e-06
0.1589499161712655	0.0018149630293842792	-0.00049557278209707	3.5396831803871903e-06
0.1639955281322382	0.0013122242372924876	-0.00035809008939636334	1.8501609610617462e-06
0.1692013050097704	0.0009383993305725427	-0.0002559268446778013	9.460918534457317e-07
0.1745723309840755	0.0006635266157211129	-0.00018085471420753931	4.729759974214041e-07
0.1801138516245713	0.00046373201322322553	-0.00012632271255688004	2.3100480779579395e-07
0.1858312790129229	0.0003202256865409664	-8.717924307966387e-05	1.1014471074457638e-07
0.1917301970287096	0.00021840520897159528	-5.942406014524458e-05	5.123205423007185e-08
0.1978163668028752	0.00014706857597541158	-3.999094063596084e-05	2.322844137238435e-08
0.2040957323442908	9.77358700770052e-05	-2.6560624446963447e-05	1.0257767070721871e-08
0.2105744263449234	6.407476863553402e-05	-1.740260525458404e-05	4.40842664534409e-09
0.2172587761692801	4.1422413024981686e-05	-1.1243616520191172e-05	1.8422352132652884e-09
0.2241553100339779	2.6394280086135852e-05	-7.160183883652467e-06	7.479262545131041e-10
0.2312707633834742	1.6569696707666484e-05	-4.492355262449689e-06	2.947361047881129e-10
0.2386120854681844	1.0243546851959749e-05	-2.7755804568019348e-06	1.126340989804753e-10
0.2461864461314117	6.233243960558336e-06	-1.687925253646091e-06	4.1702421933733195e-11
0.2540012428117169	3.7313982624948847e-06	-1.0098823887247628e-06	1.494319543240628e-11
0.2620641077675678	2.196678859380557e-06	-5.94068131616071e-07	5.178314956251273e-12
0.2703829155313224	1.271386056968611e-06	-3.4339044978387107e-07	1.7343395068569615e-12
0.2789657905998287	7.221700805429044e-07	-1.9508768270262846e-07	5.595888291736266e-13
0.2878211153691483	4.0383784609630835e-07	-1.0842748990636481e-07	1.7484152650710047e-13
0.2969575383211575	2.2302103792451523e-07	-5.905286502842106e-08	5.322562422499298e-14
0.3063839824700164	1.1978432487666906e-07	-3.1299551379013046e-08	1.5327946402686876e-14
0.3161096540767601	6.24088248453388e-08	-1.6307377628598002e-08	4.160791983697876e-15
0.326144051640519	3.1849582814675134e-08	-8.322271338377948e-09	1.0836561256984368e-15
0.3364969751751524	1.591064920064782e-08	-4.157440321526798e-09	2.70433068013132e-16
0.3471785357803527	7.775066045424451e-09	-2.0316187398855726e-09	6.457912671496645e-17
