r	P	Q	rho
9.358259720952035e-05	5.939229001043354e-07	4.2756015573036925e-06	1.8633513088086105e-11
9.655322772756656e-05	6.315386726012634e-07	4.5409860703547805e-06	2.1019395586147118e-11
9.961815618067635e-05	6.715594005681522e-07	4.822829801278402e-06	2.3710679320590525e-11
0.00010278037590662884	7.14140961631972e-07	5.122152302899926e-06	2.674644152718365e-11
0.00010604297526194391	7.59449533056843e-07	5.440036163436174e-06	3.017075705275362e-11
0.00010940914063810108	8.076622901955533e-07	5.7776308909651275e-06	3.403333708723842e-11
0.00011288215957350292	8.589681541243829e-07	6.136157041288741e-06	3.8390249525157246e-11
0.00011646542396422338	9.135685912755369e-07	6.516910591667184e-06	4.33047312307491e-11
0.00012016243337667548	9.716784702110954e-07	6.921267587257429e-06	4.8848104063892047e-11
0.00012397679846543505	1.033526978276165e-06	7.350689071460077e-06	5.5100807840107264e-11
0.0001279122444995575	1.099358603615697e-06	7.80672631802166e-06	6.215356514383586e-11
0.00013197261500083178	1.1694341867930089e-06	8.291026383561621e-06	7.010869481015513e-11
0.00013616187549752535	1.2440320474174606e-06	8.805337999857545e-06	7.908159302673695e-11
0.00014048411739728543	1.3234491912690828e-06	9.351517826516623e-06	8.920240342152898e-11
0.00014494356198297922	1.4080026039397764e-06	9.931537085877422e-06	1.006179002208598e-10
0.0001495445645353764	1.4980306374536316e-06	1.0547488603285883e-05	1.1349361162719532e-10
0.0001542916185866987	1.5938944968389726e-06	1.1201594277272547e-05	1.2801621401967864e-10
0.0001591893603091924	1.6959798341695434e-06	1.1896213005618268e-05	1.44396231472951e-10
0.00016424257304300857	1.8046984581830093e-06	1.2633849094841278e-05	1.628710794761899e-10
0.00016945619196781394	1.920490168223647e-06	1.3417161182273348e-05	1.8370849667734642e-10
0.00017483530892269442	2.043824721947229e-06	1.4248971701622292e-05	2.0721041404767556e-10
0.000180385177379059	2.175203946973983e-06	1.513227692474692e-05	2.337173171381593e-10
0.0001861112175714004	2.3151640074850067e-06	1.6070257614304672e-05	2.636131641716713e-10
0.0001920190217909235	2.4642778376338104e-06	1.7066290323976688e-05	2.973309306833135e-10
0.0001981143598472119	2.623157754593474e-06	1.8123959385136888e-05	3.353588603995754e-10
0.00020440318470326576	2.792458265087424e-06	1.9247069621115697e-05	3.7824751216232977e-10
0.00021089163828941592	2.972879080364714e-06	2.043965983262362e-05	4.266177040998376e-10
0.00021758605750179017	3.1651683557863078e-06	2.1706017100450076e-05	4.811694690855021e-10
0.00022449298039119273	3.370126172495099e-06	2.3050691954247445e-05	5.426921499881444e-10
0.0002316191525484384	3.588608280057892e-06	2.447851445905592e-05	6.120757795099098e-10
0.00023897153369238031	3.8215301205016745e-06	2.599461127422907e-05	6.903239077601785e-10
0.00024655730446706306	4.069871155829491e-06	2.76044237425927e-05	7.785680613856684e-10
0.00025438387345464136	4.334679522904044e-06	2.9313727071017117e-05	8.780840413603655e-10
0.00026245888441091226	4.617077041541948e-06	3.112865066711625e-05	9.90310292762891e-10
0.00027079022373052773	4.918264603781437e-06	3.305569970051417e-05	1.1168686094033818e-09
0.000279386028149179	5.23952797458536e-06	3.510177796105064e-05	1.2595874694233632e-09
0.0002882546926902742	5.58224403673527e-06	3.727421209044314e-05	1.420528335449004e-09
0.00029740487886387016	5.947887515377782e-06	3.9580777268291854e-05	1.6020152950577162e-09
0.00030684552312586726	6.338038220619759e-06	4.202972443792025e-05	1.8066684648135473e-09
0.000316585845605727	6.754388849753965e-06	4.462980916239531e-05	2.0374416346055046e-09
0.0003266353591112376	7.19875339415327e-06	4.739032220618223e-05	2.297664689235602e-09
0.0003370038784191213	7.673076199622927e-06	5.032112194326923e-05	2.591091411994592e-09
0.0003477015298605576	8.179441733072139e-06	5.343266869826199e-05	2.921953351282949e-09
0.0003587387612109827	8.72008511278621e-06	5.673606113290644e-05	3.2950205172511327e-09
0.00037012635189382617	9.297403464378876e-06	6.0243074796767845e-05	3.7156697721484096e-09
0.00038187542350814815	9.91396816971404e-06	6.39662029673843e-05	4.189961886934708e-09
0.00039399745069045966	1.0572538081742382e-05	6.791869991214042e-05	4.7247283592452765e-09
0.00040650427232133456	1.12760737843404e-05	7.211462671138486e-05	5.327669225712272e-09
0.00041940810308775694	1.2027752982908937e-05	7.65688997899577e-05	6.007463256862459e-09
0.0004327215454124973	1.2830987118731169e-05	8.129734231231626e-05	6.773892097486973e-09
0.0004464576017621676	1.3689439307956172e-05	8.631673860486492e-05	7.637980111946795e-09
0.00046062968734597625	1.4607043714616964e-05	9.164489177792016e-05	8.612151915067429e-09
0.00047525164321758374	1.5588026476370715e-05	9.73006847289936e-05	9.710409818159044e-09
0.0004903377497928578	1.6636928311726515e-05	0.00010330414471876624	1.0948533699725326e-08
0.0005059027407967255	1.7758628948472173e-05	0.00010967651172127176	1.2344306125475774e-08
0.0005219618176527488	1.8958373524901023e-05	0.00011644031076042328	1.3917765896693614e-08
0.0005385306643294724	2.024180112835372e-05	0.00012361942845611442	1.5691493604736214e-08
0.0005556254626580453	2.1614975649617195e-05	0.00013123919401472668	1.7690933217968617e-08
0.0005732629081360769	2.3084419146958777e-05	0.00013932646491098178	1.9944754231943517e-08
0.0005914602262331613	2.4657147930122536e-05	0.00014790971752071488	2.2485259481105614e-08
0.0006102351892139919	2.6340711592588936e-05	0.0001570191429773166	2.5348844348534947e-08
0.0006296061334955037	2.814323523992121e-05	0.00016668674853831383	2.857651382804461e-08
0.0006495919775549859	3.0073465183224184e-05	0.00017694646476283868	3.221446470019311e-08
0.0006702122404066618	3.2140818389767643e-05	0.0001878342588155846	3.631474099156405e-08
0.000691487060664777	3.435543600783201e-05	0.00019938825422826875	4.093597190748497e-08
0.0007134372162118156	3.672824130998793e-05	0.000211648857465622	4.6144202576227876e-08
0.0007360841444910528	3.92710024285052e-05	0.0002246588916595101	5.201382923341916e-08
0.0007594499634432606	4.1996400288598955e-05	0.00023846373789195347	5.862865192660252e-08
0.0007835574931080188	4.491810217997401e-05	0.00025311148442555456	6.608305945155833e-08
0.0008084302779107217	4.805084144485471e-05	0.0002686530842981545	7.448336306646988e-08
0.0008340926096570547	5.141050380163654e-05	0.0002851425217174148	8.394929759250447e-08
0.0008605695512573886	5.501422086773713e-05	0.0003026369877104359	9.461571082813069e-08
0.0008878869612042718	5.888047149344987e-05	0.0003211970655034686	1.0663446481133046e-07
0.0009160715188269192	6.302919157092962e-05	0.0003408869261272126	1.2017657539454466e-07
0.0009451507503473638	6.748189303920448e-05	0.00036177453476410375	1.3543461989193834e-07
0.0009751530557637228	7.226179286767987e-05	0.00038393186837531974	1.526254462626153e-07
0.0010061077365868258	7.739395286737541e-05	0.00040743514516694535	1.7199322145764735e-07
0.0010380450244573012	8.290543125153725e-05	0.00043236506647676174	1.9381286124045798e-07
0.0010709961106710657	8.882544694576035e-05	0.00045880707168541134	2.1839388905365627e-07
0.001104993176642051	9.51855577328277e-05	0.000486851606778141	2.460847774233671e-07
0.0011400694253319275	0.00010201985340966036	0.0005165944072058714	2.772778320461143e-07
0.0011762591136775069	0.00010936516523364624	0.0005481367957168633	3.124146861853331e-07
0.0012135975860475053	0.00011726129304378713	0.0005815859958526354	3.519924814182025e-07
0.001252121308761339	0.00012575125155923631	0.000617055461823906	3.965708202354282e-07
0.0012918679057036596	0.00013488153748459665	0.0006546652255040187	4.467795866384363e-07
0.0013328761950694233	0.0001447024191885697	0.0006945422612984049	5.033277428485263e-07
0.0013751862272753652	0.00015526825087100435	0.0007368208696689392	5.670132237082331e-07
0.0014188393240749208	0.00016663781329395038	0.000781643080111338	6.38734065505329e-07
0.0014638781189147824	0.00017887468332591114	0.0008291590744017988	7.195009229977928e-07
0.0015103465985725143	0.00019204763473609692	0.0008795276309455911	8.104511476044933e-07
0.0015582901461158852	0.0002062310728781609	0.0009329165910750224	9.128646213235178e-07
0.001607755585225878	0.0002215055061217772	0.0009895033481567383	1.02818156525566e-06
0.0016587912259266614	0.0002379580571266936	0.001049475360378338	1.1580225689927534e-06
0.0017114469117671873	0.0002556830173088164	0.0011130306880913709	1.304211117973291e-06
0.0017657740685004942	0.00027478244812282617	0.001180378556591487	1.468798930657376e-06
0.0018218257543082537	0.0002953668330821821	0.0012517399452163364	1.6540944565351944e-06
0.0018796567116196208	0.00031755578475667297	0.0013273482036372198	1.8626949301313807e-06
0.0019393234205749856	0.0003414788113314864	0.0014074496962108922	2.0975224259524976e-06
0.002000884154186851	0.0003672761476817732	0.001492304475242645	2.3618644154851898e-06
0.002064399035251701	0.00039509965631462894	0.0015821869839901586	2.6594193907278124e-06
0.002129930095068451	0.00042511380395813766	0.0016773867902088262	2.994348190282827e-06
0.0021975413340208118	0.0004574967200365375	0.0017782093510024858	3.3713317448368717e-06
0.002267298784082756	0.0004924413437636785	0.0018849768096978305	3.7956360501463883e-06
0.0023392705733081146	0.0005301566671158126	0.001998028825405221	4.273185278837513e-06
0.0024135269923672934	0.0005708690815115317	0.002117723435862128	4.810644059025515e-06
0.0024901405631960923	0.0006148238366335575	0.002244437954076823	5.415510079793362e-06
0.0025691861098236703	0.0006622866204763505	0.002378569899198013	6.0962183330328315e-06
0.0026507408314488377	0.0007135452703974332	0.0025205379619294486	6.862258470434005e-06
0.0027348843778360284	0.0007689116256912644	0.002670783004685851	7.724306946241965e-06
0.002821698927104608	0.0008287235329947998	0.0028297690965460565	8.694375833906468e-06
0.0029112692659874696	0.000893347016675835	0.002997984582899684	9.785980451507805e-06
0.003003682872637324	0.0009631786272512056	0.0031759431895028497	1.1014328210943051e-05
0.003099030002061525	0.001038647981834098	0.0033641851604549505	1.2396531423993345e-05
0.0031974037742689087	0.0011202205116202886	0.003563278429380012	1.3951847159939706e-05
0.003298900265214696	0.0012084004324940689	0.003773819822840776	1.570194766051784e-05
0.003403618600632304	0.0013037339559677436	0.0039964362947291256	1.7671225285771565e-05
0.003511661052843701	0.0014068127588655254	0.004231786190060479	1.9887136496893416e-05
0.0036231331406428474	0.0015182777314246589	0.004480560536249912	2.238058998874011e-05
0.003738143732349776	0.0016388230248146171	0.004743484359561494	2.5186384776067053e-05
0.0038568051521359714	0.0017692004204697288	0.0050213180239969644	2.8343704825907046e-05
0.0039792332897248634	0.001910224045091504	0.005314858589422808	3.1896677728007145e-05
0.004105547713574594	0.0020627754567035888	0.00562494118522303	3.5895005921996964e-05
0.004235871787653601	0.002227809128733185	0.005952440395205747	4.039468017254407e-05
0.004370332791923041	0.0024063583607456013	0.006298271648882072	4.5458786323441944e-05
0.0045090620466437465	0.002599541646170007	0.006663392613572647	5.115841789278679e-05
0.004652195040629097	0.0028085695291197813	0.0070488045810777455	5.757370882212272e-05
0.0047998715635690905	0.0030347519842242564	0.007455553841867824	6.479500269474313e-05
0.00495223584255482	0.0032795063552425426	0.007884733038910173	7.292417702895788e-05
0.005109436682936699	0.003544365890115164	0.008337482492340684	8.207614387309928e-05
0.005271627613654022	0.0038309889120141626	0.0088149914852152	9.238055092839196e-05
0.005438967037177764	0.004141168667863305	0.009318499499529797	0.00010398371085842982
0.005611618384213085	0.004476843897700958	0.009849297390581263	0.0001170507903724932
0.005789750273312616	0.004840110170129672	0.010408728486546105	0.00013176829516562904
0.0059735366755564205	0.005233232030916291	0.010998189598886704	0.00014834689194246793
0.006163157084459443	0.005658656013548044	0.011619131927845954	0.00016702461463635268
0.00635879669127242	0.00611902456218376	0.01227306184586555	0.00018807050866504884
0.006560646565847425	0.0066171909189300234	0.01296154154025881	0.0002117887747574247
0.00676890384324471	0.00715623502868042	0.013686189494886564	0.000238523482675656
0.006983771916263069	0.007739480515836829	0.014448680788926294	0.0002686639351953057
0.007205460634081796	0.00837051278803382	0.015250747189092992	0.0003026507741602655
0.007434186507208199	0.009053198322453432	0.016094177009868753	0.00034098293349066154
0.007670172918930839	0.009791705190382867	0.016980814714432555	0.00038422555890126
0.007913650343485042	0.0105905248752601	0.01791256022705843	0.00043301903102149845
0.008164856571143702	0.011454495438491323	0.018891367925778065	0.00048808924785753477
0.008424036940453242	0.012388826085720162	0.019919245282093108	0.0005502593443904089
0.008691444577841542	0.01339912318388324	0.02099825111248572	0.0006204630518798852
0.008967340644831833	0.014491417776190754	0.022130493404428495	0.0006997599274875505
0.009251994593103996	0.015672194638005288	0.02331812667755412	0.0007893527165219827
0.009545684427652391	0.01694842291132664	0.024563348838631927	0.0008906071453495023
0.0098486969782972	0.018327588349083084	0.025868397487036662	0.0010050744832407706
0.01016132817981447	0.019817727192526707	0.027235545625511427	0.0011345172565967272
0.010483883360958436	0.021427461695566367	0.0286670967292529	0.0012809385495993063
0.0108166775426584	0.023166037298668604	0.03016537912471809	0.0014466153818612827
0.0111600357456814	0.025043361441824587	0.03173273962810639	0.00163413671661106
0.011514293308061117	0.027070043990817656	0.033371536392253584	0.0018464467228443086
0.011879796212603091	0.029257439233418885	0.03508413090973303	0.002086893992188483
0.012256901424786047	0.03161768938196315	0.036872879119348376	0.0023592874964043827
0.012645977241389364	0.034163769495782884	0.03874012156297943	0.002667960164875409
0.013047403650187164	0.03690953371096105	0.04068817253997256	0.0030178410634031476
0.013461572701060336	0.039869762635562286	0.04271930820701846	0.003414537266302313
0.013888888888888888	0.043060211735662914	0.044835753572807446	0.0038644266331616375
0.01432976954859865	0.046497660500878585	0.04703966833877502	0.0043747628294769185
0.014784645262748046	0.050199962137436535	0.04933313154003255	0.004953794066146216
0.015253960282053136	0.054186093491924055	0.05171812494420869	0.005610897175660315
0.015738172959261477	0.05847620485944217	0.05419651517049776	0.0063567287913894426
0.01623775619679867	0.06309166927580431	0.05677003449681941	0.007203395548777535
0.016753197908624732	0.06805513083446985	0.05944026032973568	0.008164645380963557
0.017285001496751322	0.07339055150495524	0.06220859331974656	0.009256082133023105
0.017833686342885298	0.07912325586043112	0.06507623411389346	0.010495405864401518
0.01839978831567869	0.0852799730480557	0.0680441587483356	0.0119026813428458
0.018983860294080505	0.09188887525635046	0.07111309269582396	0.013500637348641986
0.019586472707301537	0.09897961184970426	0.07428348359686547	0.015314999497203899
0.02020821409191946	0.1065833382511132	0.07755547271892657	0.017374859341407374
0.020849691666668373	0.1147327385608448	0.08092886520533907	0.019713082521095104
0.021511531925474076	0.1234620408013068	0.08440309919469466	0.02236675867249301
0.022194381249314353	0.1328070235776035	0.08797721391248636	0.025377695679345513
0.022898906537501776	0.1428050128398336	0.09164981685958985	0.0287929606225814
0.02362579585900557	0.1534948673280657	0.09541905024687151	0.03266546944607548
0.02437575912444859	0.1649169511752824	0.09928255685172456	0.0370546268799664
0.025149528779435933	0.1771130920387661	0.1032374455006073	0.042027017525023296
0.025947860519891976	0.1901265230280521	0.1072802564115863	0.04765714817447213
0.026771534030104783	0.2040018065995626	0.1114069266623349	0.05402824040423221
0.027621353744198496	0.218784738496546	0.1156127560818268	0.061233071167838
0.028498149631777454	0.2345222297304495	0.1198923738978688	0.0693748575566081
0.029402778008509368	0.2512621645291466	0.1242397065073689	0.0785681799969091
0.030336122372439135	0.2690532321216638	0.1286479467715218	0.08893993592364222
0.03129909426685012	0.2879447301916899	0.1331095252735345	0.10063031336371084
0.03229263417051557	0.3079863378170348	0.1376160840117028	0.11379377086066474
0.0333177124162097	0.329227855723558	0.1421584530351015	0.12860000675366506
0.03437533013837535	0.3517189117244524	0.146726630562343	0.14523489698081143
0.03546652025087398	0.3755086292940769	0.1513097671552062	0.1639013763108792
0.03659234845577266	0.4006452573450221	0.1558961545478021	0.18482023323585117
0.0377539142841534	0.427175759443325	0.1604732197576155	0.2082307837153574
0.038952352169961485	0.4551453609155518	0.1650275251264916	0.23439138361232273
0.040188832557941125	0.4845970525788561	0.1695447749565819	0.26357973408319263
0.04146456304674105	0.5155710501672846	0.1740098294175252	0.29609292850451285
0.04278078956830599	0.5481042089407361	0.1784067264057404	0.3322471838853628
0.04413879760470609	0.5822293934532	0.1827187120335647	0.3723771943280859
0.045539913443592685	0.6179748030300933	0.1869282804139265	0.41683503919859016
0.04698550547350652	0.6553632541661085	0.1910172233840282	0.4659885745405351
0.04847698552030336	0.6944114218097196	0.1949666907777292	0.520219233252615
0.05001581022600244	0.7351290423521833	0.1987572618094931	0.5799191580316455
0.05160348247140423	0.7775180820899587	0.2023690280712657	0.6454875914993564
0.05324155284386681	0.8215718759807173	0.2057816885657934	0.7173264507514644
0.05493162115167469	0.8672742426631254	0.2089746571038945	0.7958350192985879
0.056675337986478606	0.9145985829551874	0.2119271822772632	0.881403698531617
0.058474406335332775	0.9635069703778188	0.2146184800807574	0.9744067739588176
0.06033058324390336	1.013949243658143	0.2170278790971624	1.0751941690203326
0.06224568153247312	1.0658621126350627	0.2191349779717695	1.184082181721567
0.06422157156641778	1.1191682904969853	0.2209198146927532	1.301343226977825
0.06626018308288337	1.1737756668016008	0.222363046955904	1.4271946406270564
0.06836350707544848	1.2295765372275105	0.2234461426291185	1.5617866395562279
0.07053359773861224	1.2864469074478668	0.2241515790445796	1.7051895760703588
0.0727725744740068	1.3442458898511254	0.224463049537374	1.8573806729892615
0.07508262396029398	1.402815213010861	0.2243656753225015	2.01823047811763
0.07746600228876749	1.461978864767017	0.223846220463566	2.1874893314412795
0.07992503716674626	1.5215428904612611	0.2228933073434838	2.364774193971726
0.08246213019091121	1.5812953682022457	0.221497629709759	2.5495562414649173
0.08507975919280536	1.6410065829535752	0.2196521600455886	2.741149676709662
0.08778048065878812	1.7004294206701835	0.2173523477263196	2.938702257742879
0.09056693222680713	1.7593000025932417	0.2145963041730422	3.1411880728893093
0.09344183526242628	1.81733857809266	0.2113849710267642	3.3474031133998374
0.09640799751662547	1.8742506920734825	0.2077222672533896	3.555964197050817
0.0994683158679682	1.9297286399067437	0.2036152110668342	3.7653117778541225
0.1026257791518145	1.9834532190939569	0.1990740126388973	3.973717134842332
0.1058834710793435	2.0350957824368225	0.1941121337613578	4.17929436416553
0.1092445732492346	2.08432059239433	0.1887463109461675	4.380017501774838
0.1127123682549506	2.1307874706295618	0.1829965388971093	4.573742978240247
0.1162902428906564	2.1741547305669213	0.1768860118591669	4.758237453637963
0.1199816914589041	2.2140823742128988	0.1704410210425624	4.931210901454258
0.1237903191833157	2.250235527679922	0.1636908071132512	5.090354610366324
0.1277198457295957	2.2822880829538925	0.1566673676209253	5.233383557670624
0.1317741088383128	2.3099265066371455	0.1494052201741107	5.358082385880161
0.1359570680729985	2.332853769863706	0.1419411231401821	5.4623539940056025
0.1402728086872229	2.3507933475071625	0.1343137566135309	5.544269547899569
0.1447255456144251	2.3634932293606954	0.1265633673240392	5.602118531182248
0.1493196275843938	2.37072988132635	0.118731382017667	5.6344573112894745
0.1540595413704194	2.372312090948406	0.1108599946016429	5.640154595263075
0.1589499161712655	2.3680846289799	0.1029917329838103	5.618432107073878
0.1639955281322382	2.3579316571704725	0.09516901203123422	5.568898840737692
0.1692013050097704	2.3417798121691127	0.08743367941732857	5.491577336979256
0.1745723309840755	2.319600896384132	0.07982656131808592	5.38692059839794
0.1801138516245713	2.2914141088538167	0.07238701496330703	5.25581849818963
0.1858312790129229	2.2572877526627857	0.06515249496197481	5.09959284592118
0.1917301970287096	2.2173403601965926	0.05815814012130728	4.919980642219125
0.1978163668028752	2.1717411835719056	0.051436387188509215	4.719105470349308
0.2040957323442908	2.120710004933282	0.0450166175846001	4.49943742088288
0.2105744263449234	2.0645162300055615	0.03892484278949612	4.263742407342564
0.2172587761692801	2.003477238378095	0.03318343358936651	4.0150221849638985
0.2241553100339779	1.9379559755195648	0.02781089791565484	3.7564468090948626
0.2312707633834742	1.8683577845113617	0.02282171148527431	3.4912816414593206
0.2386120854681844	1.7951264899387307	0.018226204879404333	3.222811309424054
0.2461864461314117	1.718739762225492	0.014030510052816834	2.954263225467283
0.2540012428117169	1.6397038125691068	0.010236568590944854	2.6887333802901816
0.2620641077675678	1.5585474595713766	0.006842202752618438	2.4291169994749
0.2703829155313224	1.4758156911199658	0.003841250261766142	2.1780467093594758
0.2789657905998287	1.3920627835910948	0.0012237614564487524	1.9378402910514896
0.2878211153691483	1.3078451147277688	-0.001023743136863752	1.7104598921673009
0.2969575383211575	1.2237138016951967	-0.0029179585130157545	1.497483982941195
0.3063839824700164	1.1402073129300638	-0.004478429430090036	1.3000927727893568
0.3161096540767601	1.0578442127328764	-0.005727140049234106	1.1190671785455826
0.326144051640519	0.97711620345727	-0.006688067409043329	0.9548008053044169
0.3364969751751524	0.8984816307865032	-0.007386708600664578	0.8073238043247255
0.3471785357803527	0.8223596123079469	-0.007849592696848689	0.676336948060783
0.3581991655165703	0.7491249380260729	-0.008103789334496722	0.5612538441741455
0.3695696275934012	0.6791038735576415	-0.008176426270403495	0.46124892502754844
0.3813010268813902	0.612570972873945	-0.008094228159717217	0.37530871333723304
0.3934048207575125	0.5497469783390823	-0.007883088212787282	0.302283883272722
0.4058928302949297	0.4907978525595813	-0.007567683269351031	0.24093980190716172
0.4187772518079457	0.4358349506571832	-0.007171141228800222	0.1900035294808727
0.4320706687634397	0.3849163046870814	-0.006714767766298808	0.1482056497201134
0.4457860640704074	0.3380489558639429	-0.006217836953482927	0.11431575805708212
0.4599368327596154	0.2951922368403937	-0.0056974479181588975	0.08717091760361521
0.4745367950657505	0.2562618771947369	-0.005168447162287327	0.06569686254943978
0.4896002099248408	0.2211347819554212	-0.004643413753833536	0.04892215308176096
0.5051417889001312	0.18965431649659	-0.004132702448188036	0.03598583899531399
0.5211767105500139	0.1616359221263689	-0.003644537989383083	0.026139453978797647
0.5377206352520448	0.1368728853389329	-0.0031851524719992293	0.018744331937274556
0.5547897204975268	0.11514208973071	-0.0027589567588436528	0.013265312669952041
0.5724006366715931	0.09620959228711466	-0.0023687365588370155	0.009261896560938005
0.5905705833342053	0.07983588407664113	-0.00201586385178171	0.006377832093367801
0.6093173060179659	0.06578071803865071	-0.0017005148503199052	0.004329994616436625
0.6286591135591495	0.05380741206998863	-0.0014218865406879205	0.0028972593550041477
0.6486148959788822	0.0436865625194573	-0.0011784049550165594	0.0019099043830044591
0.6692041429319279	0.0351991300709145	-0.0009679196054431847	0.0012399156261117584
0.6904469627411038	0.02813888556980906	-0.0007878798628959373	0.0007924176357891655
0.7123641020359126	0.02231422657218192	-0.0006354904083344945	0.0004983285555737548
0.7349769660145709	0.01754939547002594	-0.0005078441521187367	0.0003082391870462082
0.7583076393492255	0.01368514643785988	-0.00040203215451940815	0.0001874448628789365
0.7823789077547705	0.010578920878456324	-0.0003152310506866827	0.00011201293756795614
0.8072142802423331	0.008104599482569742	-0.00024476926622586583	6.574444476655848e-05
0.8328380120791603	0.006151903623277666	-0.0001881738988840171	3.788132760631808e-05
0.8592751284773316	0.004625519907448375	-0.00014320054351012106	2.1415940809862816e-05
0.8865514490344315	0.0034440197525617377	-0.0001078485661962477	1.1872903369266e-05
0.9146936129500512	0.0025386413739116958	-8.036441038356374e-05	6.45115846379256e-06
0.9437291050427512	0.001851995123876472	-5.923546748903979e-05	3.433394779470874e-06
0.9736862825928868	0.0013367452986987574	-4.3176893687613646e-05	1.7887522377417419e-06
1.0045944030375191	0.0009543128761476418	-3.111352922142846e-05	9.11681117281797e-07
1.0364836525444572	0.0006736346829442229	-2.2158801996971912e-05	4.542746985713047e-07
1.069385175493334	0.00047000566537347367	-1.5592195975080242e-05	2.21148442058487e-07
1.1033311048925185	0.0003240226261490488	-1.0836556681160567e-05	1.0510809321723027e-07
1.138354593761557	0.0002206402871246968	-7.436207434340507e-06	4.873743348347519e-08
1.1744898475098056	0.0001483440464811443	-5.0365733464900525e-06	2.2031323197474476e-08
1.2117721573428684	9.843844113148936e-05	-3.3657648725570784e-06	9.701455065575037e-09
1.2502379347294696	6.444613392229343e-05	-2.2183646701988865e-06	4.158225319340167e-09
1.2899247469624238	4.160920693222087e-05	-1.4414925800796824e-06	1.733404002386802e-09
1.3308713538484287	2.6482559603531775e-05	-9.230940016390973e-07	7.021780656904752e-10
1.373117745562522	1.6608111468624286e-05	-5.823062945587502e-07	2.761684471749323e-10
1.4167051817041625	1.0258318676260074e-05	-3.616940580010234e-07	1.0536392465529949e-10
1.4616762315930878	6.237780844018037e-06	-2.211153571104965e-07	3.8958801859148474e-11
1.5080748158443	3.7322573488498287e-06	-1.3298124306226338e-07	1.3947428929049937e-11
1.5559462492627798	2.1962514130571348e-06	-7.864256283136111e-08	4.829704922044146e-12
1.6053372850998286	1.2705626304943082e-06	-4.570252262101149e-08	1.6164181185825402e-12
1.6562961607142557	7.21950472412679e-07	-2.6100633073266016e-08	5.218937276637157e-13
1.7088726446830076	4.025879175452866e-07	-1.4646295012418548e-08	1.6229154531104127e-13
1.7631180854072497	2.208408221909628e-07	-8.041446192501375e-09	4.883533360284735e-14
1.8190854612613692	1.1768753470767323e-07	-4.379803577889556e-09	1.3869538504950686e-14
1.8768294323338823	6.087546628753317e-08	-2.3685405563505997e-09	3.711432380091666e-15
1.936406393810766	3.073798822823932e-08	-1.2513691908168896e-09	9.463898451711047e-16
1.9978745310533688	1.5499241913078776e-08	-6.309870921619377e-10	2.406246445906128e-16
2.061293876424675	7.647264222364359e-09	-3.1132651788549356e-10	5.857757428739267e-17
2.1267263679194284	3.689459259432559e-09	-1.5020097000969074e-10	1.3634669958404498e-17
2.1942359096553807	1.7392867033225774e-09	-7.080781534478516e-11	3.0301319830686206e-18
