r	P	Q	rho
0.0001020901060467495	4.782047949536926e-13	-2.88847762495735e-14	2.2951415621569106e-25
0.00010533079388461807	5.413558777145e-13	-3.269890966653983e-14	2.9413540502941718e-25
0.0001086743521971015	6.128455809940187e-13	-3.7016611378795104e-14	3.7694993566186513e-25
0.0001121240464435951	6.937747838054941e-13	-4.190435341865757e-14	4.830794254797959e-25
0.00011568324574030244	7.853896761359089e-13	-4.74373801546448e-14	6.190872484168041e-25
0.00011935542615065572	8.891009069282067e-13	-5.370086396627663e-14	7.933842054912842e-25
0.00012314417408018505	1.006505363309439e-12	-6.079121968738449e-14	1.0167486187617454e-24
0.00012705318977915278	1.1394106737848762e-12	-6.881758334049205e-14	1.3029925433117312e-24
0.00013108629095637324	1.2898630325467634e-12	-7.7903491338644e-14	1.669815596693483e-24
0.00013524741650774733	1.4601786810277552e-12	-8.818878022215544e-14	2.1398990414850263e-24
0.00013954063036315364	1.6529795347058213e-12	-9.983173651325043e-14	2.7423077177715245e-24
0.00014397012545545288	1.871233510869083e-12	-1.1301153011559247e-13	3.514286458138502e-24
0.00014854022781548223	2.11830017454452e-12	-1.2793096850406825e-13	4.503561962177733e-24
0.00015325540079703866	2.3979824036111487e-12	-1.4481961395913876e-13	5.7712923286159755e-24
0.00015812024943597734	2.714584866682111e-12	-1.6393731168976396e-13	7.395846440583602e-24
0.00016313952494768336	3.0729802115635025e-12	-1.855781829650513e-13	9.477646642653478e-24
0.00016831812936730768	3.478683980408423e-12	-2.1007514450278946e-13	1.2145373801888056e-23
0.00017366112033730078	3.9379394015077145e-12	-2.3780502342384584e-13	1.5563917959112552e-23
0.00017917371604691846	4.457813359072163e-12	-2.69194346201128e-13	1.9944565540348892e-23
0.00018486130032852432	5.046305013703581e-12	-3.047258903507653e-13	2.555805215957997e-23
0.00019072942791566663	5.712468740131928e-12	-3.4494609928819253e-13	3.27512869183986e-23
0.0001967838298680644	6.466553268174047e-12	-3.9047347398086273e-13	4.1968780704015134e-23
0.00020303041916880043	7.320159161096995e-12	-4.4200806997373596e-13	5.378010127771417e-23
0.00020947529649918928	8.286417046433902e-12	-5.003422452710527e-13	6.891504982983324e-23
0.0002161247561969584	9.380189332088238e-12	-5.663728236856706e-13	8.830873008123165e-23
0.0002229852924035627	1.0618298500120917e-11	-6.411148599064965e-13	1.1315929130126305e-22
0.00023006360540663557	1.2019785477426188e-11	-7.257172170145193e-13	1.4500190840241678e-22
0.00023736660818377117	1.3606202042767876e-11	-8.214801948708596e-13	1.858035637391858e-22
0.0002449014331540284	1.5401941750380333e-11	-9.298754791270701e-13	2.3808447808879057e-22
0.00025267543914375093	1.743461443946994e-11	-1.0525687160445437e-12	3.050736815549694e-22
0.0002606962185735058	1.9735470065453196e-11	-1.1914450583944713e-12	3.9090832003157177e-22
0.00026897160487315965	2.2339878342779637e-11	-1.3486380730507706e-12	5.008889890222767e-22
0.00027750968013233603	2.5287871542183558e-11	-1.5265624521735509e-12	6.418068400543632e-22
0.00028631878299372246	2.8624758750158385e-11	-1.727951027887729e-12	8.223626282595472e-22
0.00029540751679693925	3.24018209900186e-11	-1.9558966559693225e-12	1.053703535198042e-21
0.0003047847579809226	3.667709783869149e-11	-2.2138996082545026e-12	1.3501108573443774e-21
0.0003144596647530264	4.151627757011394e-11	-2.5059211974069097e-12	1.7298809443263588e-21
0.00032444168603331286	4.699370443599999e-11	-2.836444452586588e-12	2.2164536737507344e-21
0.00033474057068276427	5.319351848175992e-11	-3.2105427718941623e-12	2.839857993359496e-21
0.00034536637702442947	6.021094531658778e-11	-3.6339575988382824e-12	3.6385635837472786e-21
0.00035632948266680465	6.815375554282309e-11	-4.1131863073255915e-12	4.661852696189661e-21
0.00036764059463904154	7.714391613525971e-11	-4.655581634871736e-12	5.9728582370429384e-21
0.00037931075984788096	8.731945898526046e-11	-5.269464179219407e-12	7.65245517021466e-21
0.00039135137586652656	9.883659513157949e-11	-5.964249671969473e-12	9.80424481135335e-21
0.00040377420206599217	1.1187210693969678e-10	-6.750592967171594e-12	1.2560938816535378e-20
0.0004165913710997981	1.266260547207413e-10	-7.640550936456719e-12	1.6092535752752762e-20
0.0004298154007532288	1.43324839063585e-10	-8.647766749038594e-12	2.0616793362348318e-20
0.00044345920616872873	1.62224665561597e-10	-9.787678339072324e-12	2.6412640763841137e-20
0.0004575361124593712	1.8361546473040899e-10	-1.1077754229300522e-11	3.383735552692885e-20
0.00047205986772272434	2.078253268270009e-10	-1.2537760294136452e-11	4.3348561903942965e-20
0.0004870446564678192	2.352255190975836e-10	-1.4190061513535408e-11	5.553240268048559e-20
0.0005025051134683377	2.6623616181975155e-10	-1.6059963298198002e-11	7.11396162816524e-20
0.0005184563380555459	3.0133264949608447e-10	-1.8176097564746165e-11	9.113173617501326e-20
0.0005349139088649357	3.4105291485188223e-10	-2.05708594154494e-11	1.1674025098605542e-19
0.0005518938990509732	3.860056460585838e-10	-2.328090104094297e-11	1.4954235914238284e-19
0.0005694128919848169	4.368795820381271e-10	-2.6347690327558985e-11	1.9155796998740557e-19
0.0005874879974503335	4.944540270183258e-10	-2.981814262624008e-11	2.4537390646431805e-19
0.0006061368683542313	5.596107439495079e-10	-3.3745335242032525e-11	3.143029323943189e-19
0.0006253777179666295	6.333474072339401e-10	-3.81893154482336e-11	4.0258736206435905e-19
0.0006452293377089033	7.167928187733683e-10	-4.321801423587464e-11	5.15659741799563e-19
0.0006657111155061729	8.112241179578463e-10	-4.890827959820397e-11	6.604765893697419e-19
0.0006868430547223676	9.180862462978268e-10	-5.534704494471204e-11	8.45945651025346e-19
0.0007086457936963482	1.039013961389174e-09	-6.263265026654931e-11	1.0834728608410357e-18
0.0007311406258981765	1.1758567333030263e-09	-7.087633596485099e-11	1.3876625122538667e-18
0.0007543495207252114	1.3307068998798732e-09	-8.020393183925513e-11	1.7772135240703788e-18
0.0007782951449583443	1.5059315064238359e-09	-9.075776665384301e-11	2.276066674247957e-18
0.0008030008848993302	1.7042083106655063e-09	-1.0269882699475576e-10	2.9148730152074774e-18
0.0008284908692108298	1.9285664964096302e-09	-1.1620919785623227e-10	3.732873308740105e-18
0.000854789992481475	2.182432709932149e-09	-1.3149482159430235e-10	4.780303421487902e-18
0.0008819239395389693	2.4696831129828295e-09	-1.4878861663132147e-10	6.121472730991622e-18
0.0009099192105349688	2.7947022363613366e-09	-1.683540026492101e-10	7.838703660131067e-18
0.0009388031468262422	3.1624495197928615e-09	-1.9048888505270074e-10	1.0037372980566721e-17
0.0009686039576773873	3.5785345387302132e-09	-2.1553015830401062e-10	1.2852362694023612e-17
0.0009993507478111843	4.0493020484391605e-09	-2.438587954261713e-10	1.6456314191600284e-17
0.0010310735458334878	4.581928122183755e-09	-2.7590559965526304e-10	2.1070189216779483e-17
0.0010638033335604248	5.1845288256612404e-09	-3.121577040175916e-10	2.6976781576289855e-17
0.0010975720762765372	5.866283056456471e-09	-3.5316591565774464e-10	3.453800306245065e-17
0.0011324127539534196	6.6375713879142794e-09	-3.995530142065766e-10	4.421699654081985e-17
0.0011683593934593442	7.510132994530197e-09	-4.520231275335226e-10	5.66064225033563e-17
0.0012054471017913283	8.497243004187522e-09	-5.113723240766702e-10	7.246464032604536e-17
0.0012437121003621033	9.613912925210665e-09	-5.785005788132947e-10	9.276198465322e-17
0.0012831917603754622	1.0877117137638724e-08	-6.544252900779263e-10	1.1873994968620762e-16
0.0013239246393245514	1.2306048823278806e-08	-7.402965471409661e-10	1.5198687661863054e-16
0.001365950518648733	1.3922409143523629e-08	-8.374143740504893e-10	1.945347391935367e-16
0.0014093104425858104	1.5750733963856414e-08	-9.47248204075139e-10	2.4898289956030355e-16
0.0014540467582575523	1.7818762976443434e-08	-1.0714588715736115e-09	3.186563381241451e-16
0.0015002031570276711	2.0157856695133825e-08	-1.211923444713012e-09	4.0780794497739666e-16
0.0015478247171726409	2.2803467499436248e-08	-1.3707632636773542e-09	5.218771219228927e-16
0.0015969579479070354	2.5795671695617707e-08	-1.550375595424633e-09	6.678203427149809e-16
0.0016476508348063793	2.917977045520721e-08	-1.753469368312696e-09	8.545336586441944e-16
0.0016999528866718748	3.3006968496515635e-08	-1.9831055087459217e-09	1.093392676788794e-15
0.001753915183882776	3.7335140507493135e-08	-2.24274246821004e-09	1.3989426104929676e-15
0.0018095904282836304	4.222969658427895e-08	-2.536287603573745e-09	1.789780028408303e-15
0.0018670329946551133	4.7764559397058896e-08	-2.8681551573656846e-09	2.2896794484018907e-15
0.0019262989838187208	5.402326741343612e-08	-3.2433316790300565e-09	2.9290326224038293e-15
0.0019874462774271866	6.110022033200457e-08	-3.6674498342072694e-09	3.7466871129059315e-15
0.002050534594494132	6.910208493051397e-08	-4.146871668315464e-09	4.792294686377443e-15
0.0021156255497181663	7.814938184233317e-08	-4.688782524733546e-09	6.12931056390304e-15
0.002182782713658383	8.837827637371415e-08	-5.3012969685072085e-09	7.838823484336905e-15
0.002252071674820038	9.994259939834189e-08	-5.993578235730543e-09	1.002444615456527e-14
0.0023235601037110373	1.1301612765485473e-07	-6.775972918848643e-09	1.2818558919095391e-14
0.0023973178189317943	1.2779515647227566e-07	-7.660162811597682e-09	1.63902801120736e-14
0.002473416855363006	1.4450140210782976e-07	-8.659336076959193e-09	2.0955639312422435e-14
0.0025519315345179437	1.6338527555766232e-07	-9.788380170492709e-09	2.6790560655415344e-14
0.0026329385371279567	1.8472957495643334e-07	-1.106409925322814e-08	3.424743015586981e-14
0.0027165169780321006	2.088536495870369e-07	-1.2505459166852384e-08	4.377623345479861e-14
0.0028027484834440043	2.3611809515548266e-07	-1.4133863423568628e-08	5.5951520955129656e-14
0.0028917172706714594	2.6693004743624805e-07	-1.597346408859339e-08	7.150680177930721e-14
0.0029835102303665765	3.0174914975844515e-07	-1.8051511910189356e-08	9.137840646218827e-14
0.0030782170113868444	3.410942791926954e-07	-2.0398750586423676e-08	1.1676141632347157e-13
0.003175930108349967	3.855511268351515e-07	-2.304986065618013e-08	1.491809674801244e-13
0.003276744951967989	4.3578073940531494e-07	-2.604395917177276e-08	1.9058314064598395e-13
0.0033807600022489367	4.92529142630519e-07	-2.9425162060064608e-08	2.4345079650261524e-13
0.003488076844656992	5.566381817519938e-07	-3.324321691745392e-08	3.109511768551866e-13
0.0035988002893251234	6.290577311443875e-07	-3.755421492161593e-08	3.9712394817090337e-13
0.003713038473417059	7.108594437030203e-07	-4.2421391590748606e-08	5.071207231662631e-13
0.003830902966738583	8.032522315551152e-07	-4.791602729174317e-08	6.475100931696954e-13
0.003952508880701288	9.075996930531428e-07	-5.411845970599018e-08	8.266660105111078e-13
0.00407797498074521	1.0254397271994072e-06	-6.111922192070666e-08	1.0552621934069872e-12
0.00420742380233015	1.1585066059521835e-06	-6.902032144158654e-08	1.3469013608067478e-12
0.004340981770608941	1.3087558076312534e-06	-7.793667723784693e-08	1.7189158896674107e-12
0.004478779323899557	1.4783919512694569e-06	-8.799773395387472e-08	2.1933863627593293e-12
0.004620951041076656	1.669900212684194e-06	-9.934927467526629e-08	2.7984369987012184e-12
0.0047676357730069546	1.8860816487527376e-06	-1.1215545614594801e-07	3.569882832105151e-12
0.004918976778156814	2.1300929074029424e-06	-1.266010931245738e-07	4.553323630948657e-12
0.005075121862504469	2.4054908577677903e-06	-1.42894221672493e-07	5.806805025391807e-12
0.0052362235238935535	2.7162827384507367e-06	-1.6126897461510895e-07	7.404199597378843e-12
0.005402439100968894	3.066982492628652e-06	-1.8198880624937546e-07	9.43950153569073e-12
0.005573930926840036	3.462674037572705e-06	-2.0535010762180055e-07	1.2032280157180344e-11
0.005750866487622569	3.909082303966936e-06	-2.3168625841654162e-07	1.5334602981526503e-11
0.005933418586012105	4.412652978107435e-06	-2.613721667187326e-07	1.9539821714735656e-11
0.0061217655100506375	4.980641988723969e-06	-2.9482935370491864e-07	2.489371896764631e-11
0.006316091207250127	5.621215900933084e-06	-3.3253164671559844e-07	3.170864550097033e-11
0.006516585464243368	6.343564513969145e-06	-3.7501155124421716e-07	4.038144440645519e-11
0.006723444092137574	7.1580271082266605e-06	-4.228673801972146e-07	5.141616890334258e-11
0.006936869117751731	8.076233952288779e-06	-4.767712274107126e-07	6.545286565538875e-11
0.007157068980924465	9.111264863653018e-06	-5.374778819262796e-07	8.330402988919802e-11
0.007384258738085138	1.0277826819579843e-05	-6.058347900115989e-07	1.0600075992606312e-10
0.007618660272286984	1.1592452838819137e-05	-6.827931834481328e-07	1.348511693516091e-10
0.007860502509907413	1.3073724603011748e-05	-7.694205052891956e-07	1.7151428290935417e-10
0.008110021644227125	1.4742521560586742e-05	-8.669142782161992e-07	2.1809348233014006e-10
0.008367461366106369	1.6622299558425894e-05	-9.7661757589208e-07	2.77254624499587e-10
0.008633073101983682	1.873940238007835e-05	-1.1000362744385642e-06	3.5237528136756684e-10
0.008907116259429493	2.112340993670476e-05	-1.2388582794630666e-06	4.477332171906716e-10
0.009189858480494445	2.380752726123396e-05	-1.3949749440517744e-06	5.687443093889304e-10
0.009481575903099865	2.6829018900650945e-05	-1.5705049149526108e-06	7.22262740859376e-10
0.009782553430725635	3.0229693789326927e-05	-1.7678206679239928e-06	9.169595765104103e-10
0.010093085010658906	3.405644622147993e-05	-1.989578019054108e-06	1.1637999499304581e-09
0.010413473921075335	3.836185912704051e-05	-2.238748926894252e-06	1.4766442324405716e-09
0.010744033067233308	4.320487649640392e-05	-2.518657930632054e-06	1.8730049908410518e-09
0.011085085287070333	4.86515524999657e-05	-2.8330226023881027e-06	2.3749995777225604e-09
0.011436963666500112	5.4775885612303066e-05	-3.1859984271805963e-06	3.0105482305901072e-09
0.011800011864718256	6.166074688285424e-05	-3.5822285622883896e-06	3.814880067623895e-09
0.012174584449834254	6.939891239953105e-05	-4.026898968764832e-06	4.8324249575424236e-09
0.01256104724515758	7.809421097349948e-05	-4.525799451810669e-06	6.119188648251457e-09
0.0129597776864761	8.786279913700405e-05	-5.08539119368368e-06	7.745732675782317e-09
0.013371165190675688	9.883457669615248e-05	-5.71288141286182e-06	9.80091056474507e-09
0.013795611536061124	0.00011115475732143617	-6.416305836312328e-06	1.2396549055772463e-08
0.014233531254749634	0.00012498560999461283	-7.2046197279422095e-06	1.5673309251149716e-08
0.014685352037520366	0.00014050838856525117	-8.08779827556269e-06	1.98080197381498e-08
0.015151515151515152	0.00015792546820707164	-9.07694720088573e-06	2.502284447891046e-08
0.015632475871198526	0.00017746270920592286	-1.0184424522016674e-05	3.159673566155059e-08
0.016128703922997867	0.00019937207025969112	-1.1423974465371976e-05	3.987972959222068e-08
0.016640683944057967	0.0002239344953265189	-1.2810874593608884e-05	5.031077670499589e-08
0.017168915955557973	0.0002514631000210084	-1.4362097287580192e-05	6.343996051067359e-08
0.017713915851053096	0.00028230668562668137	-1.6096486792985265e-05	7.995616163659866e-08
0.018276215900317888	0.00031685361096309963	-1.803495311561516e-05	1.0072147031423774e-07
0.018856365269183262	0.0003555360546117816	-2.0200684122076368e-05	1.2681395376791165e-07
0.01945493055587487	0.0003988347023578901	-2.2619377274658527e-05	1.595807560332001e-07
0.020072496344376748	0.0004472838971331356	-2.5319492498439094e-05	2.0070396133498394e-07
0.02070966577536055	0.0005014772912344986	-2.833252774445217e-05	2.522822057522803e-07
0.021367061135238043	0.0005620740431243282	-3.1693318873231845e-05	3.169316964153295e-07
0.022045324463912136	0.0006298056036666665	-3.544036553648483e-05	3.9791111791929383e-07
0.022745118181820043	0.0007054831391936825	-3.9616184779010765e-05	4.992759017830175e-07
0.023467125736880805	0.0007900056412904685	-4.4267694115965167e-05	6.26068542013109e-07
0.024212052271979288	0.0008843687755951751	-4.94466258595537e-05	7.845531000566038e-07
0.024980625313638306	0.0009896745241863689	-5.520997447136639e-05	9.825038051046446e-07
0.025773595482551526	0.001107141678214196	-6.162047869859729e-05	1.2295597790339907e-06
0.02659173722667119	0.001238117239261245	-6.87471402108185e-05	1.537660467443053e-06
0.027435849577566472	0.0013840887894179014	-7.666578038491942e-05	1.9215794188743405e-06
0.02830675693079125	0.001546697891139772	-8.545963678507184e-05	2.3995777159756545e-06
0.029205309851023403	0.0017277545785242484	-9.522000074757907e-05	2.9942027321538722e-06
0.030132385902762	0.0019292530015898289	-0.00010604689730230126	3.733263088570809e-06
0.031088890507393583	0.0021533882843425686	-0.00011804980843774589	4.651016860416019e-06
0.03207575782746477	0.0024025746557321	-0.00013134844044024354	5.7896173891723025e-06
0.033093951679024514	0.0026794649098834714	-0.0001460735357029008	7.200869681129586e-06
0.034144466472927404	0.002986971248073897	-0.0001623677290008722	8.948360516241036e-06
0.03522832818601698	0.003328287549622982	-0.00018038644775919527	1.1110037283510537e-05
0.03634659536313785	0.003706913111983212	-0.00020029885529087928	1.3781324451223896e-05
0.037500360150954926	0.004126677891641169	-0.00022228883534865072	1.7078882747680666e-05
0.0386907493645898	0.004591769266740959	-0.0002465560156058767	2.114513486781825e-05
0.03991892558811563	0.005106760329378149	-0.00027331682685248927	2.6153703149551136e-05
0.041186088309985526	0.005676639700032008	-0.0003028055937516515	3.231592951158677e-05
0.04249347509450344	0.006306842838343289	-0.00033527565194357985	3.988867635034822e-05
0.04384236279048123	0.007003284803136634	-0.00037100048509530737	4.9183639393785476e-05
0.04523406877826297	0.007772394389961554	-0.0004102748741701225	6.057844002548114e-05
0.0466699522563338	0.008621149546220092	-0.0004534160497190024	7.452980561243369e-05
0.04815141556877028	0.00955711393191052	-0.0005007648363701563	9.158919212886298e-05
0.04967990557482838	0.010588474457914191	-0.0005526867769043443	0.00011242125401926615
0.051256915062007115	0.0117240795933877	-0.0006095732213471398	0.00013782562182427344
0.052883984203967296	0.012973478189040044	-0.0006718423643814616	0.0001687625084840754
0.054562702064729934	0.014346958513778424	-0.0007399402120847857	0.0002063827301135393
0.056294708150622784	0.015855587148375254	-0.0008143414565307701	0.00025206279582754715
0.05808169401149106	0.017511247321514666	-0.000895550234176473	0.0003074457929771881
0.05992540489273602	0.01932667621100304	-0.0009841007412044744	0.00037448886763379
0.06182764143979485	0.021315500666391176	-0.0010805576761352758	0.0004555181735503775
0.06379026145672667	0.02349227073922487	-0.001185516477113856	0.0005532922338025495
0.06581518172062185	0.025872490334256835	-0.0012996033183653036	0.0006710747248813195
0.06790437985360703	0.02847264422004813	-0.0014234748274860951	0.0008127177494659267
0.07005989625427395	0.03131022056149587	-0.0015578174825880496	0.0009827567069185758
0.07228383609041822	0.03440372806119365	-0.0017033466459609433	0.0011865178943048697
0.0745783713550347	0.03777270672262476	-0.00186080518900899	0.0014302399691048647
0.07694574298757699	0.041437731177672174	-0.0020309616619090657	0.001721210370425169
0.07938826306255287	0.04542040545566341	-0.002214607960916585	0.0020679177201774136
0.08190831704759342	0.04974334801316613	-0.0024125564467046695	0.002480221100167495
0.0845083661332009	0.054430165795142114	-0.002625636468767091	0.0029695369153527784
0.08719094963645047	0.059505416061040615	-0.0028546902539463392	0.0035490437970435267
0.08995868748099405	0.06499455468614049	-0.0031005681217507854	0.004233905661527323
0.09281428275578767	0.07092386964101813	-0.003364122995454425	0.005041512608384678
0.09576052435504158	0.07732039836233007	-0.003646204186136335	0.005991738807876412
0.0988002897019714	0.08421182775780045	-0.003947650436854871	0.00710721587828105
0.1019365475590104	0.0916263756387001	-0.004269282226017565	0.008413619483409565
0.1051723609272278	0.09959265244510584	-0.004611893342551271	0.009939965981254717
0.1085108900377835	0.1081395022233209	-0.004976241760429096	0.011718914923165864
0.1119553954383431	0.1172958219310876	-0.00536303985607376	0.013787072038987247
0.1155092411774656	0.1270903582843509	-0.005772944028605274	0.016185286051602087
0.1191758980900741	0.1375514815188262	-0.006206543799188533	0.018958931253955234
0.1229589471872188	0.1487069356199371	-0.0066643504811203	0.02215816626880732
0.1268620831534434	0.1605835647754871	-0.007146785525969989	0.025838157819357277
0.1308891179551682	0.1732070160269219	-0.007654168662237579	0.03005925669886036
0.1350439845636172	0.1866014183383087	-0.008186705950850207	0.034887111480194175
0.1393307407959226	0.2007890385695756	-0.00874447788574838	0.040392703903188866
0.1437535732781594	0.2157899151360716	-0.009327427667385002	0.04665228838132328
0.1483168015341802	0.2316214704659958	-0.009935349772039232	0.05374721675592292
0.1530248822042432	0.248298103738583	-0.010567878930666677	0.061763628385269345
0.1578824133975547	0.265830765808998	-0.011224479618233496	0.07079198499329847
0.162894139182975	0.2842265187122202	-0.011904436139249004	0.08092642953906151
0.1680649542222758	0.3034880827003507	-0.012606843379126632	0.09226394884112074
0.1733999085504715	0.3236133744183333	-0.013330598276104142	0.10490332095281926
0.1789042125078963	0.3445950405732188	-0.014074392057119764	0.11894383049943585
0.1845832418288405	0.3664199923098046	-0.014836703275846255	0.13448373852841275
0.1904425428917188	0.3890689464733622	-0.01561579169460428	0.15161849806014127
0.1964878381358959	0.4125159810130939	-0.01640969306643752	0.17043871261772991
0.2027250316504614	0.4367281129425182	-0.017216214901035233	0.19102784268985154
0.2091602149404105	0.4616649084971303	-0.018032933339406775	0.2134596744224872
0.2157996728758638	0.4872781363726365	-0.01885719131709832	0.2377955758511594
0.2226498898301354	0.5135114761300277	-0.019686098262760923	0.26408157858205106
0.2297175560126437	0.540300294941489	-0.0205165316549216	0.2923453367850074
0.237009574002851	0.5675715067329246	-0.02134514084008708	0.32259303029256536
0.2445330654916123	0.5952435283510527	-0.022168353593402468	0.3548062939448525
0.2522953782365173	0.6232263475333013	-0.022982385971127887	0.38893927032462516
0.2603040932380193	0.6514217170724858	-0.023783256053258376	0.4249158967421605
0.2685670321433582	0.6797234885363412	-0.024566802195246613	0.462627548638114
0.2770922648855094	0.7080180971306491	-0.025328706390745907	0.5019311692319339
0.2858881175646194	0.7361852067152729	-0.026064523284477288	0.5426480179604561
0.2949631805796245	0.7640985205634411	-0.026769715259403314	0.584563166782309
0.3043263170179949	0.7916267592101808	-0.027439693852283408	0.6274258626963206
0.3139866713117982	0.818634801735371	-0.028069867526815607	0.6709508560752832
0.3239536781685354	0.8449849812005042	-0.028655695558741923	0.7148207673423718
0.3342370717854725	0.8705385188968295	-0.029192747472338625	0.7586895293880693
0.3448468953564656	0.8951570758172375	-0.029676767126760185	0.8021869008927633
0.3557935108805662	0.9187043936351416	-0.030103740202432294	0.8449239980586887
0.3670876092819845	0.9410479917978568	-0.03046996350386797	0.8864997415427063
0.3787402208512939	0.9620608824738952	-0.03077211419969557	0.9265080645987691
0.3907627260180767	0.9816232613817576	-0.031007316887306905	0.9645456809863083
0.4031668664655286	0.9996241302896388	-0.03117320622062359	1.0002201706433904
0.4159647565978802	1.0159628064709647	-0.03126798279362232	1.0331581108803412
0.4291688953718318	1.0305502758073914	-0.03129046004245346	1.063012963856359
0.4427921785035597	1.0433103496250866	-0.031240100121100692	1.0894724294903968
0.4568479110632136	1.0541805906869528	-0.03111703701773613	1.1122649877738557
0.4713498204692069	1.0631129808809954	-0.030922085599758703	1.1311653854955146
0.4863120698949899	1.070074311750716	-0.03065673578693485	1.1459988681178788
0.5017492721013986	1.0750462887162544	-0.030323131627002068	1.1566440151942607
0.5176765037080914	1.0780253501459414	-0.029924035655504055	1.1630341034671914
0.5341093199180081	1.0790222128227904	-0.029462779525438593	1.1651569911423558
0.5510637697092341	1.0780611652384249	-0.02894320245778896	1.163053584963743
0.568556411509106	1.0751791390057674	-0.02836957955539476	1.1568150139973332
0.5866043293658671	1.0704245960112535	-0.027746542412392168	1.146578686361698
0.6052251496336656	1.0638562743481002	-0.02707899471478687	1.1325234444245835
0.6244370581871924	1.055541839302118	-0.02637202565228424	1.1148640582543032
0.6442588181827694	1.0455564865810116	-0.02563082394146436	1.0938453057675475
0.6647097883832354	1.0339815436061923	-0.024860595101796328	1.0697358817070597
0.6858099420645267	1.0209031111949889	-0.02406648434309183	1.0428223581162441
0.7075798865224169	1.0064107826532496	-0.02325350703842554	1.0134033890303125
0.7300408831984669	0.9905964705807708	-0.022426488298681106	0.9817843149044908
0.7532148684448406	0.9735533640431012	-0.02159001266564152	0.9482722812865417
0.7771244749482682	0.955375030692234	-0.02074838443272672	0.9131719447267552
0.8017930538340772	0.9361546704246344	-0.01990559861710116	0.876781799814161
0.8272446974718823	0.9159845197035016	-0.019065322170872943	0.8393911268459336
0.8535042630052043	0.8949553991099709	-0.018230884654055996	0.8012775315513567
0.8805973966279997	0.8731563879565303	-0.017405277252674187	0.7627050215055373
0.9085505586318112	0.8506746260119895	-0.01659115919312549	0.7239225859040098
0.9373910492479982	0.8275951888728427	-0.01579086959553251	0.6851631482080592
0.9671470353102888	0.8040010501045548	-0.015006444025923956	0.6466428819315301
0.9978475777636924	0.7799730923195352	-0.014239634124982291	0.6085607919225114
1.0295226600466378	0.7555901504795846	-0.013491929179939114	0.5710985076547578
1.0622032173740583	0.7309290690536436	-0.0127645785924562	0.5344202384542691
1.0959211669500213	0.7060647569036562	-0.012058614365508749	0.4986728511218352
1.1307094391394077	0.6810702263779896	-0.011374872909555314	0.4639860409922746
1.1666020096290917	0.656016605889417	-0.010714015640687056	0.4304725773338196
1.2036339326100205	0.6309731181025232	-0.010076548001126798	0.3982286125876397
1.2418413750126076	0.606007018668897	-0.009462836671142115	0.3673340519538295
1.2812616518288789	0.5811834931658747	-0.00887312485920965	0.33785298507325545
1.3219332625558562	0.5565655124652032	-0.008307545653137873	0.3098341849804333
1.363895928795785	0.5322136491664765	-0.007766133492586389	0.283311681188522
1.4071906330499169	0.5081858599242344	-0.007248833883629219	0.258305413819606
1.4518596587437405	0.4845372404534348	-0.006755511522892646	0.23482197432216564
1.4979466315227512	0.4613197616441663	-0.006285957032897507	0.21285543573924987
1.545496561859086	0.4385819965142416	-0.005839892534609249	0.19238827201123404
1.5945558890106413	0.416368848594712	-0.005416976296619333	0.17339236171228437
1.6451725263756	0.3947212927481653	-0.005016806704657919	0.15583006729829474
1.697395908286669	0.3736761393129253	-0.004638925789278014	0.1396553767242912
1.751277038290722	0.3532658318497972	-0.004282822534203212	0.12481509052138867
1.8068685389610064	0.3335182876649465	-0.0039479361636396695	0.11125003440691018
1.8642247032905537	0.3144567887386005	-0.003633659574447177	0.0988962754656958
1.9234015477169997	0.2960999288033368	-0.003339343041224161	0.0876863190492881
1.9844568668305849	0.2784616201806975	-0.003064298280512116	0.07755026383761097
2.0474502898187805	0.2615511617216111	-0.002807802916851535	0.06841689395514423
2.112443338702654	0.2453733669451913	-0.0025691053522393387	0.06021468950833041
2.179499488421857	0.2299287493184929	-0.002347430001829067	0.05287274019077983
2.248684228826918	0.2152137597136415	-0.002141982826986036	0.046321550460512124
2.3200651286393765	0.2012210694586844	-0.0019519570710073949	0.04049372893050375
2.3937119014422343	0.18793989116806	-0.0017765390860124725	0.035324558783386376
2.469696473765167	0.1753563286949456	-0.0016149141301211962	0.030752449961017468
2.5480930553309915	0.1634537471295999	-0.001466272013007352	0.026719277404323314
2.628978211531997	0.1522131537391213	-0.0013298124736785028	0.02317061257242453
2.712430938206919	0.141613581078147	-0.0012047501859680006	0.020055857768787506
2.798532738791595	0.131632464151727	-0.001090319303778754	0.017328294414839886
2.887367703918636	0.1222460043957595	-0.0009857774769646355	0.014945057347962141
2.979022593543874	0.1134295143254003	-0.0008904092901077552	0.012867047548800102
3.073586921679771	0.1051577378758883	-0.000803529097254759	0.011058795494184167
3.1711530438185647	0.09740514269397961	-0.0007244832461464285	0.009488286699208476
3.2718162471305168	0.09014618184836638	-0.0006526517039178416	0.008126760056085367
3.375674843525366	0.08335552356681396	-0.0005874491119397548	0.0069484884055567965
3.4828302656678614	0.07700824865148273	-0.0005283253107178153	0.005930549488002536
3.593387166041164	0.0710800161131688	-0.00047476538519856547	0.00505259409281932
3.7074535191548543	0.06554719831696974	-0.0004262892876572087	0.004296616929760933
3.8251407269973687	0.06038698750980749	-0.00038245109879485664	0.0036467345293526156
3.94656372783586	0.05557747602460283	-0.0003428379885448931	0.0030889733791516914
4.071841108469732	0.051097712732813015	-0.0003070689367971152	0.0026110705378570268
4.201095220047485	0.04692773845472209	-0.0002747932708673748	0.0022022881478165166
4.334452297559984	0.04304860307123571	-0.0002456890720725812	0.0018532425895049405
4.472042583126853	0.03944236701310944	-0.00021946149806821615	0.0015557484789459582
4.614000453196388	0.036092089678071454	-0.00019584106172791825	0.0013026772910514108
4.7604645497832445	0.03298180714142955	-0.00017458190101918514	0.0010878300811546168
4.911577915872048	0.03009650132099992	-0.00015546006835976496	0.0009058235595978043
5.067488135119168	0.027422062529955635	-0.0001382718621355425	0.0007519886325046553
5.228347475989123	0.024945247129586477	-0.00012283221795050033	0.000622280442109909
5.39431304046635	0.022653631773987028	-0.00010897317252323116	0.0005131989077037244
5.5655469174875964	0.020535565537344164	-9.654240921561103e-05	0.00042171877237533444
5.742216341244781	0.01858012102557755	-8.540189078945494e-05	0.0003452281908080593
5.92449385451292	0.01677704541011807	-7.542658234375379e-05	0.00028147494186248783
6.112557477162653	0.015116712168437943	-6.650326511043535e-05	0.00022851940946767014
6.306590880021915	0.013590074188881217	-5.8529440156030427e-05	0.00018469354215466043
6.506783564256574	0.012188618777179937	-5.141231965435136e-05	0.00014856507092203558
6.7133310464452345	0.010904325004039936	-4.5067902523536646e-05	0.00011890633490956842
6.926435049528924	0.00972962373813357	-3.9420130478753086e-05	9.466713203233921e-05
7.1463036998221865	0.00865736063096899	-3.440012014999147e-05	7.495107646291812e-05
7.373151730277987	0.007680762242714701	-2.9945466589027444e-05	5.8995005360081e-05
7.607200690204915	0.0067934054324444	-2.5999613392482457e-05	4.6151033349461646e-05
7.848679161641545	0.005989190072783652	-2.251128463534797e-05	3.5870904485866176e-05
8.097822982599249	0.005262315087678819	-1.9433973815207195e-05	2.7692337761350388e-05
8.354875477391497	0.004607257759741952	-1.67254851749608e-05	2.1227103806556767e-05
8.620087694274593	0.004018756197173332	-1.4347522862612365e-05	1.615060722373136e-05
8.89371865063195	0.0034917948042073525	-1.2265323607690292e-05	1.2192781392852666e-05
9.176035585941332	0.003021592549533177	-1.0447328750313396e-05	9.13013068207242e-06
9.467314222772137	0.0026035937889024494	-8.864891711532425e-06	6.77877920391647e-06
9.76783903606764	0.0022334613574235555	-7.49201716422607e-06	4.9884057654254604e-06
10.07790353097518	0.0019070716184978612	-6.305128418796433e-06	3.636961912724429e-06
10.397810529495567	0.0016205111309204297	-5.2828597549946405e-06	2.626084234044201e-06
10.727872466231808	0.0013700745786880673	-4.405870648848884e-06	1.8771237628634595e-06
11.068411693525809	0.0011522636014600295	-3.6566790933947647e-06	1.3277247785516299e-06
11.419760796281231	0.0009637861640130892	-3.0195114358609397e-06	9.288928873923767e-07
11.782262916779864	0.0008015561154576209	-2.4801664014777617e-06	6.424983574528899e-07
12.156272089808771	0.0006626926093764268	-2.02589120909772e-06	4.391655987573285e-07
12.54215358842554	0.0005445190873372228	-1.645267934645268e-06	2.9650374338113885e-07
12.940284280699268	0.00044456156727639074	-1.3281085205531282e-06	1.9763675097148324e-07
13.351052997775737	0.0003605460245913044	-1.0653570668846051e-06	1.2999457083427345e-07
13.774860913626249	0.00029039470667671066	-8.48998280543504e-07	8.432980646393319e-08
14.212121936850949	0.00023222127711213468	-6.719711788854951e-07	5.39271730888561e-08
14.663263114919342	0.00018432474371484327	-5.280873582065408e-07	3.397589002180055e-08
15.128725051242789	0.00014518218121550882	-4.1195332932211693e-07	2.107803544803838e-08
15.60896233548627	0.0001134403130471338	-3.188965943683917e-07	1.2868806319269615e-08
16.104443987539756	8.79060650171055e-05	-2.448952858888213e-07	7.727536240492631e-09
16.615653915582705	6.753624465922246e-05	-1.8651130902460472e-07	4.5611791291387485e-09
17.14309138868911	5.142653225953472e-05	-1.408270189589083e-07	2.6447080524902337e-09
17.687271524434625	3.879999183572237e-05	-1.0538552832873429e-07	1.5054504725617037e-09
18.24872579198203	2.899532218285589e-05	-7.813477398263785e-08	8.407348135305203e-10
18.828002531136296	2.1455069505823904e-05	-5.737548124517336e-08	4.603232994455829e-10
19.425667487876296	1.5714014727640842e-05	-4.1713149794285515e-08	2.4693199884737904e-10
20.042304366886025	1.1387931371183273e-05	-3.001415225394383e-08	1.2968588176411565e-10
20.678515401625127	8.162885513700927e-06	-2.1365989322724123e-08	6.663315641528819e-11
21.334921942495388	5.78521947074012e-06	-1.504168828849939e-08	3.346899057701717e-11
22.012165063677564	4.052327651664129e-06	-1.0468270477090737e-08	1.6421468981128493e-11
22.710906189231395	2.8042984242728274e-06	-7.1991518197444315e-09	7.864141480165987e-12
23.431827739070055	1.9164617834626415e-06	-4.890283610915372e-09	3.6728496823466045e-12
24.175633795440135	1.2928508380149973e-06	-3.279791199623713e-09	1.671474046386394e-12
24.943050790557876	8.605570683070247e-07	-2.1708288654537833e-09	7.405631803111443e-13
25.734828216073367	5.649357694151482e-07	-1.4173416160272295e-09	3.1915443242194205e-13
26.551739355055588	3.65599814586777e-07	-9.124095081360844e-10	1.3366405691699626e-13
27.39458203721308	2.3312783773377806e-07	-5.78844988139554e-10	5.4348923787947046e-14
28.26417941808793	1.464035697869985e-07	-3.617232834109973e-10	2.1434136090110303e-14
29.161380782984047	9.050174774857696e-08	-2.225422925680517e-10	8.190615870619035e-15
30.087062376414814	5.504199761720014e-08	-1.3472256938422106e-10	3.0296396518625674e-15
31.04212825788027	3.2918786513277524e-08	-8.020822954777023e-11	1.0836529388668293e-15
32.02751118480957	1.9345289812593168e-08	-4.693981419308272e-11	3.7424244127937747e-16
33.04417352353105	1.117202173793242e-08	-2.6978071060641653e-11	1.2481479752915268e-16
34.09310818915956	6.341471195850843e-09	-1.5217959154986274e-11	4.021448851408676e-17
35.17533961531905	3.5177803170007147e-09	-8.437190589335163e-12	1.237484954486269e-17
36.29192475464745	1.9353675279786647e-09	-4.535616750778405e-12	3.745668040173557e-18
37.44395411106098	1.0696931079061878e-09	-2.3921046110689825e-12	1.1442490672664693e-18
38.632552804786094	5.575360175236983e-10	-1.1885244124336725e-12	3.1084782342646456e-19
39.85888167119903	2.723385386339051e-10	-5.805562177857842e-13	7.416861667077303e-20
41.12413839454641	1.3003727998832202e-10	-2.77206273558863e-13	1.6909771030079357e-20
42.42955867765399	6.065068472221316e-11	-1.292917715761822e-13	3.678522273635498e-21
43.77641744876585	2.7611442885974527e-11	-5.886054515052722e-14	7.623952428092088e-22
