r	P	Q	rho
0.0001020901060467495	4.222337310144954e-07	3.3020145261997328e-06	1.1081581254840466e-11
0.00010533079388461807	4.492326457442234e-07	3.508217685664539e-06	1.2509401300011809e-11
0.0001086743521971015	4.77977029178853e-07	3.727287659476197e-06	1.4121135336906188e-11
0.0001121240464435951	5.085815147994442e-07	3.960026349296454e-06	1.59404638443179e-11
0.00011568324574030244	5.411684304677221e-07	4.207285540480092e-06	1.799411488926776e-11
0.00011935542615065572	5.75868329974916e-07	4.4699699951476566e-06	2.031225609098844e-11
0.00012314417408018505	6.128205627537123e-07	4.749040740308667e-06	2.292893699524527e-11
0.00012705318977915278	6.521738841495137e-07	5.045518553039765e-06	2.5882588244235147e-11
0.00013108629095637324	6.940871102186945e-07	5.360487664358132e-06	2.921658491630744e-11
0.00013524741650774733	7.387298192678294e-07	5.6950996908347885e-06	3.297988223442198e-11
0.00013954063036315364	7.86283104544579e-07	6.050577808361092e-06	3.722773293552397e-11
0.00014397012545545288	8.36940381449219e-07	6.428221183144178e-06	4.2022496781523894e-11
0.00014854022781548223	8.909082536126231e-07	6.8294096755548725e-06	4.7434554032917604e-11
0.00015325540079703866	9.484074422459331e-07	7.255608833502016e-06	5.3543336221299956e-11
0.00015812024943597734	1.0096737836058476e-06	7.708375192997513e-06	6.043848926532039e-11
0.00016313952494768336	1.074959299783851e-06	8.189361904634774e-06	6.822118590127507e-11
0.00016831812936730768	1.14453334844829e-06	8.700324705830034e-06	7.700560657258671e-11
0.00017366112033730078	1.2186838576181294e-06	9.243128259865896e-06	8.692061037315056e-11
0.00017917371604691846	1.2977186520358451e-06	9.819752884036746e-06	9.811162040338972e-11
0.00018486130032852432	1.3819668782360564e-06	1.0432301690529114e-05	1.107427510147581e-10
0.00019072942791566663	1.4717805359799138e-06	1.1083008165081382e-05	1.249992079333499e-10
0.0001967838298680644	1.5675361243467727e-06	1.177424420996032e-05	1.4108999621691622e-10
0.00020303041916880043	1.6696364114483751e-06	1.2508528679371404e-05	1.5925097546909112e-10
0.00020947529649918928	1.7785123374611929e-06	1.3288536437090776e-05	1.797483067743909e-10
0.0002161247561969584	1.8946250614646537e-06	1.4117107967873452e-05	2.0288234150012607e-10
0.0002229852924035627	2.018468163431994e-06	1.4997259576060828e-05	2.2899200851853675e-10
0.00023006360540663557	2.150570013652276e-06	1.593219420678564e-05	2.5845976362635424e-10
0.00023736660818377117	2.291496322873036e-06	1.69253129272605e-05	2.917171730834321e-10
0.0002449014331540284	2.4418528875498783e-06	1.7980227107842522e-05	3.2925121237403073e-10
0.00025267543914375093	2.6022885457797e-06	1.910077134489805e-05	3.716113716455747e-10
0.0002606962185735058	2.773498360786144e-06	2.0291017169954585e-05	4.194176709486752e-10
0.00026897160487315965	2.956227050228327e-06	2.1555287592228264e-05	4.733697015561714e-10
0.00027750968013233603	3.151272681126381e-06	2.289817252436258e-05	5.342568244662868e-10
0.00028631878299372246	3.3594906518505243e-06	2.4324545144113996e-05	6.029696739079108e-10
0.00029540751679693925	3.5817979844155138e-06	2.58395792477814e-05	6.805131325035383e-10
0.0003047847579809226	3.819177952272017e-06	2.74487676544068e-05	7.680209659767297e-10
0.0003144596647530264	4.072685070904032e-06	2.9157941723182164e-05	8.667723292192519e-10
0.00032444168603331286	4.343450480841868e-06	3.097329205009231e-05	9.78210382499837e-10
0.00033474057068276427	4.632687755199311e-06	3.2901390413613136e-05	1.103963286986168e-09
0.00034536637702442947	4.941699166558796e-06	3.494921304328002e-05	1.245867882997342e-09
0.00035632948266680465	5.271882450978888e-06	3.712416528915125e-05	1.4059963929931615e-09
0.00036764059463904154	5.6247381101045e-06	3.9434107774626655e-05	1.5866865347881324e-09
0.00037931075984788096	6.0018772958447294e-06	4.188738411975272e-05	1.790575479470089e-09
0.00039135137586652656	6.405030325870251e-06	4.449285032706321e-05	2.020638143701766e-09
0.00040377420206599217	6.836055882298554e-06	4.725990592718005e-05	2.280230368271817e-09
0.0004165913710997981	7.2969509504097724e-06	5.019852698684389e-05	2.57313760482158e-09
0.0004298154007532288	7.789861559099923e-06	5.3319301087770325e-05	2.9036298115982486e-09
0.00044345920616872873	8.317094390066308e-06	5.663346439074683e-05	3.2765233479912614e-09
0.0004575361124593712	8.881129328468585e-06	6.015294090571114e-05	3.697250757754962e-09
0.00047205986772272434	9.484633034059426e-06	6.389038409519494e-05	4.17193944362231e-09
0.0004870446564678192	1.0130473618574307e-05	6.785922094549146e-05	4.707500363065658e-09
0.0005025051134683377	1.0821736522558898e-05	7.207369864722461e-05	5.311728018054632e-09
0.0005184563380555459	1.1561741692846534e-05	7.65489340346727e-05	5.993413172816778e-09
0.0005349139088649357	1.2354062170633988e-05	8.130096594124665e-05	6.762469915095637e-09
0.0005518938990509732	1.3202544209602326e-05	8.634681063695185e-05	7.630078880780126e-09
0.0005694128919848169	1.4111329053857928e-05	9.170452052248959e-05	8.608848691925969e-09
0.0005874879974503335	1.5084876516699123e-05	9.739324626388973e-05	9.712997917342732e-09
0.0006061368683542313	1.612799051342481e-05	0.00010343330256122428	1.0958560156722888e-08
0.0006253777179666295	1.7245846714678533e-05	0.00010984623775504484	1.2363615177844026e-08
0.0006452293377089033	1.844402250125736e-05	0.00011665490748472458	1.394854940629654e-08
0.0006657111155061729	1.972852941701014e-05	0.0001238835526238842	1.5736349483672517e-08
0.0006868430547223676	2.1105848333513407e-05	0.00013155788172954487	1.7752933079042185e-08
0.0007086457936963482	2.2582967558764203e-05	0.00013970515825359453	2.002752166642209e-08
0.0007311406258981765	2.4167424142295115e-05	0.0001483542927775836	2.259306057521058e-08
0.0007543495207252114	2.5867348651038068e-05	0.00015753594054478834	2.5486692289565445e-08
0.0007782951449583443	2.7691513714089926e-05	0.00016728260457690204	2.87502897258098e-08
0.0008030008848993302	2.9649386660429088e-05	0.00017762874467663992	3.2431057064738565e-08
0.0008284908692108298	3.175118660177474e-05	0.00018861089263197132	3.658220667004973e-08
0.000854789992481475	3.4007946343361484e-05	0.00020026777395262853	4.126372169843407e-08
0.0008819239395389693	3.643157953862908e-05	0.00021264043648497208	4.65432152161989e-08
0.0009099192105349688	3.903495353992521e-05	0.0002257723862672234	5.249689799866045e-08
0.0009388031468262422	4.183196843653136e-05	0.0002397097310034832	5.921066872103723e-08
0.0009686039576773873	4.4837642813911215e-05	0.00025450133155183576	6.678134197476532e-08
0.0009993507478111843	4.8068206814331266e-05	0.0002701989618391684	7.53180314853097e-08
0.0010310735458334878	5.154120312922184e-05	0.00028685747763309053	8.494370809402674e-08
0.0010638033335604248	5.527559660816503e-05	0.0003045349946194904	9.579695452828165e-08
0.0010975720762765372	5.929189322857061e-05	0.0003232930762527757	1.0803394175561125e-07
0.0011324127539534196	6.361226923432009e-05	0.00034319693186467607	1.2183065483846673e-07
0.0011683593934593442	6.826071132133464e-05	0.0003643156255365714	1.373853997201979e-07
0.0012054471017913283	7.326316882360755e-05	0.0003867222962596111	1.5492162633038285e-07
0.0012437121003621033	7.864771893521382e-05	0.0004104943899263141	1.7469110785468918e-07
0.0012831917603754622	8.444474609269085e-05	0.0004357139037168233	1.9697752103481217e-07
0.0013239246393245514	9.068713673853095e-05	0.000462467643462424	2.2210047801952074e-07
0.001365950518648733	9.741049079093912e-05	0.0004908474945882324	2.5042006665967653e-07
0.0014093104425858104	0.00010465335125813208	0.0005209507072559781	2.823419633200618e-07
0.0014540467582575523	0.00011245745355797504	0.000552880196346424	3.1832319037280444e-07
0.0015002031570276711	0.0001208679962364149	0.0005867448569390198	3.5887859965859686e-07
0.0015478247171726409	0.0001299339349217617	0.0006226598959637084	4.045881734857888e-07
0.0015969579479070354	0.00013970830150724102	0.0006607471807161915	4.561052463344336e-07
0.0016476508348063793	0.00015024855072229864	0.0007011356049432074	5.141657635132285e-07
0.0016999528866718748	0.00016161693643484544	0.0007439614732182258	5.795987077756178e-07
0.001753915183882776	0.00017388092022302087	0.0007893689043401595	6.533378415567885e-07
0.0018095904282836304	0.00018711361496722095	0.0008375102544979315	7.364349312952914e-07
0.0018670329946551133	0.0002013942664422487	0.0008885465609516798	8.300746415348686e-07
0.0019262989838187208	0.00021680877613674087	0.0009426480069866883	9.355913104858869e-07
0.0019874462774271866	0.00023345026879381675	0.000999994408898366	1.0544878458278977e-06
0.002050534594494132	0.00025141970845456635	0.001060775725765349	1.188457010172382e-06
0.0021156255497181663	0.0002708265670960265	0.0011251925927625672	1.3394054002527669e-06
0.002182782713658383	0.0002917895502892146	0.0011934568787563794	1.5094804631089012e-06
0.002252071674820038	0.00031443738466223803	0.0012657922689090493	1.7011009369031473e-06
0.0023235601037110373	0.0003389096723401806	0.0013424348729992883	1.916991154250344e-06
0.0023973178189317943	0.0003653578179491616	0.0014236338601386373	2.16021970286981e-06
0.002473416855363006	0.0003939460342185479	0.0015096521205293426	2.434243002895262e-06
0.0025519315345179437	0.00042485243269469814	0.001600766954867324	2.742954433361809e-06
0.0026329385371279567	0.0004582702065938625	0.0016972707919428872	3.090739723434017e-06
0.0027165169780321006	0.0004944089133730019	0.0017994719349311507	3.4825394182275323e-06
0.0028027484834440043	0.0005334958651874924	0.0019076953367926244	3.923919336192476e-06
0.0028917172706714594	0.0005757776360361009	0.0020222834051209287	4.421150056786819e-06
0.0029835102303665765	0.0006215216950684982	0.002143596836678131	4.981296615657309e-06
0.0030782170113868444	0.0006710181762511508	0.002272015481747254	5.6123197421586275e-06
0.003175930108349967	0.0007245817953559495	0.0024079392383048975	6.323190153529621e-06
0.003276744951967989	0.0007825539260546378	0.0025517889758731207	7.124017624571117e-06
0.0033807600022489367	0.0008453048477731772	0.0027040074887472207	8.026196784869886e-06
0.003488076844656992	0.0009132361788857533	0.002865060478113206	9.042571861672126e-06
0.0035988002893251234	0.0009867835098102103	0.0030354375623637925	1.0187622890242399e-05
0.003713038473417059	0.0010664192516071731	0.003215653314692923	1.1477676260493986e-05
0.003830902966738583	0.0011526557167856413	0.0034062483267940855	1.2931142865226128e-05
0.003952508880701288	0.0012460484501798715	0.003607790297205124	1.4568787568803095e-05
0.00407797498074521	0.0013471998289870189	0.003820875142529642	1.6414034234023564e-05
0.00420742380233015	0.001456762952343014	0.004046128129420315	1.8493311139005474e-05
0.004340981770608941	0.0015754458421658466	0.004284205024830087	2.083644229637702e-05
0.004478779323899557	0.0017040159784104606	0.004535793261621034	2.3477090966844936e-05
0.004620951041076656	0.0018433051933570263	0.004801613116165146	2.6453262553186144e-05
0.0047676357730069546	0.0019942149510926515	0.005082418894073854	2.9807875086000364e-05
0.004918976778156814	0.0021577220399431087	0.005379000119651426	3.3589406688866306e-05
0.005075121862504469	0.002334884707262224	0.005692182724078588	3.785263076050574e-05
0.0052362235238935535	0.002526849267687331	0.006022830226694517	4.2659451161197126e-05
0.005402439100968894	0.002734857217713488	0.006371844903055061	4.8079851469868325e-05
0.005573930926840036	0.0029602528912189927	0.006740168932700176	5.419297442130704e-05
0.005750866487622569	0.003204491692380732	0.0071287855187617145	6.108834997904386e-05
0.005933418586012105	0.003469148944238077	0.007538719970681704	6.886729319366331e-05
0.0061217655100506375	0.0037559293929846633	0.007971040740388787	7.764449609002396e-05
0.006316091207250127	0.004066677409871588	0.008426860401294877	8.754984137887155e-05
0.006516585464243368	0.004403387934374053	0.008907336558423686	9.873046986562209e-05
0.006723444092137574	0.004768218203983106	0.00941367267686627	0.00011135313810797443
0.006936869117751731	0.0051635003176088295	0.009947118814575474	0.00012560690824122786
0.007157068980924465	0.005591754681090216	0.010508972244260725	0.00014170621804413663
0.007384258738085138	0.0060557043846653415	0.011100577947827352	0.00015989438637024593
0.007618660272286984	0.006558290563423306	0.01172332896542188	0.00018044761714578681
0.007860502509907413	0.0071026887926914535	0.012378666579697653	0.00020367957437714837
0.008110021644227125	0.007692326570956555	0.01306808031440758	0.00022994661117805117
0.008367461366106369	0.00833090194321912	0.01379310772486593	0.00025965374789728836
0.008633073101983682	0.009022403317571514	0.014555333956204194	0.0002932615082015563
0.008907116259429493	0.009771130527200652	0.015356391043684385	0.00033129373766614244
0.009189858480494445	0.010581717188865006	0.016197956927633983	0.0003743465472946069
0.009481575903099865	0.0114591544070942	0.017081754153840938	0.0004230985446978886
0.009782553430725635	0.012408815870810035	0.018009548228506065	0.00047832253871055294
0.010093085010658906	0.013436484385662455	0.018983145595108563	0.0005408989293312406
0.010413473921075335	0.014548379880994809	0.02000439119881433	0.0006118310243969347
0.010744033067233308	0.015751188924871627	0.02107516560236598	0.0006922625577141488
0.011085085287070333	0.017052095773878957	0.02219738161575992	0.000783497720877217
0.011436963666500112	0.018458814976291975	0.02337298040046481	0.0008870240631294929
0.011800011864718256	0.019979625537534487	0.024603927007496123	0.0010045386608102972
0.012174584449834254	0.02162340664545691	0.02589220530736548	0.0011379780106335552
0.01256104724515758	0.023399674939648684	0.027239812268806937	0.0012895521597210676
0.0129597776864761	0.025318623293582216	0.028648751542286396	0.0014617836504139813
0.013371165190675688	0.027391161060653455	0.030121026303667985	0.0016575519298369168
0.013795611536061124	0.029628955714924417	0.03165863131309314	0.001880143953375314
0.014233531254749634	0.0320444757943633	0.03326354414417578	0.0021333117979670663
0.014685352037520366	0.03465103502839125	0.03493771553908985	0.002421338195629158
0.015151515151515152	0.03746283750234906	0.03668305884608537	0.0027491110000327735
0.015632475871198526	0.040495023678861576	0.03850143849748276	0.0031222077091270072
0.016128703922997867	0.043763717059772576	0.040394657488334255	0.003546991284487668
0.016640683944057967	0.047286071232126886	0.04236444381878117	0.004030718632644444
0.017168915955557973	0.05108031699738016	0.04441243586675363	0.004581663244171348
0.017713915851053096	0.05516580923442758	0.04654016666213879	0.00520925362142891
0.018276215900317888	0.05956307309399332	0.048749047038967055	0.005924229263607814
0.018856365269183262	0.06429384906427846	0.05104034764861738	0.006738816115591942
0.01945493055587487	0.06938113638543027	0.05341517982460909	0.007666923521829002
0.020072496344376748	0.0748492342233278	0.0558744752983096	0.008724364853679995
0.02070966577536055	0.08072377994139301	0.05841896477492694	0.009929104093400599
0.021367061135238043	0.08703178373272583	0.06104915539054655	0.011301530753599059
0.022045324463912136	0.09380165879399988	0.06376530708378139	0.012864765579994915
0.022745118181820043	0.1010632461375222	0.0665674079298921	0.014644999518358057
0.023467125736880805	0.1088478330490446	0.06945514850104241	0.016671868412774543
0.024212052271979288	0.1171881641068431	0.07242789533371863	0.01897886582920449
0.024980625313638306	0.1261184435829226	0.07548466360326837	0.021603796251077417
0.025773595482551526	0.1356743279507978	0.07862408912599729	0.024589270655793402
0.02659173722667119	0.1458929071271608	0.0818443998312667	0.027983246133754615
0.027435849577566472	0.156812672978102	0.08514338686949843	0.03183961073414624
0.02830675693079125	0.168473473525828	0.08851837554682417	0.036218814091306464
0.029205309851023403	0.1809164512007085	0.09196619630318492	0.04118854357753429
0.030132385902762	0.1941839633978939	0.0954831559778332	0.04682444471640182
0.031088890507393583	0.2083194835198828	0.09906500963420768	0.05321088334781639
0.03207575782746477	0.2233674806187462	0.1027069332448013	0.060441745534518025
0.033093951679024514	0.2393732756969997	0.1064034975656378	0.06862126941211252
0.034144466472927404	0.2563828726874224	0.1101486435589847	0.07786490108533929
0.03522832818601698	0.2744427621128064	0.113935659751596	0.08830016423913789
0.03634659536313785	0.2935996954303627	0.1177571619436749	0.1000675303458306
0.037500360150954926	0.3139004280962711	0.121605075710434	0.11332127319756266
0.0386907493645898	0.3353914294479001	0.1254706221631095	0.12823028797310354
0.03991892558811563	0.3581185575990726	0.1293443074590288	0.14497885116889606
0.041186088309985526	0.3821266976821856	0.1332159165702724	0.16376729350915026
0.04249347509450344	0.4074593619550064	0.1370745118370078	0.18481255344013492
0.04384236279048123	0.4341582505247152	0.1409084368440683	0.20834857407252014
0.04523406877826297	0.4622627717325198	0.1447053261671241	0.23462650155096548
0.0466699522563338	0.4918095215942262	0.1484521215371374	0.26391463791961867
0.04815141556877028	0.5228317221107472	0.1521350949679385	0.2964980967661933
0.04967990557482838	0.5553586187527305	0.1557398793808992	0.3326781054525177
0.051256915062007115	0.5894148379899949	0.159251507241944	0.3727708938016029
0.052883984203967296	0.6250197063835047	0.1626544576985835	0.4171061059769427
0.054562702064729934	0.6621865334886436	0.1659327126672831	0.4660246702668297
0.056294708150622784	0.7009218616360599	0.1690698222731829	0.5198760609228454
0.05808169401149106	0.7412246865614986	0.1720489799838217	0.5790148874816654
0.05992540489273602	0.7830856538482811	0.1748531077048229	0.6437967505370243
0.06182764143979485	0.826486237222843	0.1774649510172076	0.7145733091583134
0.06379026145672667	0.8713979058997781	0.179867184631788	0.7916865145138842
0.06581518172062185	0.9177812893998664	0.1820425280146909	0.8754619771784607
0.06790437985360703	0.965585349550694	0.183973870998305	0.9662014524770368
0.07005989625427395	1.0147465707084935	0.1856444090328791	1.0641744493698146
0.07228383609041822	1.0651881805908936	0.1870377875549888	1.1696089940440033
0.0745783713550347	1.1168194154571354	0.1881382547500187	1.2826816096424005
0.07694574298757699	1.1695348446831606	0.1889308217671846	1.4035066083416883
0.07938826306255287	1.2232137710159792	0.1894014292088369	1.5321248309894824
0.08190831704759342	1.2777197239111122	0.1895371184632836	1.6684920121468536
0.0845083661332009	1.3329000643091944	0.1893262061858256	1.8124669937841724
0.08719094963645047	1.3885857199382992	0.188758459961223	1.963800057823497
0.08995868748099405	1.4445910706785434	0.1878252729090531	2.1221216946275407
0.09281428275578767	1.5007140036335431	0.1865198347296178	2.2869321694493823
0.09576052435504158	1.5567361572573966	0.1848372964420129	2.4575922894685185
0.0988002897019714	1.612423373125808	0.1827749258488908	2.633315807721476
0.1019365475590104	1.6675263726605016	0.180332250586625	2.8131639241199276
0.1051723609272278	1.7217816742700782	0.1775111854980304	2.99604235482919
0.1085108900377835	1.7749127639226978	0.1743161410105472	3.1807014365525195
0.1119553954383431	1.8266315290967767	0.1707541092283186	3.365739708908785
0.1155092411774656	1.8766399623647043	0.1668347245628133	3.5496113736641486
0.1191758980900741	1.924632136573048	0.1625702959421666	3.7306379622524597
0.1229589471872188	1.9702964487371168	0.1579758079595238	3.907024451806558
0.1268620831534434	2.0133181244401923	0.1530688887465288	4.076879954901471
0.1308891179551682	2.0533819688162964	0.147869742886058	4.238242970721079
0.1350439845636172	2.090175344222408	0.1424010482993851	4.389111028152025
0.1393307407959226	2.123391348615047	0.1366878167427825	4.527474378619136
0.1437535732781594	2.1527321625968887	0.1307572183074979	4.651353214018592
0.1483168015341802	2.1779125272610496	0.1246383711108912	4.758837699953788
0.1530248822042432	2.1986633095057955	0.1183620981675719	4.848129934849608
0.1578824133975547	2.2147351065864886	0.1119606542078953	4.9175867804373254
0.162894139182975	2.2259018374661936	0.1054674259371205	4.965762367969179
0.1680649542222758	2.2319642651511544	0.0989166098735744	4.991448976620614
0.1733999085504715	2.232753391754064	0.09234287244366865	4.9937149144804245
0.1789042125078963	2.2281336665861904	0.08578099742649099	4.971938015694304
0.1845832418288405	2.2180059471757154	0.0792655261189364	4.925833405337754
0.1904425428917188	2.2023101537493868	0.07283039573004067	4.855474279849842
0.1964878381358959	2.181027559377492	0.06650858151481712	4.7613046061792526
0.2027250316504614	2.1541826606301777	0.06033174803597829	4.644142855180788
0.2091602149404105	2.1218445771807786	0.05432991471570265	4.505176149344493
0.2157996728758638	2.084127933277754	0.048531140533161606	4.345944513870051
0.2226498898301354	2.041193179364454	0.04296123236318217	4.1683152629701326
0.2297175560126437	1.993246318352463	0.037643481062835694	3.974447917292176
0.237009574002851	1.9405380081753816	0.03259842901787538	3.7667504187477108
0.2445330654916123	1.8833620203196848	0.02784367247529037	3.547827769679556
0.2522953782365173	1.8220530431225648	0.023393701618676252	3.3204245572276223
0.2603040932380193	1.756983828825767	0.0192597809866129	3.087363113918905
0.2685670321433582	1.688561694747262	0.01544987247779365	2.851479295527325
0.2770922648855094	1.6172244015076525	0.011968602811685262	2.615558012285048
0.2858881175646194	1.5434354488092457	0.008817276918364127	2.3822707290132525
0.2949631805796245	1.4676788223299688	0.005993937979439095	2.1541170528083855
0.3043263170179949	1.3904532919520638	0.0034934748407688177	1.933372561466794
0.3139866713117982	1.3122663131027053	0.0013077759738845765	1.7220445867821652
0.3239536781685354	1.2336276440343867	-0.000574071160598057	1.521837493683529
0.3342370717854725	1.1550427894752702	-0.0021655377318006365	1.3341285350724812
0.3448468953564656	1.07700639673746	-0.0034823716300413305	1.1599549055255767
0.3557935108805662	0.9999957407307902	-0.004542280731033682	1.0000121137939613
0.3670876092819845	0.92446444118083	-0.005364587254128681	0.8546632818041915
0.3787402208512939	0.850836557862915	-0.005969860295314371	0.7239584874279591
0.3907627260180767	0.7795012071501021	-0.006379534631791842	0.6076628304105846
0.4031668664655286	0.7108078351608627	-0.006615524684869476	0.5052915436929282
0.4159647565978802	0.6450622690972535	-0.006699843015986464	0.41615021890933634
0.4291688953718318	0.5825236491334245	-0.006654232854991097	0.33937808061460945
0.4427921785035597	0.5234023189599463	-0.006499823881473308	0.2739922352031395
0.4568479110632136	0.4678587246744741	-0.006256819785488055	0.21893093404785344
0.4713498204692069	0.416003340322653	-0.00594422504107942	0.17309411297094407
0.4863120698949899	0.3678976054734003	-0.005579616881045296	0.13537978023760094
0.5017492721013986	0.3235558273658912	-0.005178966738796152	0.10471519511890796
0.5176765037080914	0.2829479690439998	-0.004756513517558474	0.08008217760696701
0.5341093199180081	0.2460032170906871	-0.004324689068428037	0.0605362857545063
0.5510637697092341	0.212614199492123	-0.0038940943200643863	0.04521996179624984
0.568556411509106	0.1826417069232864	-0.003473522714073552	0.03337005846789683
0.5866043293658671	0.155919760106846	-0.0030700260570489307	0.024320396651767363
0.6052251496336656	0.1322608621994644	-0.002689016678506599	0.017500166480443
0.6244370581871924	0.1114612783196603	-0.002334398933340976	0.012429065983032757
0.6442588181827694	0.09330619386039612	-0.0020087226296073594	0.008710080779316521
0.6647097883832354	0.07757461828758237	-0.0017133508911448588	0.006020756973740296
0.6858099420645267	0.0640439206005706	-0.0014486352483013	0.004103722309974812
0.7075798865224169	0.05249390523355695	-0.001214091336879197	0.002757084104443943
0.7300408831984669	0.04271036154384504	-0.0010085694091373663	0.001825192195459005
0.7532148684448406	0.034488044823586146	-0.0008304148474005862	0.0011901148245724706
0.7771244749482682	0.027633070755120375	-0.0006776149456866723	0.0007640457613721068
0.8017930538340772	0.021964727352372617	-0.0005479293175700619	0.00048274947420111857
0.8272446974718823	0.017316727861766308	-0.00043900233839420065	0.0003000617868915891
0.8535042630052043	0.013537944250501472	-0.0003484569881051352	0.00018339735680224516
0.8805973966279997	0.010492673451629393	-0.0002739702923283688	0.00011017125588360677
0.9085505586318112	0.008060497359025073	-0.0002133312422591646	6.501712789377401e-05
0.9373910492479982	0.006135802770397383	-0.00016448259947448527	3.767513016274608e-05
0.9671470353102888	0.004627029328523112	-0.0001255483614995589	2.1425162798088262e-05
0.9978475777636924	0.003455712402425595	-9.484888786348237e-05	1.1950944519807018e-05
1.0295226600466378	0.002555384259559004	-7.090578045068692e-05	6.53501634370324e-06
1.0622032173740583	0.0018703913341971128	-5.243859602834844e-05	3.50111354939308e-06
1.0959211669500213	0.001354678437414684	-3.835536457765335e-05	1.8366248027881744e-06
1.1307094391394077	0.0009705829078011089	-2.773871648232908e-05	9.42800617307743e-07
1.1666020096290917	0.0006876734591264209	-1.982920580804263e-05	4.7328798378987497e-07
1.2036339326100205	0.0004816602755626763	-1.4007175115898985e-05	2.3219282200984076e-07
1.2418413750126076	0.0003333951018564477	-9.774256348642077e-06	1.1124783002904011e-07
1.2812616518288789	0.0002279729622779989	-6.735356388277625e-06	5.201703655548303e-08
1.3219332625558562	0.0001539409254821002	-4.5817459748713206e-06	2.3718800934463775e-08
1.363895928795785	0.00010261414075280526	-3.0756648301802386e-06	1.0539121596584136e-08
1.4071906330499169	6.749525015887699e-05	-2.036679498270599e-06	4.55975685738806e-09
1.4518596587437405	4.379023189698104e-05	-1.3298855810397293e-06	1.919353005250033e-09
1.4979466315227512	2.8011675832425888e-05	-8.559333358333998e-07	7.853866048163034e-10
1.545496561859086	1.7659273336392635e-05	-5.427752827481448e-07	3.121445397769902e-10
1.5945558890106413	1.0966967042185427e-05	-3.3897629910704596e-07	1.2038927103573768e-10
1.6451725263756	6.706327044247306e-06	-2.0839796190225823e-07	4.501825213492782e-11
1.697395908286669	4.036076216968793e-06	-1.2606683867486268e-07	1.63058040769946e-11
1.751277038290722	2.3894245461695034e-06	-7.500611077946091e-08	5.714975578491598e-12
1.8068685389610064	1.3909862684037351e-06	-4.3863447315227534e-08	1.9367668008981233e-12
1.8642247032905537	7.955103896219439e-07	-2.5213475887670995e-08	6.334724993627952e-13
1.9234015477169997	4.465743652868502e-07	-1.424449923444802e-08	1.9963156948979333e-13
1.9844568668305849	2.466617292122185e-07	-7.875776587257548e-09	6.090403651481419e-14
2.0474502898187805	1.3237937181462797e-07	-4.32099329542907e-09	1.754296906509466e-14
2.112443338702654	6.895809725161493e-08	-2.355399584375016e-09	4.760767083765257e-15
2.179499488421857	3.508230816335172e-08	-1.253967096920687e-09	1.2323407795485346e-15
2.248684228826918	1.7828645163767285e-08	-6.372595073830625e-10	3.182666880552727e-16
2.3200651286393765	8.86782104106387e-09	-3.169676224009504e-10	7.873871848998562e-17
2.3937119014422343	4.314074872910803e-09	-1.5420045679701383e-10	1.863501978995677e-17
2.469696473765167	2.0512802370191267e-09	-7.332008805716803e-11	4.213126446097955e-18
