r	P	Q	rho
0.0001020901060467495	0.1980028013025694	-0.05082117215497172	0.04178790086287005
0.00010533079388461807	0.2034569487247723	-0.05222102195850893	0.0441217651187857
0.0001086743521971015	0.2090599180017589	-0.0536590643900935	0.04658534450612236
0.0001121240464435951	0.214815684297538	-0.0551363193844498	0.04918579193548357
0.00011568324574030244	0.2207283237599707	-0.05665383277245347	0.05193064967769557
0.00011935542615065572	0.2268020157654939	-0.05821267685738248	0.05482787010219337
0.00012314417408018505	0.2330410451937429	-0.0598139509975549	0.05788583747893002
0.00012705318977915278	0.2394498047331432	-0.0614587821857254	0.06111339089449285
0.00013108629095637324	0.2460327972059881	-0.06314832566207854	0.0645198483349268
0.00013524741650774733	0.2527946379277958	-0.06488376550421833	0.06811503199105175
0.00013954063036315364	0.2597400570849163	-0.06666631524240872	0.07190929484247581
0.00014397012545545288	0.2668739021371813	-0.06849721847161559	0.07591354858027406
0.00014854022781548223	0.2742011402401951	-0.07037774947174032	0.08013929292973018
0.00015325540079703866	0.2817268606860658	-0.0723092138317157	0.08459864643698671
0.00015812024943597734	0.2894562773602106	-0.07429294907770478	0.08930437878589362
0.00016313952494768336	0.2973947312116531	-0.0763303253046029	0.0942699447135579
0.00016831812936730768	0.3055476927340647	-0.0784227458101498	0.09950951959551377
0.00017366112033730078	0.3139207644545244	-0.08057164773086305	0.10503803677377926
0.00017917371604691846	0.3225196834267088	-0.0827785026789393	0.11087122670343162
0.00018486130032852432	0.33135032372494	-0.08504481737919678	0.11702565799568347
0.00019072942791566663	0.3404186989352126	-0.0873721343050535	0.12351878043776322
0.0001967838298680644	0.3497309646390003	-0.08976203231245222	0.13036897007218737
0.00020303041916880043	0.359293420885302	-0.09221612727055488	0.13759557642024192
0.00020947529649918928	0.3691125146460205	-0.09473607268793592	0.14521897193664257
0.0002161247561969584	0.3791948422493854	-0.09732356033290313	0.1532606037844085
0.0002229852924035627	0.3895471517857211	-0.09998032084647054	0.1617430480209308
0.00023006360540663557	0.4001763454794267	-0.1027081243463946	0.17069006628802394
0.00023736660818377117	0.4110894820205787	-0.1055087810205675	0.18012666510039377
0.0002449014331540284	0.4222937788490809	-0.1083841417079353	0.19007915782840226
0.00025267543914375093	0.4337966143837696	-0.1113360984649763	0.20057522947222378
0.0002606962185735058	0.4456055301883427	-0.1143665851156344	0.21164400432544564
0.00026897160487315965	0.4577282330654045	-0.1174775777824534	0.22331611662680967
0.00027750968013233603	0.47017259706931	-0.120671095396503	0.23562378429909167
0.00028631878299372246	0.482946665427857	-0.1239492001835199	0.24860088587402077
0.00029540751679693925	0.4960586523621897	-0.127313998123514	0.2622830407015859
0.0003047847579809226	0.5095169447935731	-0.1307676393809043	0.2767076925410313
0.0003144596647530264	0.5233301039249388	-0.1343123187020573	0.2919141966292103
0.00032444168603331286	0.5375068666843141	-0.1379502757768927	0.3079439103197098
0.00033474057068276427	0.5520561470164113	-0.1416837955610091	0.3248402873831793
0.00034536637702442947	0.5669870370077762	-0.1455152085545534	0.3426489760555326
0.00035632948266680465	0.5823088078299706	-0.1494468910338213	0.36141792091603653
0.00036764059463904154	0.5980309104842966	-0.1534812652313235	0.38119746867168464
0.00037931075984788096	0.614162976330547	-0.157620799459791	0.4020404779175396
0.00039135137586652656	0.6307148173811987	-0.1618680081753167	0.42400243293484324
0.00040377420206599217	0.6476964263413448	-0.1662254519745392	0.447141561579489
0.0004165913710997981	0.6651179763734825	-0.1706957375204735	0.4715189573028148
0.0004298154007532288	0.6829898205650443	-0.1752815173912731	0.4971987053344586
0.00044345920616872873	0.7013224910752665	-0.1799854898458775	0.5242480130430777
0.0004575361124593712	0.720126697936648	-0.1848103985001492	0.5527373444749242
0.00047205986772272434	0.7394133274848349	-0.1897590319067427	0.5827405590523799
0.0004870446564678192	0.7591934403893008	-0.1948342230315662	0.6143350543944569
0.0005025051134683377	0.779478269255656	-0.2000388486193043	0.6476019131987298
0.0005184563380555459	0.8002792157688229	-0.2053758284400535	0.6826260540990005
0.0005349139088649357	0.8216078473446427	-0.2108481244086968	0.7194963863849629
0.0005518938990509732	0.8434758932557583	-0.2164587395681957	0.7583059684390514
0.0005694128919848169	0.8658952401958107	-0.2222107169275129	0.7991521697112
0.0005874879974503335	0.8888779272441244	-0.2281071381444029	0.8421368360142406
0.0006061368683542313	0.9124361401911232	-0.234151122042802	0.8873664578807782
0.0006253777179666295	0.9365822051827176	-0.240345822954042	0.9349523416763779
0.0006452293377089033	0.961328581639834	-0.246694428870572	0.9850107831134327
0.0006657111155061729	0.9866878544071256	-0.2532001594003277	1.0376632427548884
0.0006868430547223676	1.012672725082702	-0.2598662635093195	1.0930365230367207
0.0007086457936963482	1.0392960024784554	-0.2666960170394292	1.1512629462723931
0.0007311406258981765	1.0665705921582456	-0.2736927199878074	1.2124805330311148
0.0007543495207252114	1.0945094849988095	-0.2808596935336524	1.2768331802041764
0.0007782951449583443	1.1231257447158547	-0.2882002767975265	1.3444708379897141
0.0008030008848993302	1.1524324942952966	-0.295717823317726	1.4155496849354525
0.0008284908692108298	1.182442901267082	-0.3034156972275771	1.490232300081011
0.000854789992481475	1.213170161756494	-0.3112972691168693	1.5686878311358985
0.0008819239395389693	1.244627483245227	-0.3193659115599769	1.651092157515883
0.0009099192105349688	1.276828065971933	-0.3276249942925471	1.7376280469388188
0.0009388031468262422	1.3097850828993107	-0.3360778790179683	1.8284853041507703
0.0009686039576773873	1.3435116581722066	-0.3447279138241584	1.9238609102141886
0.0009993507478111843	1.3780208439885917	-0.3535784271905498	2.0239591506415735
0.0010310735458334878	1.4133255958027109	-0.362632721564494	2.1289917305003594
0.0010638033335604248	1.4494387457771911	-0.3718940664856624	2.239177874447399
0.0010975720762765372	1.4863729743984229	-0.3813656912363975	2.35474440947423
0.0011324127539534196	1.524140780167178	-0.3910507769953654	2.475925827957293
0.0011683593934593442	1.5627544472741592	-0.4009524484712889	2.6029643284102844
0.0012054471017913283	1.602226011168066	-0.4110737649930051	2.7361098311290557
0.0012437121003621033	1.6425672219217833	-0.4214177110315968	2.8756199657029553
0.0012831917603754622	1.683789505300568	-0.4319871861299108	3.0217600271407696
0.0013239246393245514	1.7259039214345513	-0.4427849942143923	3.1748028971246014
0.001365950518648733	1.768921120996627	-0.4538138322638596	3.3350289266619737
0.0014093104425858104	1.8128512987858425	-0.4650762783096175	3.502725776155841
0.0014540467582575523	1.857704144615815	-0.4765747787411708	3.678188208654973
0.0015002031570276711	1.9034887914074965	-0.4883116348917821	3.8617178317846568
0.0015478247171726409	1.9502137603858989	-0.5002889888782031	4.053622783591283
0.0015969579479070354	1.9978869032811548	-0.5125088086691502	4.2542173572658335
0.0016476508348063793	2.046515341435682	-0.5249728723574723	4.463821559442859
0.0016999528866718748	2.09610540172121	-0.5376827516115166	4.682760596505368
0.001753915183882776	2.1466625491722064	-0.5506397942819448	4.911364283065378
0.0018095904282836304	2.1981913162457247	-0.5638451061412002	5.149966366537493
0.0018670329946551133	2.2506952286221926	-0.5772995317340232	5.398903761483027
0.0019262989838187208	2.3041767274670093	-0.5910036343188487	5.658515687178664
0.0019874462774271866	2.3586370880793175	-0.6049576748816468	5.92914270166149
0.002050534594494132	2.414076334861998	-0.6191615902058009	6.211125625326913
0.0021156255497181663	2.4704931525558056	-0.633614969983988	6.504804347012932
0.002182782713658383	2.5278847936909967	-0.6483170329607544	6.810516505401209
0.002252071674820038	2.586246982221565	-0.6632666020976266	7.128596038508283
0.0023235601037110373	2.6455738133207856	-0.678462078756145	7.459371594038792
0.0023973178189317943	2.7058576493320032	-0.6939014158982503	7.80316479343411
0.002473416855363006	2.767089011885851	-0.7095820903079793	8.160288342585256
0.0025519315345179437	2.8292564702143257	-0.7255010738434898	8.531043982397682
0.0026329385371279567	2.892346525713667	-0.741654803734097	8.915720272709784
0.0027165169780321006	2.956343492831806	-0.7580391519432472	9.3145902034878
0.0028027484834440043	3.0212293763825584	-0.7746493936252933	9.727908627760979
0.0028917172706714594	3.086983745417773	-0.7914801747115431	10.155909511434956
0.0029835102303665765	3.1535836038205503	-0.8085254786694139	10.598802995943414
0.0030782170113868444	3.221003257817547	-0.825778592487659	11.05677227068215
0.003175930108349967	3.2892141806464408	-0.8432320719505934	11.529970253331728
0.003276744951967989	3.358184874655971	-0.8608777062750494	12.018516077529528
0.0033807600022489367	3.4278807311608417	-0.8787064821955151	12.522491388916205
0.003488076844656992	3.4982638884221493	-0.8967085475955336	13.041936452369347
0.0035988002893251234	3.569293088176167	-0.9148731747970498	13.576846075265392
0.003713038473417059	3.640923531190295	-0.9331887236339756	14.127165353892817
0.003830902966738583	3.713106732384901	-0.9516426044518428	14.692785252689962
0.003952508880701288	3.785790376123672	-0.9702212411920412	15.27353802881084
0.00407797498074521	3.858918172343079	-0.9889100347367826	15.869192517642754
0.00420742380233015	3.932429714263536	-1.0076933267096488	16.479449298317952
0.004340981770608941	4.006260338500903	-1.026554363946267	17.103935761982495
0.004478779323899557	4.080340988476955	-1.0454752638703888	17.74220110960995
0.004620951041076656	4.1545980821112485	-1.0644369810323189	18.393711310471662
0.0047676357730069546	4.2289533848643375	-1.0834192750892202	19.057844056990387
0.004918976778156814	4.303323889293127	-1.1024006805302626	19.733883756594512
0.005075121862504469	4.377621702373108	-1.1213584784737378	20.421016606332962
0.0052362235238935535	4.451753941938901	-1.140268670888096	21.118325801377452
0.005402439100968894	4.525622643693285	-1.1591059576141662	21.82478693408605
0.005573930926840036	4.59912468033532	-1.1778437165914732	22.53926364598348
0.005750866487622569	4.672151694459409	-1.1964539877173617	23.2605036007647
0.005933418586012105	4.744590046978408	-1.2149074607933557	23.987134852177935
0.0061217655100506375	4.816320782924287	-1.2331734680385429	24.717662686302628
0.006316091207250127	4.8872196165780375	-1.251219981674512	25.450467023206745
0.006516585464243368	4.95715693797558	-1.2690136171101178	26.183800468130336
0.006723444092137574	5.025997842926548	-1.2865196422767398	26.915787107066187
0.006936869117751731	5.09360218876674	-1.3037019936853114	27.64442214574838
0.007157068980924465	5.159824678140698	-1.3205232997947445	28.367572494450556
0.007384258738085138	5.224514973176476	-1.336944912296962	29.08297840346193
0.007618660272286984	5.287517842468009	-1.3529269459359798	29.788256255457213
0.007860502509907413	5.348673343319117	-1.3684283274867788	30.480902621000762
0.008110021644227125	5.407817041724719	-1.3834068545233609	31.158299681910513
0.008367461366106369	5.464780272566367	-1.39781926460373	31.817722123927847
0.008633073101983682	5.519390442477851	-1.4116213154917794	32.45634559486659
0.008907116259429493	5.571471377789395	-1.4247678770214485	33.07125681691866
0.009189858480494445	5.6208437198823455	-1.4372130351861605	33.65946543184982
0.009481575903099865	5.667325370177146	-1.4489102090056427	34.2179176452143
0.009782553430725635	5.710731986832031	-1.4598122806818583	34.74351172025609
0.010093085010658906	5.75087753504487	-1.4698717395050476	35.23311535367935
0.010413473921075335	5.787574892622264	-1.4790408399089334	35.68358494383014
0.010744033067233308	5.820636512204834	-1.4872717740000547	36.091786736949324
0.011085085287070333	5.849875141212084	-1.494516858799156	36.45461980900599
0.011436963666500112	5.875104600191182	-1.5007287383317915	36.769040809242526
0.011800011864718256	5.896140619818121	-1.5058606005900548	37.03209035707866
0.012174584449834254	5.912801736304657	-1.5098664092570282	37.24092094665008
0.01256104724515758	5.924910244407704	-1.5127011499396763	37.39282617331619
0.0129597776864761	5.93229320661796	-1.514321090494148	37.48527105440098
0.013371165190675688	5.934783516420451	-1.5146840548496567	37.51592317279169
0.013795611536061124	5.932221012771458	-1.5137497095434205	37.48268432751001
0.014233531254749634	5.924453642124711	-1.5114798619698198	37.38372233082506
0.014685352037520366	5.911338663466996	-1.5078387691227586	37.2175025478694
0.015151515151515152	5.892743890892918	-1.5027934553720774	36.982818733164954
0.015632475871198526	5.868548967265225	-1.4963140375642332	36.67882268020151
0.016128703922997867	5.83864666147775	-1.4883740554761002	36.305052166599644
0.016640683944057967	5.802944180770852	-1.4789508053809617	35.86145664987929
0.017168915955557973	5.761364488454853	-1.4680256742102773	35.34842014896919
0.017713915851053096	5.7138476162878975	-1.4555844715170068	34.76678073588034
0.018276215900317888	5.660351959645748	-1.4416177561699024	34.11784606196981
0.018856365269183262	5.6008555425295175	-1.4261211544377743	33.403404355418544
0.01945493055587487	5.5353572384026215	-1.4090956658632214	32.62573035229081
0.020072496344376748	5.463877931852532	-1.390547953082323	31.787585664006542
0.02070966577536055	5.386461605160215	-1.3704906115264432	30.892213140147284
0.021367061135238043	5.303176333057157	-1.348942414751252	29.943324857812488
0.022045324463912136	5.214115168285027	-1.3259285309834807	28.94508345741601
0.022745118181820043	5.119396900076398	-1.3014807063652791	27.902076649552903
0.023467125736880805	5.0191666673782205	-1.275637410317203	26.819284837521373
0.024212052271979288	4.9135964085750405	-1.2484439384417436	25.70204193379347
0.024980625313638306	4.802885129668886	-1.2199524684579708	24.55598959409121
0.025773595482551526	4.687258973369132	-1.1902220648020596	23.387025246971128
0.02659173722667119	4.566971072369039	-1.1593186277556682	22.2012444565169
0.027435849577566472	4.442301171264165	-1.1273147832811223	21.004878316819138
0.02830675693079125	4.3135550031258685	-1.094289710154994	19.804226734743313
0.029205309851023403	4.181063408910757	-1.0603289015556747	18.605588608806702
0.030132385902762	4.0451811890637535	-1.0255238585879076	17.415190036888273
0.031088890507393583	3.906285682288019	-0.9899717146316772	16.239111827419155
0.03207575782746477	3.764775066100552	-0.9537747893682385	15.083217647166842
0.033093951679024514	3.6210663799307694	-0.9170400728704944	13.95308422311525
0.034144466472927404	3.4755932745591367	-0.879878640935321	12.85393503293489
0.03522832818601698	3.3288034961825126	-0.842405003976266	11.790578906921173
0.03634659536313785	3.181156118027232	-0.8047363929716531	10.767354909435115
0.037500360150954926	3.033118537296643	-0.766991987195174	9.78808476971413
0.0386907493645898	2.8851632602580985	-0.7292920897233784	8.856033990476234
0.03991892558811563	2.737764503352489	-0.6917572579933378	7.9738825798033615
0.041186088309985526	2.591394643240411	-0.6545073979468548	7.14370613098226
0.04249347509450344	2.446520553563572	-0.6176608315144225	6.366967721796095
0.04384236279048123	2.3035998707676826	-0.58133334832945	5.6445208264808135
0.04523406877826297	2.163077235465233	-0.5456372535857256	4.976623139088488
0.0466699522563338	2.02538055936929	-0.5106804248220373	4.362960906567475
0.04815141556877028	1.8909173706576656	-0.4765653911004419	3.8026830746496167
0.04967990557482838	1.7600712925887243	-0.4433884485028954	3.2944442712607476
0.051256915062007115	1.633198711152226	-0.411238826071165	2.8364554021776818
0.052883984203967296	1.5106256873816093	-0.3801979162271871	2.4265404228806546
0.054562702064729934	1.3926451685785717	-0.3503385833106584	2.0621976885213575
0.056294708150622784	1.2795145500330187	-0.3217245631398426	1.7406641782737209
0.05808169401149106	1.171453634819522	-0.2944099654308503	1.4589808462768643
0.05992540489273602	1.0686430339103477	-0.2684388895002364	1.2140573713212326
0.06182764143979485	0.97122304220138	-0.2438451619367325	1.0027346607028549
0.06379026145672667	0.8792930181823185	-0.2206522028830666	0.8218436064613212
0.06581518172062185	0.7929112860246833	-0.1988730252530021	0.6682587876785984
0.06790437985360703	0.7120955689860003	-0.1785103686689648	0.5389460510918254
0.07005989625427395	0.6368239524570268	-0.1595569672004429	0.43100317220519274
0.07228383609041822	0.5670363639736045	-0.1419959471816549	0.34169308708442137
0.0745783713550347	0.5026365463737517	-0.1258013485663579	0.26846947705164687
0.07694574298757699	0.4434944893289357	-0.1109387605220037	0.20899477065129193
0.07938826306255287	0.3894492740577343	-0.09736605936212445	0.16115088657980497
0.08190831704759342	0.3403122764860385	-0.08503423455245283	0.1230432665730315
0.0845083661332009	0.2958706657867732	-0.07388828648703681	0.09299892975309887
0.08719094963645047	0.2558911284257844	-0.0638681780925639	0.06955941377988473
0.08995868748099405	0.2201237428319904	-0.05490982114843517	0.05146955061691739
0.09281428275578767	0.1883059268187122	-0.04694607755858845	0.0376630562731912
0.09576052435504158	0.1601663790626759	-0.039907755712954	0.027245897948093595
0.0988002897019714	0.1354289373739347	-0.03372458254606609	0.01947834454613955
0.1019365475590104	0.1138162801557433	-0.028326132930502873	0.013756515435287164
0.1051723609272278	0.09505340326139261	-0.023642699603967032	0.009594126716136346
0.1085108900377835	0.07887081221994453	-0.01960608886957108	0.006605003740995271
0.1119553954383431	0.06500737925580712	-0.016150329757539165	0.004486792508985596
0.1155092411774656	0.05321282532503253	-0.013212287103679372	0.0030061693095824755
0.1191758980900741	0.04324979913057689	-0.010732171982214832	0.001985724640291086
0.1229589471872188	0.0348955373133379	-0.008653946015065046	0.001292589306018218
0.1268620831534434	0.02794310227752971	-0.006925619149439433	0.0008287811654955681
0.1308891179551682	0.02220220593075202	-0.005499443435111769	0.0005231818262875141
0.1350439845636172	0.017499638558242582	-0.004332008033639528	0.0003250036432726479
0.1393307407959226	0.013679331711620285	-0.003384243058360937	0.00019857721715460454
0.1437535732781594	0.010602092046735024	-0.002621341797984132	0.00011927578858930074
0.1483168015341802	0.008145049248991886	-0.0020126123610455728	7.039243578433672e-05
0.1530248822042432	0.006200865389572722	-0.001531270760503574	4.079552172157406e-05
0.1578824133975547	0.00467675521604732	-0.0011541879294840734	2.320418912739255e-05
0.162894139182975	0.003493367051103511	-0.0008616031378199262	1.2945973320836784e-05
0.1680649542222758	0.0025835723033716426	-0.0006368158046555044	7.080380215808092e-06
0.1733999085504715	0.0018912083164508	-0.00046586683492655536	3.7937008040971553e-06
0.1789042125078963	0.0013698146925825074	-0.0003372194222152868	1.9901092307341214e-06
0.1845832418288405	0.0009813976655808447	-0.0002414478426493801	1.0214384387275714e-06
0.1904425428917188	0.0006952509234827446	-0.0001709412038803806	5.125947417876831e-07
0.1964878381358959	0.00048685485173942335	-0.00011962749818262406	2.513383849836496e-07
0.2027250316504614	0.0003368698152218617	-8.272172121436255e-05	1.2032415556827797e-07
0.2091602149404105	0.00023023311163006407	-5.6500328971597194e-05	5.6199572864760245e-08
0.2157996728758638	0.00015536384264895804	-3.8102971792362607e-05	2.5589760062059774e-08
0.2226498898301354	0.00010347533385813348	-2.536130558968591e-05	1.1350340538265617e-08
0.2297175560126437	6.799098504899298e-05	-1.6653762031962286e-05	4.900121837749616e-09
0.237009574002851	4.405658717142261e-05	-1.0784468443134238e-05	2.0572876327941173e-09
0.2445330654916123	2.814020320149691e-05	-6.88403024619966e-06	8.392609086521287e-10
0.2522953782365173	1.7709513446110972e-05	-4.329627170385427e-06	3.3237253793252503e-10
0.2603040932380193	1.097611048479052e-05	-2.6817772306562613e-06	1.2766693048919475e-10
0.2685670321433582	6.696514006676258e-06	-1.6351304720661857e-06	4.75169515022907e-11
0.2770922648855094	4.019748253429562e-06	-9.809003783289722e-07	1.7120541573155935e-11
0.2858881175646194	2.3727855708026784e-06	-5.786753155781794e-07	5.964976485868898e-12
0.2949631805796245	1.376796498506528e-06	-3.3550910542985186e-07	2.0081349581261754e-12
0.3043263170179949	7.850390227422575e-07	-1.9106164315694795e-07	6.527908187139516e-13
0.3139866713117982	4.390863108619889e-07	-1.0689266948665291e-07	2.04222831176374e-13
0.3239536781685354	2.416856478354457e-07	-5.847660977333569e-08	6.183146626022208e-14
0.3342370717854725	1.3128197431826642e-07	-3.133378663046806e-08	1.8216762965505665e-14
0.3448468953564656	6.934921469410723e-08	-1.632935197527193e-08	5.075961314621695e-15
0.3557935108805662	3.5510568819655566e-08	-8.36151612755818e-09	1.3309154498469097e-15
0.3670876092819845	1.7801082479641196e-08	-4.191541932133909e-09	3.344475612158256e-16
0.3787402208512939	8.730015040459183e-09	-2.055617918297625e-09	8.043872763266981e-17
0.3907627260180767	4.185633167466321e-09	-9.855724759452488e-10	1.8490878117934997e-17
