r	P	Q	rho
0.00010528042186071042	-0.002133336281674182	0.0005299181818937109	4.83193697020896e-06
0.0001086223811935124	-0.0021925961192334887	0.0005446758085520505	5.104149478499585e-06
0.00011207042570326092	-0.002253485346855761	0.0005598414945849549	5.391618707552746e-06
0.00011562792289495745	-0.002316047748252322	0.0005754263456032183	5.695192651398926e-06
0.0001192983471696869	-0.002380328221340571	0.0005914417586372389	6.015765795170276e-06
0.0001230852832178637	-0.002446372802708263	0.0006078994291268134	6.354281605763388e-06
0.0001269924295201908	-0.002514228692365721	0.0006248113580268981	6.71173515063446e-06
0.0001310236019597513	-0.0025839442787836545	0.0006421898589594731	7.089175850809168e-06
0.0001351827375487599	-0.0026555691641267374	0.0006600475656901867	7.4877103744343204e-06
0.00013947389827361444	-0.0027291541897800347	0.0006783974395038069	7.90850567751924e-06
0.0001439012750620022	-0.0028047514620414336	0.0006972527768448869	8.352792198641466e-06
0.00014846919187593577	-0.002882414378018184	0.0007166272170098999	8.821867214765308e-06
0.00015318210993471606	-0.0029621976516758285	0.0007365347499784883	9.317098365519667e-06
0.0001580446320719461	-0.003044157340017224	0.0007569897243525749	9.839927353556127e-06
0.00016306150723085163	-0.0031283508693596986	0.0007780068554066123	1.0391873828883268e-05
0.00016823763510229845	-0.0032148370616755175	0.0007996012332443841	1.0974539465328415e-05
0.00017357807091003603	-0.003303676160958246	0.0008217883310585539	1.1589612237547818e-05
0.00017908803034784144	-0.003394929859574107	0.0008445840134884045	1.2238870907268047e-05
0.00018477289467338465	-0.0034886613245539854	0.000868004545070712	1.292418972770218e-05
0.0001906382159637907	-0.0035849352237779363	0.0008920665987780851	1.3647543375339263e-05
0.0001966897225380312	-0.003683817752000092	0.0009167872646384861	1.4411012118554327e-05
0.00020293332455144136	-0.003785376656657629	0.0009421840584289536	1.5216787232726142e-05
0.00020937511976782544	-0.003889681263402916	0.0009682749304358435	1.6067176671778244e-05
0.00021602139951478892	-0.003996802501293187	0.000995078274273108	1.6964611006273824e-05
0.00022287865482811337	-0.00410681292756701	0.0010226129357493272	1.791164963839337e-05
0.000229953582791174	-0.004219786751931333	0.001050898221773314	1.89109873043015e-05
0.00023725309307559287	-0.0043357998602772535	0.0010799539092871758	1.9965460874564904e-05
0.000244784314689514	-0.0044549298377364495	0.0011098002542147209	2.1078056463409568e-05
0.0002525546029400918	-0.00457725599098382	0.0011404580004120198	2.2251916857701053e-05
0.00026057154661699323	-0.004702859369684972	0.001171948388605808	2.3490349276589483e-05
0.00026884297540392786	-0.004831822786979968	0.0012042931653041971	2.4796833472777263e-05
0.000277376967525446	-0.004964230838886986	0.0012375145916628835	2.6175030186335144e-05
0.00028618185763647154	-0.005100169922501456	0.0012716354522886717	2.7628789961905925e-05
0.0002952662449622763	-0.00523972825285751	0.0013066790639606834	2.916216233998638e-05
0.00030463900169684367	-0.005382995878309566	0.0013426692842480722	3.077940543276101e-05
0.0003143092816678264	-0.005530064694282064	0.0013796305200014403	3.248499589466442e-05
0.00032428652927655847	-0.005681028455225276	0.001417587735693398	3.428363929746762e-05
0.000334580488721854	-0.005835982784604224	0.001456566461581884	3.618028091920204e-05
0.00034520121351660067	-0.005995025182736377	0.001496592801667899	3.81801169556475e-05
0.00035615907630644287	-0.006158255032281762	0.001537693441417242	4.028860616240124e-05
0.0003674647790001423	-0.0063257736011763455	0.0015798956552136416	4.251148193470249e-05
0.00037912936322151154	-0.006497684042786247	0.0016232273135083656	4.485476483119861e-05
0.00039116422109312726	-0.006674091393046077	0.0016677168896289307	4.732477554668531e-05
0.0004035811063623555	-0.006855102564329905	0.001713393466206936	4.992814833752306e-05
0.00041639214588055446	-0.007040826335787584	0.0017602867411823106	5.2671844901902264e-05
0.0004296098514466667	-0.007231373339862685	0.0018084270333383616	5.556316871538579e-05
0.0004432471320267672	-0.00742685604469088	0.0018578452873189509	5.86097798201747e-05
0.00045731730636150143	-0.0076273887320593295	0.001908573078075892	6.181971006430172e-05
0.0004718341159737266	-0.007833087470588423	0.0019606426146912626	6.520137878443272e-05
0.00048681173858905946	-0.008044070083776994	0.0020140867435157334	6.876360892312182e-05
0.0005022648019824386	-0.008260456112530972	0.0020689389505602097	7.251564356819547e-05
0.0005182083982642233	-0.008482366771773114	0.0021252333630741283	7.646716289840402e-05
0.0005346580986197818	-0.008709924900708271	0.002183004750239521	8.06283015155463e-05
0.000551629968516965	-0.008943254906293998	0.0022422885229055655	8.500966613890567e-05
0.0005691405833963162	-0.00918248269944092	0.002303120732283686	8.962235363300675e-05
0.0005872070448593424	-0.009427735623440335	0.0023655380675183884	9.447796933436456e-05
0.0006058469973706564	-0.009679142374088632	0.0024295778520439094	9.95886456370204e-05
0.0006250786454903009	-0.009936832910948733	0.002495278038631353	0.00010496706079018979
0.0006449207716530867	-0.010200938359158338	0.002562677203025364	0.00011062645785425391
0.0006653927545123064	-0.010471590901162812	0.002631814536063499	0.00011658066375355093
0.0006865145878657409	-0.010748923657717357	0.0027027298341652127	0.00012284410835592261
0.0007083069001824416	-0.011033070557468586	0.0027754634880709627	0.0001294318434996952
0.0007307909747493591	-0.011324166194389673	0.0028500564697051182	0.0001363595618786659
0.0007539887704574946	-0.011622345672305847	0.002926550317029301	0.00014364361568467077
0.0007779229432478741	-0.01192774443570834	0.0030049871167454026	0.00015130103489537712
0.0008026168682382926	-0.012240498086014647	0.003085409484699812	0.0001593495450820038
0.0008280946625524344	-0.01256074218239154	0.0031678605438323574	0.00016780758459768004
0.0008543812088736681	-0.012888612026214096	0.003252383899505132	0.00017669432099203083
0.0008815021797465211	-0.013224242428189936	0.003339023612037646	0.00018602966648128375
0.0009094840626495621	-0.01356776745713195	0.003427824166265784	0.0001958342922856445
0.0009383541858641865	-0.013919320169315958	0.003518830437932616	0.00020612964162684708
0.0009681407451645623	-0.01427903231731142	0.0036120876567094706	0.00021693794115857685
0.0009988728313548058	-0.014647034037123998	0.003707641365635612	0.00022828221058084124
0.001030580458680284	-0.015023453512438122	0.0038055373767545025	0.0002401862701662649
0.0010632945941407843	-0.01540841661469628	0.003905821722713933	0.0002526747459016724
0.001097047187734188	-0.015802046517699363	0.004008540604086296	0.0002657730719221431
0.001131871203660179	-0.016204463285359128	0.00411374033215394	0.00027950748988694196
0.001167800652514464	-0.016615783431180385	0.004221467266892921	0.000293905044917337
0.0012048706245049489	-0.017036119447996115	0.0043317677498765726	0.0003089935776852622
0.0012431173237223076	-0.0174655793064248	0.004444688031808156	0.0003248017122091129
0.0012825781034984187	-0.017904265920464887	0.004560274194379464	0.0003413588388786437
0.0013232915028871953	-0.018352276578587696	0.004678572066139632	0.0003586950921950406
0.0013652972843034435	-0.01880970233863699	0.004799627132045696	0.00037684132267479513
0.001408636472356506	-0.019276627384791564	0.004923484436353517	0.0003958290623271114
0.0014533513939166173	-0.01975312834479673	0.005050188478494701	0.0004156904830743327
0.001499485719453101	-0.02023927356562225	0.0051797831015722405	0.0004364583474434289
0.001547084505684786	-0.02073512234565813	0.005312311373094535	0.00045816595081412065
0.001596194239584286	-0.021240724121517274	0.005447815457554697	0.00048084705446597764
0.0016468628837791302	-0.021756117607474385	0.00558633648044935	0.0005045358086230562
0.0016991399233940783	-0.02228132988553629	0.005727914383318716	0.0005292666646507221
0.0017530764143803708	-0.02281637544410946	0.005872587769377888	0.000555074275515608
0.0018087250333791128	-0.02336125516320705	0.006020393739297538	0.0005819933835766411
0.001866140129167494	-0.023915955244122	0.006171367716681527	0.0006100586947333455
0.0019253777757380856	-0.02448044608148471	0.0063255432627786845	0.0006393047379177649
0.001986495827063056	-0.025054681075625206	0.006482951879956788	0.0006697657088791272
0.0020495539735967856	-0.02563859538317193	0.006643622803458681	0.0007014752971766412
0.002114613800572073	-0.026232104603843343	0.006807582780953497	0.0007344664952665137
0.002181738848146859	-0.026835103401426256	0.006974855839390611	0.0007687713885455203
0.0022509946734602074	-0.027447464056987687	0.007145463038660208	0.0008044209251964902
0.0023224489146581643	-0.02806903495243703	0.007319422211562576	0.0008414446646722474
0.0023961713569520078	-0.028699638982644247	0.007496747689588707	0.000879870503655467
0.002472234000773413	-0.02933907189442973	0.007677450014017742	0.0009197243783442574
0.0025507111320931	-0.029987100550874966	0.007861535631842605	0.0009610299419390167
0.002631679394971629	-0.03064346111956248	0.008049006576044118	0.0010038082162473387
0.0027152178664132053	-0.031307857183540885	0.00823986012974649	0.0010480772163827784
0.002801408133595604	-0.03197995777403051	0.008434088473803449	0.0010938515476127187
0.0028903343735516293	-0.0326593953241379	0.008631678317385318	0.0011411419735131401
0.0029820834353799426	-0.033345763543139145	0.008832610511163014	0.001189954954716855
0.003076744925065532	-0.03403861521122369	0.009036859642716048	0.001240292157699899
0.0031744112929926837	-0.034737459894967404	0.009244393613828774	0.001292149933241867
0.0032751779242359037	-0.03544176158422949	0.009455173199382532	0.001345518764423687
0.0033791432317169887	-0.03615093625164603	0.009669151587602048	0.0014003826842946025
0.003486408752319216	-0.03686434933642877	0.0098862739014728	0.0014567186636531984
0.0035970792460525234	-0.037581313154775246	0.01010647670121288	0.0015144959697494418
0.003711262798366533	-0.038301084239860395	0.01032968746775887	0.001573675497130457
0.0038290709257113426	-0.03902286061511532	0.01055582406731115	0.0016342090723267437
0.003950618684449164	-0.03974577900531188	0.010784794197080687	0.0016960387346124756
0.004076024783223203	-0.04046891199086582	0.011016494812487572	0.0017590959956780092
0.004205411698893498	-0.04119126511175477	0.01125081153618216	0.0018233010817295552
0.004338905796152968	-0.04191177392852257	0.011487618049393678	0.0018885621622843397
0.00447663745094047	-0.04262930104901801	0.01172677546625932	0.0019547745707638696
0.004618741177771417	-0.04334263313079609	0.011968131691950348	0.002021820022906649
0.0047653557611103	-0.0440504778705022	0.01221152076559124	0.0020895658400280704
0.004916624390913422	-0.0447514609930692	0.012456762189164736	0.0021578641852515986
0.0050726948024742155	-0.04544412325518844	0.012703660243810526	0.002226551322022931
0.005233719420707734	-0.04612691747927694	0.012952003295159234	0.00229544690549784
0.005399855509015226	-0.046798205636056495	0.013201563089597596	0.002364353318763256
0.005571265322874172	-0.04745625599589391	0.013452094043635609	0.0024330550673066333
0.0057481162683037865	-0.04809924037122716	0.013703332528843547	0.002501318246685151
0.005930581065360775	-0.0487252314747254	0.01395499615514634	0.00256889009995572
0.006118837916824984	-0.0493322004203044	0.014206783055605975	0.002635498683098135
0.00631307068223972	-0.049918014396743496	0.014458371176189908	0.00270085265838197
0.006513469057476694	-0.050480434546429434	0.014709417574415271	0.002764641237374863
0.006720228760000973	-0.05101711408468335	0.014959557731175773	0.0028265342970419773
0.006933551720016873	-0.05152559669820924	0.015208404880500235	0.0028861826941157342
0.007153646277681473	-0.05200331526443136	0.015455549362459306	0.002943218804587256
0.007380727386578354	-0.05244759093685786	0.015700558004929126	0.0029972573167461186
0.007615016823650298	-0.05285563264511059	0.015942973540437822	0.0030478963076259807
0.007856743405795952	-0.05322453706188442	0.016182314064861116	0.00309471863394571
0.008106143213342019	-0.05355128909283019	0.016418072545296303	0.003137293669606486
0.008363459820609223	-0.053832762949174766	0.01664971638502761	0.0031751794224439004
0.008628944533797193	-0.054065723866777264	0.01687668705409834	0.003207925063160579
0.008902856636420672	-0.054246830539247136	0.01709839979462375	0.003235073899090585
0.009185463642536664	-0.054372638336684875	0.017314243410609984	0.0032561668245737847
0.009477041558009896	-0.05443960338551227	0.017523580152684858	0.0032707462781394496
0.009777875150071736	-0.054444087588695456	0.017725745708791384	0.003278360734298279
0.010088258225435812	-0.05438236466937805	0.017920049312538964	0.003278569754397046
0.010408493917241995	-0.05425062732447919	0.01810577398154486	0.0032709496165703148
0.01073889498110894	-0.05404499557810708	0.01828217689872172	0.0032550995391937678
0.01107978410058435	-0.05376152642761847	0.0184484899500686	0.0032306485052653014
0.011431494202291278	-0.05339622487773984	0.018603920433093616	0.003197262686675041
0.01179436878107824	-0.05294505646026292	0.018747651950525607	0.0031546534572384753
0.0121687622354907	-0.052403961338335935	0.018878845504449536	0.0031025859715306816
0.012555040213891576	-0.05176887009518188	0.018996640806412557	0.0030408882728596752
0.012953579971568756	-0.05103572130706207	0.019100157819380764	0.0029694608780573613
0.013364770739178475	-0.05020048099933607	0.019188498547667018	0.0028882867690785212
0.013789014102884304	-0.04925916408240156	0.019260749091078742	0.0027974417016464505
0.014226724396563034	-0.048207857860974736	0.019315981979536604	0.0026971047193777263
0.01467832910646056	-0.04704274770542582	0.019353258804268397	0.002587568738021338
0.015144269288692875	-0.04576014496753664	0.01937163316136904	0.002469251038788621
0.015625	-0.04435651721491101	0.01937015392301388	0.002342703482437947
0.01612099074217348	-0.04282852084814279	0.019347868850896673	0.002208622227111299
0.016632725920591552	-0.041173036152527966	0.019303828565510894	0.0020678567033040095
0.017160705317309777	-0.03938720482138046	0.019237090883678684	0.0019214175693082897
0.01770544457916916	-0.037468469970657926	0.019146725535229777	0.001770483340663515
0.018267475721398505	-0.03541461864440714	0.019031819267917433	0.0016164053583754632
0.018847347647202823	-0.03322382678727252	0.018891481347502768	0.0014607107338937323
0.01944562668384524	-0.030894706633766984	0.018724849457417328	0.0013051028851894678
0.02006289713574596	-0.02842635643396946	0.018531095999500254	0.0011514592590537713
0.020699761855138523	-0.025818412401596828	0.018309434793977737	0.0010018258214138515
0.021356842830840567	-0.023071102732824436	0.01805912817308517	0.0008584078916804576
0.02203478179571423	-0.020185303502648237	0.017779494458507922	0.0007235569006941371
0.022734240853409395	-0.017162596199877395	0.017469915808117645	0.0005997526666627648
0.02345590312500192	-0.01400532661194144	0.017129846412296753	0.000489580811616031
0.024200473416158327	-0.01071666471656409	0.016758821014466276	0.0003957049844421661
0.024968678905478645	-0.007300665179028741	0.016356463724262634	0.0003208336176194022
0.025761269854689503	-0.0037623279913392327	0.01592249708515375	0.00026768102534114436
0.026579020341381265	-0.00010765872324556014	0.01545675135116068	0.00023892275273229837
0.027422729015004664	0.003656272214868687	0.01495917391978413	0.00023714521087157047
0.028293219876865425	0.007521271970475222	0.014429838860262773	0.00026478978158700587
0.029191343084878477	0.011477970058007162	0.013868956467963116	0.0003240917501627649
0.030117975783867885	0.01551576640597204	0.013276882767081432	0.0004170146231755144
0.03107402296222331	0.019622783548993106	0.012654128875006204	0.0005451806117959002
0.03206041833574964	0.023785823951699328	0.012001370132737565	0.0007097983061241988
0.033078125259573044	0.0279903335307718	0.01131945489679834	0.0009115888303245001
0.03412813766899403	0.032220372518976734	0.01060941287922506	0.0011507120469034977
0.035211481050206384	0.03645859488923896	0.009872462913638084	0.0014266946652788004
0.036329213441830016	0.04068623762611054	0.009110020017215252	0.0017383623968823955
0.037482426468235915	0.04488312119455078	0.008323701610803503	0.002083778576670427
0.03867224640567227	0.04902766260974536	0.007515332752581941	0.002460191927357054
0.03989983528223323	0.05309690255454661	0.006686950234831734	0.0028639963643301344
0.04116639201274424	0.05706654802062142	0.005840805388674785	0.0032907059105782635
0.04247315356967257	0.06091103196297029	0.004979365438321435	0.0037349478949623384
0.04382139619120667	0.0646035914523868	0.00410531324462583	0.0041904776253834045
0.04521243662768377	0.06811636578376735	0.0032215452777930287	0.004650217641564863
0.046647633427583685	0.07142051594692836	0.0023311676611160654	0.005106324440789681
0.04812838826434424	0.07448636678762209	0.0014374901318383246	0.005550285215099304
0.04965614730529435	0.0772835730765673	0.0005440177718201507	0.005973046622817175
0.051232402624041766	0.0797813105603164	-0.0003455596301895477	0.00636517692617967
0.05285869365769483	0.08194849288647511	-0.001227380711056552	0.006717061949774536
0.05453660871034127	0.08375401507407894	-0.002097428272255337	0.007019134246386298
0.05626778650425274	0.08516702393486934	-0.0029515477194244862	0.007262133599862648
0.05805391778032975	0.08615721554011502	-0.003785468275798949	0.0074373955596929164
0.05989674694935016	0.08669515946814713	-0.004594827018845414	0.007537163110540572
0.06179807379563402	0.08675264915805436	-0.005375195762081506	0.007554914865421169
0.06375975523478844	0.08630307723376833	-0.006122110773234176	0.007485701380337531
0.06578370712724937	0.08532183414958906	-0.006831105285462609	0.007326479382071057
0.06787190614939129	0.08378672794357192	-0.007497744720212472	0.00707643195537961
0.07002639172403226	0.0816784222708215	-0.008117664498265622	0.006737261141557032
0.07224926801222	0.07898088922776073	-0.008686610269608415	0.006313438061183877
0.07454270596824379	0.07568187277570883	-0.009200480342810301	0.005812394705377016
0.07690894545987953	0.07177335783442783	-0.009655370040701251	0.005244641065451693
0.07935029745593877	0.06725203935276056	-0.010047617651389677	0.004623791417573772
0.08186914628325763	0.06211978488567765	-0.010373851582354198	0.003966484470895578
0.08446795195533073	0.05638408342932274	-0.010631038260964584	0.0032921838386709198
0.08714925257486342	0.05005847250526519	-0.01081653025809542	0.002622847996384685
0.08991566681258954	0.043162934762423805	-0.010928114043571208	0.0019824626138545518
0.09276989646477513	0.03572425470327843	-0.010964056714478374	0.0013964329137430096
0.09571472909190605	0.02777632556610673	-0.010923150971768764	0.0008908394891064071
0.09875304074113662	0.019360395935574915	-0.010804757559365417	0.0004915677166988898
0.101887798755158	0.010525245340445046	-0.010608844325896838	0.0002233283674076737
0.1051220646702295	0.001327277960881518	-0.010336021025344816	0.00010859499742181189
0.1084589972062036	-0.008169476359660022	-0.009987568942704255	0.00016649187737631456
0.1119018553514642	-0.017893464291391152	-0.00956546441779795	0.000411674173875449
0.1154540015457914	-0.02776582429905321	-0.009072395348228119	0.000853249356360445
0.1191189049642615	-0.03770072407303527	-0.008511769784411089	0.0014937948204939548
0.1229001449053889	-0.04760582798026283	-0.007887715788578569	0.0023285309180477672
0.1268014142868194	-0.0573829009089012	-0.00720507181763055	0.003344710376617988
0.1308265232519885	-0.06692855306498137	-0.006469367007860979	0.0045212839248544275
0.1349794028912672	-0.07613512815060537	-0.005686790887654552	0.005828897329109014
0.1392641090812302	-0.08489173493084604	-0.004864152220625649	0.007230266636394442
0.1436848264457952	-0.09308541950893057	-0.004008826883132958	0.008680966018132522
0.1482458724431019	-0.1006024727161983	-0.0031286949018840527	0.010130646248402498
0.1529517015821233	-0.107329863933415	-0.002232067013222624	0.011524681815116894
0.1578069097731258	-0.1131567894498748	-0.0013276013482441836	0.012806221523943156
0.1628162388162282	-0.1179763201987291	-0.0004242110888617845	0.013918592082680968
0.167984581032443	-0.1216871304470157	0.00046903582925520245	0.014807977711038142
0.1733169840417219	-0.1241952858339189	0.0013430236786979729	0.015426272735970359
0.1788186556926737	-0.125416066106664	0.0021887010929876344	0.01573398005014556
0.184494969148768	-0.125275795063	0.0029971967817480866	0.015703008017215293
0.1903514681359917	-0.1237136476312329	0.0037599370629538345	0.01531920373694223
0.196393872357085	-0.1206834017578124	0.004468763388147383	0.014584453306056806
0.2026280830776427	-0.1161551008797785	0.0051160479960842015	0.013518181407489756
0.2090601888895383	-0.1101165912848113	0.0056948058253877935	0.01215809448957505
0.2156964716572983	-0.1025748976564918	0.006198800842828821	0.010560034761128823
0.2225434126532346	-0.0935573996228599	0.006622644994746649	0.00879684645091795
0.2296076988873272	-0.08311277223685809	0.006961888058305169	0.006956200794232221
0.2368962296380389	-0.0713116540932926	0.007213096750504609	0.005137380774253556
0.2444161231904401	-0.05824700831645874	0.007373921541347765	0.003447088696715566
0.2521747237882252	-0.04403414403515227	0.007443149710825091	0.001994406318526292
0.2601796088064085	-0.028810369304913312	0.007420743288085763	0.0008851048104331611
0.2684385961517074	-0.012734250849293052	0.0073078606194846305	0.00021556597152653508
0.2769597518978381	0.004015538429024313	0.007106860437855252	6.66320141581232e-05
0.2857513981631815	0.021241796396107997	0.00682128745909835	0.0004977438767333591
0.2948221212385138	0.03873079722767797	0.006455838726716452	0.0015417525075568795
0.3041807799727377	0.056254720333244336	0.006016310173438946	0.0032007895478745585
0.3138365144248073	0.07357448696323068	0.005509523183265059	0.0054435599776095365
0.3237987547902919	0.09044297735521135	0.004943231325192406	0.008204367688809638
0.3340772306113022	0.1066085891735311	0.0043260078939975815	0.01138410562986966
0.3446819802787685	0.121819085634939	0.0036671154285645106	0.014853337360499017
0.3556233608363551	0.1358256695863909	0.002976358970531697	0.018457471231312896
0.3669120580955839	0.1483872084838859	0.0022639254524574	0.022023889000094502
0.3785590970720465	0.159274525336946	0.001540212233583441	0.02537074667503393
0.3905758527528968	0.1682746628678793	0.0008156483940727456	0.028317027445601186
0.4029740612061416	0.175195022988851	0.0001005129123778662	0.030693306182909587
0.4157658310425764	0.1798672817382048	-0.0005952457584949611	0.032352593357403744
0.428963655241564	0.1821509814195506	-0.001262183972049239	0.03318057314048477
0.4425804233522016	0.1819367070511775	-0.0018915262509409407	0.03310454324418398
0.4566294340817959	0.1791487633416196	-0.002475313141232583	0.03210040658197878
0.471124408283939	0.1737472810083067	-0.0030065293788888014	0.030197156876685612
0.4860795023588697	0.1657296968622015	-0.003479208815593619	0.0274784373160197
0.5015093220792084	0.1551315699911231	-0.00388851336713864	0.02408092454411714
0.5174289368545673	0.1420267157115732	-0.004230784212058508	0.020189487510865033
0.5338538944489692	0.1265266587341628	-0.004503564526189982	0.01602927746387285
0.5508002361654459	0.1087794261682076	-0.004705594127366985	0.011855106173576038
0.5682845125126476	0.08896771858560823	-0.0048367774563587125	0.00793864936649032
0.5863237993687656	0.0673065124970296	-0.004898127270961211	0.0045541582752753355
0.6049357146585504	0.044040159583540496	-0.004891687222407236	0.001963464260025576
0.6241384355597177	0.01943905643625056	-0.004820437072819072	0.00040111352870474283
0.6439507162555422	-0.006204036770463657	-0.004688184671110318	6.0469147759698885e-05
0.6643919062509809	-0.03257794918023902	-0.004499448923348544	0.0010815678134040586
0.6854819692702115	-0.05935724638318793	-0.0042593378817646224	0.003541424657385512
0.7072415027540431	-0.0862064991653358	-0.00397342576152945	0.007447348610625429
0.7296917579762425	-0.1127846078457736	-0.0036476322175017823	0.012733672987719092
0.752854660798419	-0.138749123739226	-0.0032881066254067098	0.01926213098358309
0.7767528330837418	-0.1637605170337187	-0.002901119468596032	0.026825923433321935
0.8014096147904016	-0.1874863475856913	-0.0024929622866180588	0.03515734539198515
0.8268490867663922	-0.2096053012497359	-0.0020698570428349244	0.04393866662017031
0.8530960942678786	-0.229811059023145	-0.0016378752524270626	0.05281580548468195
0.8801762712241169	-0.2478159693660203	-0.0012028668035771691	0.061414201561367454
0.9081160652726248	-0.2633544956339801	-0.0007703981136169313	0.06935618388388151
0.9369427635890551	-0.27618641089646	-0.000345699086380169	0.07627905307172657
0.966684519536998	-0.2860997118972749	6.638173674660822e-05	0.08185304955423867
0.9973703801637354	-0.2929132230061753	0.0004614144321909556	0.0857983691151436
1.0290303145688078	-0.2964788601916836	0.0008354178914816538	0.08790041246361328
1.0616952431730953	-0.2966835247461636	0.001184883399828525	0.08802251780447867
1.0953970679169978	-0.2934505970834674	0.001506791929162768	0.0861155233505613
1.1301687034172092	-0.2867410026754532	0.0017986253803014328	0.08222363766858293
1.1660441091125142	-0.2765538252553795	0.0020583719307625766	0.07648625515838835
1.2030583224300009	-0.2629264468753114	0.00228452559300222	0.06913553552366103
1.241247493004083	-0.2459342002335115	0.0024760800660414994	0.06048976181699038
1.2806489179817515	-0.2256895258088211	0.00263251697006756	0.050942692205408216
1.3213010784485313	-0.2023406345994413	0.0027537885865207496	0.04094931576168387
1.3632436770107268	-0.1760696864559285	0.0028402952820410178	0.031008601765978153
1.4065176765706533	-0.1470905038641885	0.0028928578694809226	0.021643984953673874
1.4511653403327267	-0.1156458512515411	0.0029126852493240847	0.0133824466470552
1.4972302730794824	-0.08200432008174968	0.002901337776061609	0.006733126272960856
1.5447574637578372	-0.04645686975452103	0.00286068690113936	0.002166424276934881
1.5937933294171829	-0.009313083172008763	0.00279287175146849	9.453365078890348e-05
1.644385760542224	0.02910279667878068	0.0027002534030990608	0.0008542641429673959
1.6965841678248377	0.068455977083919	0.002585367695853016	0.004692904924636803
1.7504395304206273	0.1084052973279255	0.002450877499240618	0.011757715289272217
1.8060044457373072	0.1486074051138997	0.002299525375685822	0.022089448671640127
1.8633331808035376	0.1887208524790407	0.002134087588858121	0.035620114490252756
1.9224817252683837	0.2284100400435848	0.001957330369738705	0.05217497753488832
1.983507846083156	0.2673489448743119	0.0017719692807242585	0.07147859820053967
2.0464711439190406	0.3052245757787902	0.0015806324108168974	0.09316454005816056
2.111433111375617	0.3417401100503739	0.001385827998488485	0.11678822333648306
2.178457193037112	0.3766176770193235	0.0011899169197692736	0.14184229054570743
2.2476088474350404	0.4096007656387485	0.0009950903063529117	0.16777377741656677
2.31895561097776	0.4404562451593167	0.0008033523820546451	0.19400234927489385
2.392567163909357	0.4689759990830172	0.0006165084334538716	0.21993886779856264
2.468515398362304	0.4949781825730181	0.000436157673270994	0.245003591456804
2.5468744885703285	0.518308121790603	0.0002636906168093326	0.268643378646844
2.6277209633100846	0.538838880005278	0.00010029048248813909	0.2903473486635233
2.711133780642372	0.5564715194699451	-5.3061953118777925e-05	0.3096605547967604
2.797194405025885	0.5711350900215006	-0.0001955806616153635	0.3261953293056628
2.885986886878832	0.5827863751174633	-0.00032666446227059843	0.3396400657322236
2.9775979446660936	0.5914094239327856	-0.00044588552871041614	0.3497653055304141
3.07211704959212	0.5970148943660649	-0.0005529768757042764	0.35642708987834876
3.169636512982264	0.5996392269846372	-0.0006478193319590593	0.35956762220862015
3.2702515764378948	0.5993436644062237	-0.0007304284240716144	0.35921336158956274
3.3740605048533454	0.5962131249977206	-0.0008009415047770691	0.3554707319268417
3.4811646823855336	0.5903549345920464	-0.0008596053625416827	0.3485196877185586
3.5916687114699815	0.5818974156285807	-0.0009067644569457888	0.33860542453700154
3.7056805149799503	0.5709883301192177	-0.000942849839866352	0.32602856209815323
3.823311441628444	0.5577931715381444	-0.0009683687487096956	0.31113415995261534
3.9446763747160367	0.5424933010587832	-0.0009838948038003949	0.2942999497426406
4.069893844330731	0.525283925903386	-0.0009900587009973802	0.27592418302870536
4.19908614310941	0.506371921464912	-0.0009875392726192058	0.2564134980818819
4.332379445673968	0.485973504346796	-0.000977054786499308	0.23617120156316115
4.469903931858734	0.4643117700938805	-0.0009593543660281798	0.2155863402085122
4.611793913849567	0.4416141166857857	-0.0009352094410140012	0.19502390267286532
4.758187967358775	0.4181095831612959	-0.0009054051769542268	0.17481644328984702
4.909229066963972	0.3940261363107835	-0.0008707318553936395	0.15525735426996812
5.065064725743049	0.3695879531318416	-0.0008319762606620096	0.13659594728468266
5.22584713934164	0.3450127427238695	-0.000789913117507686	0.11903441660458017
5.391733334613783	0.320509160833189	-0.0007452966974923648	0.10272667764516229
5.562885322980923	0.2962743702870545	-0.0006988527264888904	0.08777899088412401
5.739470258659084	0.2724918004944283	-0.0006512707460390035	0.07425220549027994
5.92166060190868	0.2493291568380946	-0.0006031970919294049	0.06216539229632688
6.109634287466449	0.2269367261434624	-0.000555228650793151	0.05150058595156751
6.303574898323985	0.2054460178734043	-0.0005079075451857393	0.042208324230113614
6.503671845022599	0.1849687722947709	-0.0004617168770510664	0.03421365990670936
6.7101205506395925	0.1655963570315531	-0.00041707763185005103	0.027422327415872593
6.923122641646648	0.147399562494519	-0.0003743468120670204	0.021726771159111313
7.142886144826703	0.1304287951186404	-0.00033381683124549834	0.017011782029777094
7.36962569044163	0.1147146556238767	-0.00029571616016592253	0.013159539662952009
7.603562721849174	0.1002688781357104	-0.0002602111772242825	0.010053915632450694
7.844925711773819	0.08708559544250125	-0.000227409137393902	0.007583952648490763
8.093950385442843	0.07514288638591275	-0.00019736214008559173	0.005646492326220531
8.350879950805476	0.0644045537764434	-0.00017007194732680098	0.004147975471610057
8.61596533605998	0.05482207561435624	-0.0001454954810110522	0.0030054811436011873
8.889465434720675	0.04633666904931935	-0.0001235508129189437	0.0021471021633895225
9.1716473584642	0.038881405476379576	-0.00010412345338441532	0.0015117745335121843
9.462786698002	0.03238331655411658	-8.707274527691377e-05	0.0010486867727070909
9.763167792233764	0.026765434538824937	-7.223817797499849e-05	0.00071639370440648
10.073084005944756	0.021948715976557072	-5.9445451032086446e-05	0.0004817496667812201
10.392838016318152	0.0178538051879325	-4.851213871165269e-05	0.0003187607131162478
10.722742108542306	0.0144026026300765	-3.9252832172998245e-05	0.0002074365033047201
11.063118480801553	0.01151961276417496	-3.1483665426069853e-05	0.00013270246945773132
11.414299558948493	0.009133055932825799	-2.5026161933142474e-05	8.341333698090563e-05
11.77662832116502	0.007175738501034376	-1.9710369517292483e-05	5.1491611533893585e-05
12.150458632929237	0.005585684693925469	-1.537728073297313e-05	3.1200109960716e-05
12.536155592615296	0.00430654174078916	-1.188056236812316e-05	1.854644291292151e-05
12.93409588806384	0.0032877768284173188	-9.087640543888941e-06	1.0809559058688497e-05
13.344668164471118	0.002484689724710486	-6.8802059721254005e-06	6.1737303653160905e-06
13.768273403956227	0.0018582686530536055	-5.154216991020305e-06	3.453188952874452e-06
14.205325317177069	0.0013749190548228752	-3.819485892940381e-06	1.890416995787515e-06
14.65625074737754	0.0010060953540675312	-2.798936996626266e-06	1.012235695524582e-06
15.121490087260572	0.0007278648980214246	-2.027623378717864e-06	5.297914210283049e-07
15.601497709094126	0.0005204311182260029	-1.4515838527021597e-06	2.7085065591364924e-07
16.096742408470217	0.0003676399117602555	-1.0266134933253953e-06	1.3516015865435314e-07
16.607707862150374	0.0002564895730812113	-7.170106464209125e-07	6.57874152036491e-08
17.134893100444664	0.00017666060620134336	-4.943518332157682e-07	3.120921416716112e-08
17.678812994585645	0.00012007768481630464	-3.363340861132499e-07	1.441876351146128e-08
18.239998759573208	8.051213613672008e-05	-2.257127607297361e-07	6.482255011548103e-09
18.818998472981463	5.3229792356353166e-05	-1.4935233480922237e-07	2.833433100420387e-09
19.416377610234314	3.4686016513450024e-05	-9.739855338692563e-08	1.2031292280495297e-09
20.03271959687243	2.226721829661886e-05	-6.25727382020298e-08	4.958329260168439e-10
20.66862637835121	1.4076299747792172e-05	-3.958320479850567e-08	1.9814378141979608e-10
21.324719007925918	8.758196835907448e-06	-2.4644706891640527e-08	7.670661917807701e-11
22.00163825319837	5.360820218112871e-06	-1.5094290524399847e-08	2.8738621248534168e-11
22.700045221917488	3.2263932373141265e-06	-9.089941407323586e-09	1.0409695948821117e-11
23.42062200764488	1.908262298709719e-06	-5.379237284744285e-09	3.6414939368706665e-12
24.164072355916	1.1085230422549832e-06	-3.1267564837110603e-09	1.2288331118163517e-12
24.931122351547643	6.322717600818024e-07	-1.784823363324995e-09	3.9977076419137863e-13
25.722521127762807	3.5378235468521334e-07	-9.988002159026972e-10	1.2516295208848537e-13
26.539041597825655	1.9339796824476625e-07	-5.475230132011484e-10	3.74030739026536e-14
27.381481209901075	1.0455257964084327e-07	-2.9769212035184517e-10	1.0931330530153393e-14
28.250662725875987	5.344411493006453e-08	-1.53046309116372e-10	2.8562968438306806e-15
29.14743502490318	2.643817608837961e-08	-7.57102119735737e-11	6.989828869163645e-16
30.0726739324523	1.2789693469154325e-08	-3.6625461619960506e-11	1.6357760045936766e-16
31.027283075677776	6.046134713818008e-09	-1.7314134654135263e-11	3.655604475689399e-17
32.01219476593903	2.7910444917886543e-09	-7.992630406674376e-12	7.789993237284605e-18
