r	P	Q	rho
0.0001005663731206786	0.0010545974883074244	0.003890522455857924	1.62483408418791e-05
0.00010375869248335511	0.0010848397657691198	0.003997431554134581	1.7156336347384812e-05
0.00010705234694042834	0.0011159836913111063	0.004107258663340957	1.8114993326861706e-05
0.00011045055321309368	0.0011480581265184131	0.004220082235450187	1.9127131535827218e-05
0.00011395663013223824	0.0011810929657779343	0.004335982759394627	2.0195727083577565e-05
0.0001175740018797504	0.0012151191788020194	0.0044550428095210285	2.132392105335751e-05
0.00012130620133271956	0.0012501688550914038	0.004577347094922152	2.2515028593632813e-05
0.0001251568735137923	0.001286275250291505	0.004702982509721484	2.3772548506258665e-05
0.00012912977915105424	0.001323472835350024	0.00483203818402842	2.5100173357818108e-05
0.0001332287983509153	0.0013617973473078577	0.004964605535967226	2.6501800142891146e-05
0.0001374579343875842	0.0014012858429750545	0.005100778324413821	2.7981541528532173e-05
0.00014182131761283418	0.0014419767549626354	0.00524065270263796	2.9543737711519125e-05
0.00014632320948987802	0.0014839099504815238	0.005384327272752042	3.119296892123952e-05
0.0001509680067552918	0.0015271267929599724	0.005531903140973263	3.293406860288606e-05
0.00015576024571305227	0.0015716702066468564	0.005683483973679275	3.4772137317530534e-05
0.00016070460666488213	0.0016175847443529285	0.005839176054235145	3.671255739751644e-05
0.00016580591848122843	0.0016649166584944727	0.005999088340567926	3.876100839767043e-05
0.00017106916331734108	0.0017137139756117665	0.006163332523461321	4.092348338496318e-05
0.000176499481479054	0.001764026574544142	0.006332023085539505	4.320630611150317e-05
0.00018210217644302397	0.0018159062684531056	0.0065052773609053935	4.561614911811552e-05
0.00018788272003632836	0.0018694068908951687	0.006683215595394633	4.816005281825238e-05
0.0001938467577804813	0.0019245843861567784	0.006865961007402228	5.084544561460628e-05
0.00020000011440508695	0.001981496904075008	0.007053639849234164	5.368016510356301e-05
0.0002063487995365148	0.0020402048995795284	0.007246381468931435	5.6672480425541216e-05
0.00021289901356715308	0.0021007712372038386	0.007444318372508599	5.983111582233202e-05
0.0002196571537109722	0.0021632613008268327	0.0076475862865434275	6.31652754657821e-05
0.00022662982025131265	0.0022277431089195317	0.00785632422104818	6.668466962556675e-05
0.00023382382298699843	0.002294287435586252	0.008070674532546701	7.039954224738686e-05
0.0002412461878830728	0.002362967937704659	0.008290782987274668	7.432070001670329e-05
0.00024890416393265027	0.0024338612884850504	0.008516798824413174	7.845954298711172e-05
0.0002568052302365878	0.0025070473177859296	0.008748874819258082	8.282809685666575e-05
0.0002649571033078887	0.0025826091595404417	0.008987167346219332	8.743904697989322e-05
0.00027336774460797283	0.002660633406666596	0.009231836441535858	9.230577420793976e-05
0.0002820453683221744	0.0027412102738534508	0.009483045865582285	9.744239265421698e-05
0.0002909984493820596	0.0028244337686356077	0.009740963164633918	0.00010286378948816398
0.00030023573174240136	0.002910401871189441	0.010005759731946067	0.00010858566686525643
0.00030976623692089165	0.0029992167233066254	0.010277610867992629	0.00011462458610724232
0.0003195992728089351	0.0030909848270236043	0.01055669583969711	0.00012099801425276841
0.00032974444276212604	0.003185817253409836	0.010843197938476986	0.00012772437310511534
0.0003402116549792888	0.0032838298620429117	0.011137304536908792	0.00013482309091069394
0.0003510111321792404	0.003385143531725011	0.011439207143807709	0.000142314656809321
0.00036215342158472746	0.0034898844030227306	0.01174910145750039	0.00015022067820509908
0.00037364940522328574	0.0035981841332410245	0.01206718741705423	0.0001585639412150194
0.00038551031055508587	0.0037101801644719833	0.012393669251209698	0.00016736847436122214
0.0003977477214381416	0.0038260160053903455	0.012728755524744858	0.00017665961568222584
0.00041037358944159206	0.003945841527500179	0.013072659181982742	0.00018646408344842263
0.000423400245518106	0.004069813276570899	0.013425597587132687	0.00019681005067777579
0.00043684041204680734	0.004198094800035952	0.013787792561136176	0.000207727223659011
0.00045070721525848503	0.00433085699116395	0.014159470414665908	0.0002192469247017128
0.00046501419805522096	0.004468278450849869	0.014540861976903978	0.00023140217934570118
0.00047977533323695625	0.004610545867913102	0.014932202619700836	0.00024422780827593107
0.0004950050371479148	0.004757854418829769	0.015333732276691195	0.00025776052420401933
0.0005107181837562094	0.004910408187868609	0.015745695456916353	0.0002720390339934434
0.0005269301191803844	0.005068420608643097	0.016168341252474006	0.0002871041463225708
0.0005436566766770781	0.0052321149281371005	0.016601923339687186	0.0003029988851980852
0.0005609141921044465	0.005401724694307362	0.017046699973252564	0.00031976860965117894
0.0005787195198764479	0.005577494268413368	0.01750293397279565	0.00033746113997022817
0.000597090049423571	0.005759679363273656	0.017970892701226125	0.0003561268908467028
0.0006160437221760829	0.00594854760869729	0.01845084803425025	0.0003758190118359346
0.0006355990490863822	0.006144379145389973	0.018943076320359648	0.00039659353556127365
0.0006557751287075734	0.006347467248686077	0.019447858330575933	0.0004185095341192941
0.0006765916658459144	0.006558118983510423	0.01996547919718925	0.00044162928417527643
0.0006980689908053579	0.006776655892027112	0.020496228340685325	0.0004660184412724581
0.00072022807924298	0.007003414715486616	0.021040399384010037	0.0004917462239157444
0.0007430905726546859	0.007238748151836735	0.021598290053273437	0.0005188856080310501
0.0007666787995112051	0.00748302565071758	0.02217020206394516	0.0005475135324454555
0.0007910157970650118	0.007736634247515182	0.022756440991541865	0.0005777111160813517
0.0008161253338494741	0.007999979438202555	0.02335731612575332	0.0006095638876100398
0.0008420319328921994	0.008273486096750434	0.023973140306897872	0.0006431620283673341
0.0008687608956652533	0.008557599436942398	0.024604229743539596	0.0006786006293960354
0.000896338326795641	0.008852786020480058	0.02525090381003908	0.0007159799635482533
0.0009247911595601789	0.009159534813313087	0.025913484822747	0.0007554057736550335
0.0009541471821896653	0.009478358292175523	0.026592297793484373	0.0007969895778522063
0.0009844350650080322	0.009809793603353415	0.02728767015888632	0.0008408489932405686
0.001015684388432988	0.0101544037757488	0.027999931484116395	0.000887108079156154
0.001047925671865493	0.010512778990340643	0.028729413139386727	0.0009358977014333143
0.0010811904034962903	0.010885537908173697	0.029476447947645246	0.0009873559191605262
0.0011155110710585924	0.011273329059030413	0.03024136980171518	0.0010416283955572703
0.001150921193556966	0.011676832292958402	0.03102451324909363	0.0010988688347410625
0.0011874553540033982	0.012096760296834612	0.0318262130425362	0.0011592394463079757
0.0012251492331925194	0.012533860178147211	0.03264680365447254	0.0012229114398190262
0.0012640396445489626	0.01298891511816476	0.03348661875321403	0.0012900655514699946
0.0013041645700809011	0.013462746096638938	0.034345990638830114	0.0013608926054251727
0.0013455631974748712	0.01395621369014984	0.03522524963648294	0.0014355941125176676
0.001388275958368112	0.01447021994614988	0.03612472344492322	0.0015143829092621392
0.001432344567835798	0.015005710334692116	0.03704473643776171	0.001597483840391916
0.0014778120651317355	0.01556367577973856	0.037985608915042574	0.0016851344884233825
0.001524722855722303	0.016145154771832183	0.0389476563025565	0.0017775859540684845
0.0015731227546546915	0.01675123556377962	0.03993118829624319	0.0018751036916632643
0.0016230590313018065	0.017383058450827948	0.04093650794894621	0.001977968404159037
0.0016745804555275184	0.018041818136624824	0.04196391069669729	0.00208647700263543
0.0017277373453173615	0.018728766186023926	0.04301368332162391	0.0022009436357437
0.0017825816159211885	0.019445213565533085	0.044086102848493375	0.002321700794977128
0.0018391668305557836	0.02019253327189744	0.04518143537182952	0.0024491005021954927
0.0018975482527169487	0.020972163048959908	0.04629993481046536	0.0025835155864055016
0.0019577829001521533	0.02178560819254185	0.04744184158632834	0.0027253410574212193
0.0020199296005464582	0.02263444444263353	0.048607381224193454	0.002874995584700738
0.002084049048976104	0.023520320961671375	0.04979676286908677	0.0030329230903800965
0.0021502038671858694	0.024444963397101796	0.051010177717977584	0.0031995944663053034
0.0022184586647480973	0.02541017702578354	0.05224779736236335	0.0033755094257002407
0.0022888801021631114	0.026417849977055895	0.053509772038329594	0.003561198501004232
0.0023615369559626628	0.027469956530491533	0.054796228780658165	0.0037572252003693248
0.002436500185879976	0.028568560483453895	0.05610726947756439	0.003964188336324792
0.002513843004152004	0.02971581858258124	0.057442968822666765	0.004182724541194747
0.0025936409470215687	0.030913984012215352	0.05880337216083755	0.004413510984993471
0.002675971948509233	0.03216540993157362	0.06018849322464678	0.0046572683127195265
0.0027609164165269297	0.03347255305111969	0.06159831175820247	0.004914763819220727
0.0028485573114077063	0.03483797723711043	0.06303277102530593	0.00518681488110207
0.002938980226928269	0.03626435713167614	0.06449177519898798	0.005474292666490551
0.003032273473903459	0.037754481774015136	0.06597518662967121	0.005778126144844388
0.003128528166434296	0.03931125820634344	0.06748282298941924	0.006099306420387094
0.0032278383108938404	0.04093771504612252	0.06901445428999005	0.006438891414142653
0.0033303008977377583	0.042637006003782486	0.0705697997727102	0.006798010920926993
0.0034360159962292755	0.04441241332265111	0.07214852466853405	0.007177872068988065
0.0035450868521710167	0.046267351115079215	0.07375023682705155	0.007579765211252212
0.003657619988739193	0.048205368565807274	0.07537448321366556	0.008005070278292472
0.003773725310518604	0.05023015297043326	0.0770207462746755	0.008455263624141066
0.0038935162108400738	0.05234553257340492	0.07868844017058998	0.008931925396873916
0.004017109682525132	0.054555479166258414	0.0803769068786463	0.009436747466438637
0.0041446264321461194	0.05686411040284614	0.08208541216624761	0.009971541942409826
0.004276190997913285	0.05927569178402727	0.08381314143784487	0.010538250314155187
0.004411931871304041	0.06179463825972345	0.08555919545869527	0.011138953245189298
0.004551981622553124	0.06442551539135792	0.0873225859599293	0.011775881052171339
0.004696477030126254	0.06717304001248896	0.08910223113045827	0.012451424896945049
0.004845559214303728	0.07004208031990863	0.09089695100246395	0.013168148717084865
0.0049993737750044015	0.07303765532159917	0.09270546273853372	0.013928801916442388
0.005158070933984694	0.07616493356171537	0.09452637582994784	0.014736332832005063
0.005321805681551448	0.07942923103619091	0.09635818721719533	0.015593902986784659
0.005490737927931975	0.08283600820564697	0.09819927634549874	0.01650490213022564
0.005665032659449097	0.0863908660050203	0.1000479001699708	0.017472964057517817
0.005844860099653716	0.09009954074172771	0.1019021881270152	0.01850198318694385
0.00603039587557227	0.0939678977662616	0.1037601370907225	0.019596131859696123
0.006221821189231469	0.09800192379088013	0.1056196063353119	0.020759878309139734
0.006419322994627794	0.1022077177235427	0.1074783125271242	0.021998005225933565
0.006623094180314625	0.1065914798754759	0.1093338247722971	0.02331562882138335
0.006833333757785287	0.1111594993917749	0.1111835597490454	0.024718218263499552
0.00705024705583604	0.1159181397453024	0.1130247769564296	0.026211615328062116
0.007274045921098792	0.1208738221248922	0.1148545741146327	0.027802054070133732
0.007504948924939416	0.1260330065395781	0.1166698827550663	0.029496180279486257
0.0077431815769237215	0.1314021704513199	0.1184674640421019	0.03130107043588444
0.007988976545059555	0.1369877847395971	0.1202439048718611	0.033224249826695376
0.008242573883030156	0.1427962867923878	0.1219956142972898	0.03527370942946696
0.008504221264640642	0.1488340505095846	0.1237188203326895	0.03745792109560188
0.008774174225706664	0.1551073529969627	0.1254095671949558	0.03978585049775053
0.009052696413621395	0.1616223377215788	0.1270637130429787	0.04226696722285651
0.009340059844844643	0.1683849738931384	0.1286769282809636	0.04491125130481714
0.009636545170565553	0.1754010118306326	0.1302446944958171	0.04772919539551845
0.009942441950798324	0.1826759340696613	0.1317623041031827	0.05073180167080284
0.010258048937178688	0.1902149019635939	0.1332248607811669	0.05393057245918094
0.01058367436473729	0.1980226975313756	0.1346272807752428	0.05733749346653873
0.010919636252934952	0.2061036603066867	0.1359642951621956	0.06096500835076675
0.011266262716253842	0.2144616189476878	0.1372304531652492	0.0648259832776029
0.011623892284647832	0.2230998173741074	0.1384201266166112	0.06893365996491875
0.011992874234165084	0.232020835209409	0.1395275156675459	0.07330159559962898
0.012373568928065678	0.2412265023206607	0.1405466558496452	0.07794358789237833
0.0127663481687675	0.2507178072680417	0.1414714265941419	0.0828735834238766
0.013171595560964111	0.2604947995001906	0.1422955613188052	0.08810556733767835
0.013589706886269167	0.2705564851614066	0.1430126591940721	0.09365343235265425
0.01402109048975337	0.2809007164126761	0.1436161987014904	0.09953082501062066
0.014466167678751404	0.2915240742112363	0.1440995530981602	0.10575096704780787
0.014925373134328358	0.3024217445435981	0.1444560079005266	0.1123264497913503
0.015399155335807505	0.3135873881652936	0.1446787804994539	0.11926899954313966
0.01588797699877402	0.3250130039678236	0.144761042015849	0.12658921203370294
0.016392315526982473	0.3366887861700453	0.1446959415020372	0.13429625421981944
0.016912663478609348	0.3486029756182966	0.1444766325884512	0.14239753197402902
0.017449529047306036	0.3607417055775707	0.1440963026677943	0.15089832258554325
0.0180034365585221	0.3730888425057301	0.1435482046994963	0.15980137147471396
0.01857492698158351	0.3856258224246842	0.1428256917057992	0.16910645313195405
0.01916455845802599	0.3983314836372234	0.141922254016992	0.17880989704189518
0.019772906846699485	0.4111818966862679	0.1408315593069752	0.1889040802593508
0.020400566286176064	0.4241501926150259	0.1395474954412679	0.19937688937929424
0.021048149775010606	0.4372063907621739	0.1380642161376061	0.21021115590097827
0.021716289770420914	0.4503172275157373	0.1363761894142414	0.22138407043660935
0.022405638805971986	0.4634459876526983	0.1344782487727852	0.23286658286438008
0.023116870128867657	0.476552340108116	0.1323656470308315	0.24462279737641213
0.023850678357472135	0.4895921802470231	0.1300341126845318	0.25660937342068707
0.02460778015970341	0.5025174809535827	0.127479908642747	0.26877494577149746
0.025388914952961205	0.5152761551035909	0.1246998931323397	0.2810595793655568
0.02619484562627311	0.5278119322466172	0.1216915825286676	0.29339427708023913
0.02702635928536399	0.540064252590679	0.1184532158164982	0.3057005612635987
0.027884268021376453	0.5519681816526196	0.1149838203345785	0.31789015249563396
0.028769409703993203	0.5634543492080268	0.1112832784022396	0.3298647716933914
0.0296826487997357	0.5744489164417671	0.1073523943690527	0.3415160941778889
0.030624877216238456	0.5848735754595141	0.1031929615691325	0.3527258865882045
0.03159701517332351	0.594645585566925	0.09880782860077153	0.3633663594270306
0.03260001210172564	0.6036778509505312	0.094200964290338	0.37330076940148127
0.0336348475703464	0.6118790445964671	0.089377520637544	0.38238430641160004
0.034702532242942105	0.6191537834526444	0.08434389297815188	0.39046529984643397
0.03580410886518057	0.6254028599689547	0.07910777654089718	0.3973867775665925
0.036940653283030235	0.6305235352299244	0.07367821851890935	0.4029884083629619
0.03811327549347652	0.6344098989156781	0.06806566472333488	0.40710885455643037
0.03932312072859151	0.6369533012801258	0.06228199983940112	0.4095885555156459
0.0405713705740156	0.6380428622094989	0.05634058026404527	0.41027295500097893
0.04185924412294368	0.6375660622086993	0.05025625847075112	0.4090161751957859
0.0431879991667427	0.6354094198459665	0.04404539782268328	0.4056851278983462
0.04455893342336352	0.6314592597564014	0.03772587674089418	0.40016403850797155
0.045973385804746726	0.6256025747500193	0.03131708113160322	0.3923593411044569
0.04743273772446027	0.6177279848783774	0.02483988398660441	0.38220488313836887
0.04893841444684587	0.6077267954737581	0.018316611095023697	0.3696673561788093
0.05049188647899208	0.5954941551751853	0.011770991844190124	0.35475184509680374
0.05209467100689316	0.5809303137857311	0.005228094143570161	0.33750736244356205
0.05374833337719665	0.563941978456254	-0.001285757420179044	0.31803220823729766
0.055454488625986634	0.5444437651540275	-0.0077430809956460355	0.29647896871839896
0.05721480305609568	0.5223597406447938	-0.014115355131279726	0.27305894189697844
0.059030995864486235	0.4976250482903411	-0.02037315524095109	0.2480457541404362
0.06090484082129045	0.4701876088407436	-0.02648630925982953	0.22177791208558345
0.06283816800214866	0.4400098850849995	-0.032424072695526725	0.19466001946267925
0.06483286557553794	0.4070706967249657	-0.03815532306848224	0.16716238081060927
0.06689088164683678	0.3713670691702455	-0.04364877349652688	0.139818715491849
0.06901422616092658	0.3329160971380313	-0.048873204910125256	0.11322171789180616
0.0712049728651881	0.2917568010120623	-0.05379771608594713	0.08801622519285629
0.07346526133481031	0.2479519509082769	-0.05839199035664431	0.064889794497031
0.07579729906238926	0.2015898303612506	-0.06262657749428321	0.044560547913725254
0.07820336361385805	0.1527859085461352	-0.06647318887513479	0.027762218689497332
0.08068580485285323	0.1016843870585087	-0.06990500361718002	0.015226424102182563
0.08324704723569043	0.04845958457433453	-0.07289698294320825	0.007662301459339475
0.08588959217919001	-0.006682879698894147	-0.07542618956828617	0.005733770953860934
0.0886160205036658	-0.06350514488285729	-0.0774721084495127	0.010034831014205752
0.0914289949534625	-0.1217364522037608	-0.07901696477973624	0.021063444518160612
0.09433126279750365	-0.1810728171464723	-0.08004603466927884	0.039194732775635184
0.09732565851238972	-0.2411770735469855	-0.08054794355715798	0.06465435201597516
0.100415106550667	-0.3016793323858209	-0.08051494704446628	0.09749307628632782
0.1036026241969706	-0.3621778962355715	-0.07994318856773813	0.13756374192000134
0.1068913245148315	-0.4222406673861293	-0.07883292815038914	0.1845018117554483
0.1102844193870246	-0.4814070835321854	-0.07718873640655251	0.2377108811030048
0.1137852226524288	-0.539190609495802	-0.07501964804326566	0.2963544609609899
0.117397153342461	-0.595081806740435	-0.07233926933055541	0.35935532660073904
0.1211237390202454	-0.6485519944173854	-0.06916583439677167	0.42540360211057
0.12496861922578	-0.6990575064186882	-0.06552220576507224	0.4929745567286348
0.1289355490304642	-0.7460445384837555	-0.06143581527586401	0.5603568128000498
0.1330284027044587	-0.7889545679573071	-0.056938542431037575	0.6256913079148723
0.1372511775004611	-0.8272303165028244	-0.0520665282325067	0.6870209199035494
0.1416079975575899	-0.8603222131566876	-0.046859923745264695	0.742350162904233
0.1461031179291924	-0.8876953018124809	-0.04136257386193565	0.7897138113764357
0.1507409287385082	-0.9088365238240946	-0.03562163804377072	0.8272527281335856
0.1555259594662479	-0.9232622931937092	-0.029687151120547827	0.8532945889749609
0.1604628833742739	-0.9305262690514056	-0.023611528505988237	0.8664366416731178
0.1655565220697045	-0.930227218113303	-0.017449021384920247	0.865627145666106
0.1708118502138973	-0.9220168487846536	-0.01125512851702212	0.8502417473607174
0.1762340003809127	-0.9056074887917456	-0.005085972250570986	0.8201507908694251
0.181828268070201	-0.8807794698983373	0.0010023528710482554	0.7757734793056742
0.1876001168784095	-0.8473880765870558	0.006954449905391486	0.7181149167153966
0.1935551838353601	-0.8053699107526288	0.012716298247046644	0.6487823973868051
0.1996992849094097	-0.754748521653765	0.018235931533749677	0.5699778801374474
0.2060384206875685	-0.6956391498137369	0.023464104773379655	0.48446439096639476
0.2125787822359256	-0.6282524354892591	0.0283549406652974	0.3955051253583182
0.2193267571461036	-0.5528969470320426	0.032866545086972274	0.3067752438233073
0.2262889357736491	-0.4699803922891485	0.03696158176710235	0.22224772766298811
0.2334721176744503	-0.3800093875188587	0.040607796257160864	0.14605612771932122
0.2408833182454688	-0.2835876735654553	0.04377847944633269	0.0823385238609002
0.2485297755762708	-0.1814126886720109	0.0464528610591759	0.035068431911791056
0.2564189575180488	-0.07427043170881496	0.048616423868426906	0.007879653695968297
0.2645585689770394	0.03697142094906055	0.050261129801696475	0.0038930671359356144
0.272956559439457	0.1513721470232336	0.051385549787849184	0.025554001621422975
0.2816211307352967	0.2679283208427153	0.05199489015093081	0.07448905371140435
0.2905607450485853	0.3855857848810811	0.05210090968825498	0.15139090229270305
0.2997841331819055	0.503253120341814	0.05172172332369209	0.2559388397973449
0.3093003030832639	0.6198164361983877	0.0508814904423864	0.3867613406513086
0.3191185486436319	0.7341552446666865	0.04960998868989128	0.5414450742494135
0.329248458773749	0.8451591409660983	0.04794207711549438	0.7165924163167013
0.3396999267690556	0.9517449588761226	0.04591705596742248	0.9079268427748278
0.3504831599719011	1.0528740337048248	0.04357793407021152	1.1104427671876962
0.3616086897404624	1.1475691736013005	0.04097061835260063	1.3185935997681664
0.3730873817341104	1.2349309212769517	0.03814304353609969	1.5265092720961375
0.3849304465252695	1.3141526834066528	0.03514426301056249	1.7282323945274618
0.3971494505481327	1.3845343159463817	0.032023524285396406	1.9179607781407724
0.4097563273949268	1.4454937812451758	0.028829353906919784	2.0902834032651665
0.4227633894707597	1.496576537142011	0.025608677209674344	2.2403971358724024
0.4361833400184319	1.5374623781976993	0.022405997617534656	2.364292593102562
0.4500292855249566	1.5679695227740933	0.01926265840064583	2.458899474357078
0.4643147485219054	1.58805582382445	0.016216206876333017	2.522184264948209
0.4790536807920796	1.5978170722045173	0.013299877150781092	2.5531962829604415
0.4942604769954076	1.5974824546835888	0.01054220283871304	2.552061331062597
0.5099499887273737	1.5874073200140666	0.007966766037957505	2.519925468995345
0.5261375390237095	1.5680634908381947	0.005592083475570055	2.458854382697263
0.5428389373255141	1.5400274327395227	0.003431625502355597	2.3716962696438735
0.5600704949194178	1.5039666509232972	0.0014939587925527863	2.2619179190023124
0.577849040867869	1.460624727375584	-0.00021700052480341095	2.1334246413102265
0.5961919384451034	1.4108054355279385	-0.0017016398138895506	1.9903748724932324
0.6151171020948462	1.3553563752805386	-0.002964227680004325	1.8369996906593393
0.6346430149263101	1.2951525596705151	-0.004012436369629992	1.6774362524667077
0.6547887467655751	1.231080357477475	-0.0048568287578260585	1.5155824353524503
0.6755739727799815	1.1640221563679698	-0.005510328994171079	1.3549779442411625
0.6970189926937242	1.0948420864055766	-0.0059876939262501865	1.1987150466434704
0.7191447506134152	1.0243729362019507	-0.00630500204669483	1.0493796654738146
0.7419728554829773	0.953404731996794	-0.006479169316137794	0.9090225626289057
0.7655256021878463	0.8826748439564535	-0.0065275049797429855	0.77915748847481
0.789825993329091	0.8128598546899721	-0.006467312717455687	0.660782969500388
0.8148977616887199	0.744569198213527	-0.006315541966849488	0.5544231769986694
0.8407653934081116	0.6783405624268146	-0.006088491628607016	0.4601829883638388
0.8674541519022086	0.6146370087988157	-0.005801566441476437	0.37781231075833027
0.8949901025328288	0.5538457296121397	-0.00546908476732382	0.30677500309779554
0.9234001380651922	0.4962783354388027	-0.0051041353422960015	0.24631823842350123
0.9527120049325232	0.4421725430124899	-0.0047184796898082455	0.1955388218447154
0.9829543303343836	0.3916951157647636	-0.004322496303367143	0.1534437476882642
1.0141566501951955	0.3449458954958264	-0.003925162333883734	0.11900307771876492
1.0463494380102665	0.3019627536057981	-0.0035340683061641175	0.09119399420398858
1.0795641346074831	0.2627272837931546	-0.003155461297279676	0.06903558258532741
1.113833178853745	0.2271710550721013	-0.0027943120041408944	0.05161449644214817
1.1491900393361203	0.195182244392864	-0.002454401188242085	0.03810213261142854
1.1856692470486767	0.1666124721279542	-0.0021384211012297626	0.027764288713394494
1.223306429116897	0.1412836712514859	-0.0018480876624923529	0.019964491190306195
1.262138343592627	0.1189948321386771	-0.0015842593796522014	0.014162279953493959
1.3022029153535302	0.0995284793739407	-0.0013470592757677583	0.009907732775181373
1.3435392731421163	0.0826567544606454	-0.001135996413545339	0.006833429545819011
1.386187787780515	0.06814699839726686	-0.0009500839840004186	0.004644916050133746
1.4301901115983116	0.055766750107380685	-0.0007879513486434956	0.0031105512848668727
1.475589219111964	0.04528809995699662	-0.000647947881152267	0.002051431834171607
1.5224294489955177	0.036491361249373744	-0.0005282369339236321	0.0013318984800906567
1.5707565473836167	0.029168045812793787	-0.0004268787424928175	0.0008509571219980294
1.6206177125490984	0.023123151757952983	-0.00034190156085173965	0.0005347970438986371
1.672061640998808	0.018176791406062653	-0.00027136077727110886	0.0003304693824909543
1.7251385750326518	0.01416520461005412	-0.0002133861783788399	0.00020069855530582164
1.7799003518123344	0.010941216686443314	-0.0001662178957881667	0.00011973785096858585
1.8364004539877097	0.008374210595906076	-0.0001282318740046843	7.014384651809635e-05
1.8946940619301784	0.006349689700961207	-9.795593354469483e-05	4.032815466340944e-05
1.954838107624158	0.004768510429937897	-7.407766574338833e-05	2.2744179220988498e-05
2.0168913302692464	0.00354586371601308	-5.54454861466111e-05	1.2576223694472125e-05
2.0809143336473905	0.0026100805504738218	-4.106419591307681e-05	6.814206748147716e-06
2.146969645311084	0.0019013309106717668	-3.0086362786132345e-05	3.615964421101629e-06
2.215121777650397	0.0013702773027341507	-2.180074500761224e-05	1.8781351588712663e-06
2.28543729089849	0.0009767348428627598	-1.5618854748812892e-05	9.542549018858045e-07
2.3579848581371263	0.0006883798295579355	-1.1060604684602965e-05	4.739891267182014e-07
2.432835332365687	0.00047953872468218606	-7.739814457523176e-06	2.3001729319765434e-07
2.5100618156991854	0.0003300798760141831	-5.350184175123841e-06	1.0898134902024624e-07
2.589739730762863	0.00022442158513493943	-3.652179295464781e-06	5.037838628808509e-08
2.6719468943530846	0.00015066254388583435	-2.461122736442205e-06	2.2705259255274793e-08
2.756763593436496	9.983440399325617e-05	-1.6366609785611403e-06	9.969586879847428e-09
2.8442726635616418	6.52713666389659e-05	-1.0736643517873762e-06	4.26150405805861e-09
2.9345595697596374	4.20881594320031e-05	-6.945383666019084e-07	1.7718955479163937e-09
3.0277124900129087	2.6755491852766934e-05	-4.428622593561539e-07	7.160524712642398e-10
3.1238224013735114	1.67608591929639e-05	-2.7823127134418043e-07	2.8100381352671626e-10
3.222983168815136	1.0342316184842663e-05	-1.7215568597582406e-07	1.0699314164747231e-10
3.3252916369055843	6.283188133001414e-06	-1.0486237563214761e-07	3.9489449232513015e-11
3.430847724389237	3.75642594844226e-06	-6.284973573654886e-08	1.4114685995412485e-11
3.5397545217718926	2.208950511508216e-06	-3.704834253368265e-08	4.880834941976903e-12
3.6521183920032887	1.2770959170797536e-06	-2.146659096747897e-08	1.6314347959495419e-12
3.7680490743556176	7.253627373842218e-07	-1.2223256114789566e-08	5.263005087755792e-13
3.887659791599504	4.044739580260039e-07	-6.83767445343426e-09	1.6364593651315272e-13
4.011067360582124	2.2166084942528621e-07	-3.748106899838496e-09	4.9147580473272024e-14
4.138392306315432	1.1846944776526473e-07	-2.0270105650506606e-09	1.4039118825637615e-14
4.269758979685955	6.179479348733179e-08	-1.0833316909799364e-09	3.8197701096946644e-15
4.405295678901079	3.139895455501692e-08	-5.644055306739661e-10	9.862129007510733e-16
4.545134774790472	1.5769477924591122e-08	-2.834610477519273e-10	2.4875678417975935e-16
4.689412840084988	7.748632381021986e-09	-1.3928396766666922e-10	6.006070379987142e-17
4.838270782799331	3.722519906949688e-09	-6.691340056704669e-11	1.3861631860812159e-17
4.991853983848732	1.747198627165737e-09	-3.140641407759035e-11	3.0536894056150494e-18
