r	P	Q	rho
9.625638570122096e-05	5.929297925411618e-10	-5.084287224730459e-11	3.5415073654126093e-19
9.93118913769256e-05	6.502690287116903e-10	-5.575935174493199e-11	4.2595891500866015e-19
0.00010246438921440998	7.131516490500192e-10	-6.115110517163116e-11	5.123247322064738e-19
0.00010571695807538968	7.821133603763964e-10	-6.706405770286336e-11	6.161988963148319e-19
0.0001090727745551423	8.577416119291655e-10	-7.354856966653769e-11	7.411300649348367e-19
0.00011253511608490396	9.406805853945638e-10	-8.065986419027613e-11	8.91385977429453e-19
0.00011610736413274588	1.0316366814785976e-09	-8.845849738794829e-11	1.072099148332307e-18
0.00011979300750605833	1.131384513291688e-09	-9.7010871928446e-11	1.2894420261885872e-18
0.0001235956457588662	1.2407734911238964e-09	-1.0638980136367584e-10	1.550837646109984e-18
0.00012751899270730462	1.3607350395055214e-09	-1.1667512852307362e-10	1.8652129333539686e-18
0.00013156688005668771	1.4922905090357883e-09	-1.2795440348794583e-10	2.243303292730248e-18
0.0001357432611437127	1.636559850856655e-09	-1.4032362686818163e-10	2.6980188656933977e-18
0.0001400522147974547	1.794771126840088e-09	-1.5388806467469335e-10	3.244884934188162e-18
0.00014449794932292216	1.9682709358989853e-09	-1.6876314166057966e-10	3.902571475087816e-18
0.00014908480661106436	2.1585358445414767e-09	-1.85075420678474e-10	4.6935299035097e-18
0.00015381726637924429	2.3671849182192357e-09	-2.0296367631932255e-10	5.644758690949664e-18
0.00015869995054631865	2.595993459288383e-09	-2.225800718915998e-10	6.788723929071336e-18
0.0001637376277465979	2.8469080675484864e-09	-2.4409144966783795e-10	8.164466180873604e-18
0.00016893521798709454	3.1220631504414845e-09	-2.676807452763278e-10	9.818931296736298e-18
0.00017429779745260863	3.4237990221711087e-09	-2.9354853815756597e-10	1.1808570488474285e-17
0.00017983060346334285	3.7546817443449275e-09	-3.2191475114611653e-10	1.420126410832253e-17
0.00018553903958988928	4.117524875356031e-09	-3.530205134884481e-10	1.7078634582119348e-17
0.0001914286809305833	4.515413311730527e-09	-3.871302029763097e-10	2.0538827169809722e-17
0.00019750527955637848	4.951729422202742e-09	-4.2453368437462045e-10	2.469985311987699e-17
0.0002037747701285608	5.430181694487152e-09	-4.6554876296500525e-10	2.97036088858416e-17
0.00021024327569478768	5.954836135752759e-09	-5.105238738245176e-10	3.572070802941164e-17
0.00021691711366911352	6.5301506908454305e-09	-5.598410294285369e-10	4.295629002338066e-17
0.00022380280200184132	7.161012967536041e-09	-6.139190503234492e-10	5.165700332156938e-17
0.0002309070655452268	7.852781585704321e-09	-6.732171059762063e-10	6.211939990455586e-17
0.00023823684262125092	8.611331497627135e-09	-7.382385954935201e-10	7.470002638590144e-17
0.0002457992917978769	9.443103659673245e-09	-8.0953540073441e-10	8.982755429237645e-17
0.00025360179888040774	1.0355159471985726e-08	-8.877125474391872e-10	1.0801736125713666e-16
0.000261651984124774	1.1355240442454638e-08	-9.734333133909799e-10	1.2988905792157673e-16
0.0002699577096797955	1.2451833574770437e-08	-1.0674248263401555e-09	1.5618755513366763e-16
0.00027852708726568566	1.3654243027957284e-08	-1.1704841984876719e-09	1.8780838592542943e-16
0.00028736848609629844	1.497266864690236e-08	-1.2834852487734155e-09	2.258281407937519e-16
0.00029649054105285346	1.6418292020445644e-08	-1.4073858690860134e-09	2.715410478531321e-16
0.00030590216111712364	1.8003370786037424e-08	-1.543236095840728e-09	3.265029373070515e-16
0.00031561253807232064	1.9741341968312962e-08	-1.6921869542048998e-09	3.9258407939785593e-16
0.0003256311554801763	2.1646935213728278e-08	-1.855500148632879e-09	4.72032684948926e-16
0.00033596779794298724	2.37362968652507e-08	-2.03455868035579e-09	5.675512178991213e-16
0.00034663256065966766	2.6027125910661796e-08	-2.2308784801117375e-09	6.823881019624683e-16
0.00035763585928514496	2.853882293602861e-08	-2.4461211527603267e-09	8.204479232679741e-16
0.000368988440102725	3.129265332311684e-08	-2.6821079395683406e-09	9.864238550002706e-16
0.0003807013905193641	3.431192604681553e-08	-2.9408350139538446e-09	1.185956779621435e-15
0.0003927861498940953	3.762218955695293e-08	-3.2244902374133824e-09	1.4258264843504722e-15
0.0004052545207101872	4.125144636922981e-08	-3.5354715143179104e-09	1.7141813863819965e-15
0.00041811868010194415	4.5230388143495335e-08	-3.876406897342212e-09	2.0608145420450056e-15
0.0004313911917474072	4.959265319545808e-08	-4.2501766095929294e-09	2.477495252177709e-15
0.0004450850181385686	5.437510857148926e-08	-4.6599371651343395e-09	2.9783674465442453e-15
0.00045921353324108663	5.961815901688381e-08	-5.109147786701273e-09	3.580428275668799e-15
0.0004737905355558613	6.536608538737721e-08	-5.601599338068655e-09	4.304103034014139e-15
0.000488830261595229	7.166741529359301e-08	-6.14144600896255e-09	5.173935773945332e-15
0.0005043473997869394	7.857532903029384e-08	-6.7332400127070785e-09	6.219418853287658e-15
0.0005203571048194891	8.61481041288723e-08	-7.381969581177639e-09	7.475989319896457e-15
0.0005368750124428274	9.444960218467529e-08	-8.09310056826185e-09	8.986225629651419e-15
0.0005539172547388857	1.0354980195293266e-07	-8.872622002120088e-09	1.0801284905684083e-14
0.0005715004758768466	1.1352538308089996e-07	-9.727095958310578e-09	1.2982628999447269e-14
0.0005896418483685365	1.2446036525220477e-07	-1.0663712160541746e-08	1.5604097275755103e-14
0.0006083590898398229	1.3644680796543613e-07	-1.1690347753701372e-08	1.8754395634559074e-14
0.0006276704803343917	1.4958557665614377e-07	-1.281563273517425e-08	2.2540085185953935e-14
0.0006475948801668037	1.6398718140332937e-07	-1.4049021575609628e-08	2.7089170671840397e-14
0.0006681517483422711	1.7977269504223937e-07	-1.5400871609575835e-08	3.255540872908463e-14
0.0006893611615611377	1.970747581391997e-07	-1.6882528830309716e-08	3.9123480075330297e-14
0.0007112438338266278	2.1603867897612097e-07	-1.8506421781433275e-08	4.701519846089976e-14
0.0007338211366750103	2.3682363744733243e-07	-2.028616430250289e-08	5.64969637158937e-14
0.00075711512004794	2.596040025951857e-07	-2.223666795504886e-08	6.788870756518427e-14
0.0007811485338273538	2.8457077440951694e-07	-2.4374265031865663e-08	8.157463044387581e-14
0.0008059448500539623	3.119331614961812e-07	-2.6716843135280515e-08	9.801608694811784e-14
0.0008315282858510282	3.419203072886701e-07	-2.92839924005597e-08	1.1776704874729461e-13
0.0008579238270758277	3.7478317864207836e-07	-3.2097166539159704e-08	1.414926590929026e-13
0.0008851572527218854	4.1079663191884494e-07	-3.5179858983897566e-08	1.699914952739939e-13
0.0009132551600958224	4.502616730599094e-07	-3.855779553506488e-08	2.0422227782323262e-13
0.0009422449907934024	4.935079296431077e-07	-4.2259145033867214e-08	2.4533591195962e-13
0.0009721550575001456	5.408963545735075e-07	-4.631474972822702e-08	2.947139224332978e-13
0.0010030145716426863	5.928221828395537e-07	-5.075837714690748e-08	3.540145533172409e-13
0.001034853671917878	6.497181647169271e-07	-5.562699546213754e-08	4.2522805618727673e-13
0.00106770345372751	7.120581009224417e-07	-6.09610744995684e-08	5.107429916934162e-13
0.0011015959995473816	7.8036070752781e-07	-6.680491474867916e-08	6.134257304878825e-13
0.0011365644102603956	8.551938409534623e-07	-7.320700693798211e-08	7.367157714695535e-13
0.0011726428374842686	9.371791160929016e-07	-8.02204249689606e-08	8.847400122228729e-13
0.0012098665169254358	1.026996953586676e-06	-8.790325525211945e-08	1.0624497249602323e-12
0.0012482718027917198	1.1253920954917728e-06	-9.631906575946736e-08	1.27578473102414e-12
0.0012878962032973767	1.2331796320983883e-06	-1.055374184019304e-07	1.5318701517052606e-12
0.0013287784172951928	1.3512515864545645e-06	-1.1563442865949593e-07	1.839252170987385e-12
0.0013709583720714067	1.4805841072946772e-06	-1.2669337673831706e-07	2.2081805104829333e-12
0.0014144772623403757	1.6222453255567773e-06	-1.3880537490473165e-07	2.650946828393257e-12
0.0014593775904770615	1.7774039345445583e-06	-1.5207009605347212e-07	3.1822900606481888e-12
0.0015057032080266334	1.94733855907282e-06	-1.6659656900873528e-07	3.819881880457289e-12
0.001553499358531729	2.1334479846631054e-06	-1.8250404653488086e-07	4.584908030264672e-12
0.0016028127217191962	2.337262324063673e-06	-1.9992295255114705e-07	5.502764358444289e-12
0.0016536914590894749	2.560455205092125e-06	-2.1899591560490294e-07	6.603890068334985e-12
0.0017061852609531374	2.8048570710797027e-06	-2.398788962637949e-07	7.924765074058544e-12
0.0017603453949605356	3.072469693075472e-06	-2.627424167420607e-07	9.509103592422744e-12
0.0018162247561719369	3.3654820014914943e-06	-2.877729017838765e-07	1.1409282345364307e-11
0.001873877918717061	3.686287354084157e-06	-3.1517414059065907e-07	1.3688049195777834e-11
0.0019333611890944675	4.037502367122762e-06	-3.451688804037787e-07	1.64205669205211e-11
0.0019947326611628427	4.421987447347754e-06	-3.780005632433768e-07	1.9696857410313413e-11
0.002058052272877904	4.842869173924057e-06	-4.1393521826236706e-07	2.3624724200661788e-11
0.0021233818648303216	5.303564692109574e-06	-4.5326352320688996e-07	2.833324626486124e-11
0.0021907852406418352	5.8078082938474565e-06	-4.9630304958538e-07	3.397695389511105e-11
0.0022603282292785487	6.3596803750190844e-06	-5.434007073430555e-07	4.074081880114381e-11
0.002332078749342263	6.963638974731383e-06	-5.949354061223745e-07	4.884621590785594e-11
0.002406106875402632	7.624554118828829e-06	-6.513209515682613e-07	5.855804449290144e-11
0.0024824849064349307	8.34774520789167e-06	-7.130091966153862e-07	7.019323217033645e-11
0.0025612874364302663	9.139021709384353e-06	-7.804934692792436e-07	8.413088786018606e-11
0.002642591427247204	1.0004727434431562e-05	-8.543123001691795e-07	1.008244205434879e-10
0.0027264762837759474	1.0951788702004582e-05	-9.350534747558628e-07	1.2081600077400822e-10
0.0028130239314884866	1.1987766717181388e-05	-1.0233584373640534e-06	1.4475381335688603e-10
0.002902318896450453	1.3120914515683431e-05	-1.1199270759299684e-06	1.7341263438327324e-10
0.0029944483878728257	1.436023885417558e-05	-1.2255229187670371e-06	2.0771836637339725e-10
0.0030895023832841046	1.571556745492666e-05	-1.3409787769303118e-06	2.4877728451052755e-10
0.00318757371640614	1.7197622044450344e-05	-1.4672028682638183e-06	2.9791088824040604e-10
0.003288758167819449	1.88180976587592e-05	-1.6051854618621082e-06	3.5669741986157195e-10
0.0033931545585065446	2.058974872294669e-05	-1.7560060844820133e-06	4.2702130984282274e-10
0.003500864846364656	2.2526482450034062e-05	-1.920841333407532e-06	5.111320429998195e-10
0.003611994225782093	2.4643460143446337e-05	-2.1009733434034247e-06	6.117142168313199e-10
0.0037266512303755	2.6957207029170743e-05	-2.2977989586942435e-06	7.319708908681488e-10
0.0038449478389883406	2.9485731287646296e-05	-2.512839664376756e-06	8.757227127461488e-10
0.003966999585054142	3.224865300176596e-05	-2.7477523353154107e-06	1.0475257633245401e-09
0.004092925669431287	3.526734378605752e-05	-3.0043408643812853e-06	1.2528116017533615e-09
0.0042228490768195836	3.856507791313891e-05	-3.2845687358718765e-06	1.4980536262271412e-09
0.004356896695872276	4.216719580688807e-05	-3.590572614086642e-06	1.7909646139134676e-09
0.004495199443120843	4.610128082736697e-05	-3.924677021323711e-06	2.1407311836454596e-09
0.004637892390833568	5.039735033030035e-05	-4.289410183995692e-06	2.558291960041591e-09
0.004785114898932785	5.5088062043699854e-05	-4.6875211301228806e-06	3.056667434075873e-09
0.004937010751099636	6.020893686586428e-05	-5.121998126132201e-06	3.6513509433217326e-09
0.005093728295199241	6.579859925224533e-05	-5.596088545647362e-06	4.360771870568305e-09
0.005255420588163462	7.18990364232537e-05	-6.113320267772228e-06	5.206844123288718e-09
0.005422245545472709	7.855587769062953e-05	-6.677524707211912e-06	6.215615255960573e-09
0.005594366095382843	8.581869526607596e-05	-7.292861583404459e-06	7.418034287246306e-09
0.005771950338047744	9.374132798192208e-05	-7.96384554060336e-06	8.850859407608875e-09
0.005955171709692977	0.00010238222941901173	-8.695374735501497e-06	1.0557730442597946e-08
0.00614420915200089	0.00011180484200106246	-9.492761513456426e-06	1.25904352160339e-08
0.006339247286872569	0.00012207799867653115	-1.036176529859005e-05	1.5010403940970204e-08
0.006540476596737347	0.00013327635386754094	-1.1308627826906864e-05	1.7890471563553487e-08
0.006748093610585924	0.00014548084541949908	-1.234011085500526e-05	2.1316954719886003e-08
0.006962301095908845	0.00015877918933330896	-1.3463536479834023e-05	2.53920977798866e-08
0.007183308256727727	0.00017326640910300849	-1.4686830207143224e-05	3.0236951504984555e-08
0.007411330937912704	0.0001890454015134892	-1.601856690765164e-05	3.5994758319171254e-08
0.0076465918359855745	0.0002062275407736642	-1.746801980033954e-05	4.283493028929838e-08
0.007889320716614577	0.00022493332286780337	-1.9045212601494496e-05	5.09577198593876e-08
0.008139754639013185	0.00024529305199919846	-2.076097497598636e-05	6.059969944103501e-08
0.008398138187462092	0.00026744757097301174	-2.2627001423499667e-05	7.204018441278321e-08
0.008664723710180476	0.0002915490373159252	-2.465591372685803e-05	8.5608755241549e-08
0.008939771565779873	0.0003177617468554972	-2.686132708185855e-05	1.0169405865725567e-07
0.009223550377541313	0.0003462630063780469	-2.925792001789156e-05	1.2075409546973668e-07
0.009516337295764113	0.0003772440568460794	-3.186150820571875e-05	1.4332823413083107e-07
0.009818418268442462	0.00041091104847999695	-3.4689122232756265e-05	1.700512249642095e-07
0.010130088320534265	0.0004474860687888845	-3.7759089406663526e-05	2.016695305929507e-07
0.010451651842094884	0.0004872082243658324	-4.109111962454426e-05	2.390603340017059e-07
0.010783422885557248	0.0005303347769383841	-4.470639531716e-05	2.8325363741253984e-07
0.01112572547244864	0.00057714233377757	-4.862766544474347e-05	3.3545792328482594e-07
0.011478893909843723	0.0006279280921124249	-5.287934348274823e-05	3.970899138311165e-07
0.011843273116862865	0.0006830111366631433	-5.7487609291619166e-05	4.698090380279449e-07
0.012219218961534608	0.0007427337887868863	-6.248051471382387e-05	5.555572957246273e-07
0.012607098608351365	0.0008074630050169783	-6.788809268332263e-05	6.566052975992281e-07
0.013007290876857633	0.0008775918219596254	-7.374246956673123e-05	7.756053577882151e-07
0.013420186611621084	0.0009535408435827358	-8.007798038097809e-05	9.156526233223717e-07
0.013846189063947772	0.0010357597658789317	-8.693128644859763e-05	1.0803553411771874e-06
0.014285714285714284	0.00112472893269914	-9.43414949582542e-05	1.2739154897215047e-06
0.014739191535701468	0.001220960915223778	-0.00010235027979397562	1.5012211362779906e-06
0.015207063698826562	0.0013250021060549667	-0.00011100200288124344	1.7679520256937447e-06
0.015689787718683224	0.0014374343172650083	-0.00012034383517091072	2.080700055114764e-06
0.016187835043811806	0.001558876369913353	-0.00013042587624233603	2.4471064458678143e-06
0.016701692088135777	0.0016899856605368643	-0.00014130127135464636	2.876017582106661e-06
0.01723186070601401	0.001831459687917392	-0.0001530263246092788	3.377661644489895e-06
0.01777885868237279	0.0019840375210287606	-0.0001656606067076537	3.963848321464698e-06
0.018343220238396307	0.002148501186455765	-0.00017926705559490226	4.648194025423496e-06
0.018925496553269507	0.0023256769507561444	-0.00019391206807412923	5.446375169423184e-06
0.019526256302482805	0.002516436470200388	-0.0002096655802560877	6.376412164098711e-06
0.02014608621322444	0.002721697777074176	-0.00022660113447702969	7.458986863876789e-06
0.02078559163740288	0.0029424260682680003	-0.00024479593007385747	8.717796214603809e-06
0.021445397142858896	0.0031796342582159414	-0.00026433085515191967	1.0179944817005784e-05
0.02212614712334476	0.00343438325439308	-0.00028529049621869466	1.1876379005288313e-05
0.02282850642786619	0.003707781909556464	-0.0003077631222885179	1.3842364828274953e-05
0.023553161010001832	0.004000986600741956	-0.0003318406397923276	1.6118011989534454e-05
0.024300818597834294	0.004315200380739603	-0.000357618514355626	1.874884532774514e-05
0.02507220938514712	0.004651671643402377	-0.0003851956552416616	2.1786424770850822e-05
0.025868086744562677	0.005011692239744742	-0.0004146742580000989	2.5289013846165603e-05
0.026689227963317463	0.0053965949774158846	-0.0004461596006197985	2.9322295739495567e-05
0.027536435002393497	0.005807750431855441	-0.0004797597882641644	3.396013453315233e-05
0.02841053527974703	0.006246562993336422	-0.0005155854414760172	3.928537757718209e-05
0.02931238247839967	0.006714466070262408	-0.0005537493225840637	4.5390692920967414e-05
0.03024285738018107	0.007212916365618493	-0.0005943658949334539	5.237943331446713e-05
0.0312028687259374	0.007743387140496319	-0.0006375508095080108	6.0366515442308076e-05
0.03219335410304584	0.008307360376255466	-0.0006834203135215117	6.947929974591319e-05
0.03321528086110173	0.008906317745293409	-0.000732090575640338	7.985845239106967e-05
0.034269647056672826	0.0095417302997367	-0.0007836769226708333	9.165876663204025e-05
0.035357482428043215	0.010215046787813334	-0.000838292982812822	0.00010504991600224872
0.03647984940089896	0.010927680509411846	-0.0008960497309571467	0.00012021710643612793
0.03763784412593759	0.011680994625581476	-0.000957054432000653	0.0001373615886286754
0.03883259754941493	0.01247628584169726	-0.001021409478777437	0.0001567009857270719
0.04006527651767466	0.013314766390933038	-0.0010892111219702716	0.00017846938491334374
0.04133708491673944	0.01419754425379233	-0.0011605480902801878	0.0002029171347082446
0.04264926484807651	0.015125601560986052	-0.0012355001002032828	0.00023031028307930602
0.04400309784168616	0.016099771141166095	-0.0013141362559989634	0.0002609295848972556
0.045399906107697695	0.017120711192171876	-0.001396513341838595	0.0002950690012396925
0.046841053827695336	0.018188878074766327	-0.0014826740097020406	0.00033303360783776113
0.04832794848703527	0.019304497251559808	-0.0015726448683443942	0.0003751368260174101
0.04986204224945488	0.020467532421159583	-0.0016664344805872608	0.0004216968872893088
0.0514448333753168	0.02167765292872744	-0.0017640312782973603	0.0004730324428491768
0.05307786768487292	0.02293419956923288	-0.0018654014066974236	0.0005294572322895103
0.05476274006797729	0.02423614893886321	-0.0019704865121056305	0.0005912737324811504
0.05650109604172253	0.0255820765333457	-0.0020792014898133784	0.0006587657185931989
0.05829463335752086	0.026970118839332546	-0.0021914322115773074	0.000732189685345659
0.06014510365919943	0.028397934716389843	-0.002307033255107391	0.0008117650985965109
0.06205431419372918	0.029862666422310426	-0.0024258256609613095	0.0008976634759875649
0.06402412957625807	0.03136090069310784	-0.0025475947453835247	0.0009899963312696774
0.06605647361117258	0.03288863035068026	-0.0026720880008256854	0.0010888020606278433
0.06815333117096575	0.03444121697513322	-0.0027990131191144	0.0011940319011691793
0.07031675013474702	0.03601335524432466	-0.0029280361754428007	0.0013055351517986282
0.07254884338828686	0.0375990396093562	-0.0030587800144902394	0.0014230439147229813
0.07485179088754984	0.03919153404029604	-0.0031908228829399705	0.0015461576911019763
0.07722784178773094	0.04078334563998533	-0.003323697355370441	0.0016743282457006067
0.07967931663987515	0.042366202983749816	-0.003456889602824331	0.001806845240986407
0.08220860965722472	0.0439310400974114	-0.0035898390551739674	0.0019428232284824207
0.08481819105350867	0.04546798703318966	-0.0037219385095457786	0.002081190671119143
0.08751060945545694	0.04696636804077249	-0.0038525347373682254	0.0022206817508439243
0.09028849439189633	0.048414708356785456	-0.003980929641883837	0.0023598317860862206
0.09315455886185875	0.04980075064781882	-0.004106382016030761	0.0024969771383478072
0.09611160198420989	0.05111148213781788	-0.004228109947273928	0.002630260520050713
0.09916251173138622	0.05233317342784098	-0.004345293911092764	0.0027576426202022613
0.1023102677499101	0.05345142997295357	-0.004457080588289541	0.0028769209335240665
0.1055579442704378	0.05445125711563177	-0.00456258743300091	0.0029857566055564175
0.1089087131101819	0.05531713948610614	-0.004660908008275361	0.0030817099843869285
0.1123658467706413	0.056033135466596926	-0.004751118094406676	0.0031622853933650007
0.1159327216336635	0.0565829872778205	-0.004832282562069456	0.003224985404041677
0.1196128212589609	0.0569502470823768	-0.0049034629879721355	0.00326737459201818
0.1234097397863014	0.05711841931096627	-0.004963725975610641	0.0032871524001443163
0.1273271854456962	0.0570711192044976	-0.005012152128246973	0.003282234316210666
0.1313689841790128	0.05679224732894627	-0.005047845605993526	0.003250840101934153
0.1355390833765503	0.0562661795613477	-0.005069944184432182	0.003191587296463079
0.139841555732227	0.05547797176557134	-0.005077629719102343	0.0031035876747858428
0.1442806032211436	0.05441357807637797	-0.005070138908958581	0.002986543787630217
0.1488605612034087	0.053060081390304784	-0.005046774242911336	0.0028408421674046814
0.1535859026582336	0.05140593432244246	-0.0050069150070358665	0.0026676392814509488
0.1584612425524314	0.04944120852921623	-0.004950028225957483	0.002468935880267219
0.1634913423475874	0.04715784991887152	-0.0048756794100354335	0.0022476350586802547
0.1686811146503022	0.0445499368738052	-0.004783542979752498	0.002007579158899168
0.1740356280100496	0.04161393819332109	-0.004673412239410343	0.0017535606339170184
0.1795601118693348	0.038348967034472194	-0.004545208772880786	0.0014913021954001075
0.1852599616709876	0.034757026687355044	-0.00439899113371881	0.0012274020271400476
0.1911407441275779	0.030843243577728555	-0.004234962699372447	0.0009692405834601697
0.1972082026581013	0.026616082456415	-0.004053478553659856	0.0007248465337116627
0.203468262997243	0.022087538328725828	-0.0038550512525823777	0.0005027207695829695
0.2099270389826991	0.01727329932060888	-0.0036403553158420006	0.00031161905624492626
0.216590838526207	0.012192874399260995	-0.003410230270689458	0.00016029585661528085
0.2234661697741167	0.006869679697544086	-0.003165682057214036	5.721404203421629e-05
0.2305597474635201	0.001331077170593065	-0.0029078825869143184	1.0227547573353548e-05
0.2378784994801449	-0.0043916405214149724	-0.0026381672320782245	2.624643281374525e-05
0.2454295736244182	-0.010263324619534796	-0.002358030015437164	0.00011089613779965164
0.2532203445923091	-0.016245109425334445	-0.0020691162713725006	0.0002681848223855485
0.2612584211777659	-0.02229462013757647	-0.0017732125653068228	0.0005001943698805922
0.269551653703784	-0.02836625224608728	-0.0014722336901300589	0.0008068117385270057
0.2781081416893602	-0.0344115238114019	-0.0011682066101658902	0.0011855176777067155
0.2869362417598238	-0.040379500118025914	-0.0008632512956906808	0.0016312492325811665
0.2960445758082669	-0.04621728809709896	-0.0005595584842633057	0.0021363508247475567
0.3054420394160477	-0.05187059563171793	-0.00025936451722461046	0.002690625961141991
0.3151378105405883	-0.057284348468173193	3.5076473160917606e-05	0.0032814978097820656
0.3251413584789532	-0.06240335506198375	0.0003215226140305572	0.0038942820997833463
0.3354624531159625	-0.06717300740774525	0.0005977760295184725	0.004512570260382464
0.3461111744658711	-0.07154000386496485	0.0008617155839159389	0.00511871470674675
0.3570979225169342	-0.075453078328553	0.0011113298333954363	0.005694402083253349
0.3684334273884723	-0.07886371892542979	0.001344749299639803	0.006221294513428074
0.3801287598103556	-0.08172685885370364	0.0015602771233721947	0.006681713922794915
0.3921953419351442	-0.08400152209740523	0.0017564171418785455	0.007059340715857144
0.4046449584934414	-0.08565140759202497	0.001931898467010192	0.007339895854182029
0.4174897683033563	-0.08664539698660147	0.0020856957208433544	0.007511774945605711
0.4307423161453156	-0.08695797340370967	0.002217044213885478	0.007566604423526601
0.4444155450138237	-0.08656954145003977	0.0023254495207742647	0.007499693222343822
0.4585228087581333	-0.0854666420450247	0.002410691112850493	0.00731035833409396
0.4730778851241758	-0.08364205924448062	0.002472819935018694	0.007002108913088232
0.4880949892104862	-0.08109481994659044	0.0025121500529191013	0.006582680720058305
0.5035887873512648	-0.07783009097210408	0.0025292447314857413	0.006063920139637746
0.519574411440135	-0.0738589813056894	0.0025248975230959146	0.005461524227016312
0.5360674737085857	-0.06919826008611131	0.0025001091293179053	0.004794649744603604
0.5530840819735318	-0.06387000308703593	0.002456060943563384	0.004085409529696477
0.5706408553688846	-0.0579011818318781	0.0023940862744500067	0.00335827850661772
0.5887549405764958	-0.05132321008345672	0.002315640286879027	0.002639434083208851
0.6074440285723254	-0.04417146224834552	0.0022222696793872043	0.001956056559684937
0.6267263719041934	-0.03648477730102712	0.0021155830458220648	0.001335614666329314
0.6466208025179823	-0.028304960277950608	0.001997222754277228	0.0008051596750665645
0.6671467501497074	-0.019676291370834948	0.0018688390267740068	0.00039064900141798744
0.6883242613014116	-0.010645050341016768	0.0017320667317281275	0.00011631715192594057
0.7101740188194211	-0.0012590615703479485	0.0015885052208937617	4.10858487473378e-06
0.7327173620940814	0.008432737260673527	0.0014397013659841282	7.318379773076822e-05
0.7559763079007014	0.018380701962956263	0.001287135788823139	0.00033950692318989356
0.7799735719020605	0.028534864916823676	0.001132212141614255	0.0008155204201549934
0.8047325908334781	0.03884529653983399	0.0009762491867692656	0.0015099101257423065
0.830277545392114	0.04926244804963789	0.000820475351542279	0.0024274619676457605
0.8566333838528505	0.05973747875809984	0.0006660253912818085	0.003569009958196262
0.8838258464338268	0.07022257103355109	0.0005139387835812745	0.004931473615635398
0.9118814904354152	0.08067123560679043	0.0003651594891380365	0.006507981595778799
0.9408277161771956	0.09103860915825149	0.00022053674772174744	0.008288076993925968
0.9706927937582585	0.1012817451975103	8.082662284100269e-05	0.01025799844319636
1.0015058906669694	0.1113598982199589	-5.330593946135079e-05	0.012401029773082786
1.0332971002671627	0.1212348000734914	-0.0001812847191189241	0.014697909613008816
1.0660974711885844	0.1308709264566736	-0.0003026196285607001	0.017127290970267658
1.0999390376502864	0.1402357505484716	-0.0004169040023922516	0.01966623954084036
1.1348548507465903	0.1492999799788587	-0.0005238118163845832	0.02229075840050659
1.1708790107261728	0.1580377727218987	-0.0006230948498795501	0.024976325854090455
1.2080467002958	0.1664269270555998	-0.000714579780542829	0.0276984326734327
1.246394218981236	0.1744490405087585	-0.0007981651817422046	0.03043310480208381
1.285959018578883	0.1820896327284004	-0.0008738183800570193	0.03315739790572507
1.3267797397327787	0.1893382274647386	-0.0009415721234875931	0.03584985093755282
1.3688962496726695	0.1961883893967975	-0.0010015210093876456	0.03849088717844169
1.4123496811500225	0.2026377123030271	-0.0010538176251028886	0.04106315297899136
1.4571824726099956	0.2086877561055585	-0.001098668363230183	0.04355178662054544
1.5034384096386046	0.2143439315402635	-0.0011363288873683767	0.04594461223147742
1.5511626677255657	0.2196153325868555	-0.0011670992417443737	0.048232256427875236
1.6004018563845734	0.2245145182558457	-0.0011913186188051911	0.05040818814770598
1.6512040646741095	0.229057246803439	-0.001209359820720903	0.05246868486434754
1.7036189081632345	0.2332621668497474	-0.001221623472258956	0.05441273084734737
1.7576975773882364	0.2371504711266313	-0.0012285320621893982	0.05624185524661101
1.8134928878474563	0.2407455196216342	-0.0012305239062912407	0.05795991940697461
1.8710593315831228	0.2440724396458403	-0.001228047136496014	0.05957286389444181
1.9304531304005643	0.247157710816477	-0.0012215538261596388	0.06108842620979148
1.991732290776788	0.2500287430829025	-0.0012114943613616574	0.06251584008620369
2.054956660512037	0.2527134557469377	-0.001198312162222806	0.06386552666759758
2.1201879871796656	0.2552398649697262	-0.0011824388469209852	0.06514878683139079
2.187489978431412	0.2576356865314116	-0.0011642899161720607	0.06637750254552069
2.2569283642169635	0.2599279597076475	-0.0011442610172044424	0.0675638535710559
2.328570960978586	0.2621426970568716	-0.001122724826695556	0.06872005413128723
2.4024877378835066	0.2643045637910672	-0.00110002857099444	0.06985811250364331
2.47875088515874	0.2664365892318781	-0.001076492182594635	0.07098961491693571
2.557434884595095	0.2685599117402785	-0.001052407072997553	0.07212553375459346
2.638616582289218	0.2706935574690084	-0.0010280354862207976	0.07327605891218829
2.722375263694714	0.2728542523584148	-0.0010036103843849863	0.07445045026387316
2.808792731055653	0.2750562660500284	-0.0009793358062580991	0.07565690859200544
2.89795338329807	0.277311285781186	-0.0009553876334490994	0.07690246198714477
2.989944298457504	0.2796283179346121	-0.0009319146949173096	0.07819286465593912
3.0848553187230587	0.2820136146787272	-0.0009090401403028254	0.0795325052181383
3.182779138181059	0.2844706231024262	-0.0008868630140155337	0.08092432193428825
3.283811393343984	0.2869999543646081	-0.0008654599664061537	0.0823697228262406
3.3880507565530973	0.2895993706363699	-0.000844887044264441	0.08386850930709912
3.4955990323460053	0.2922637880205258	-0.0008251815095202352	0.08541880271263051
3.6065612568832335	0.2949852940778263	-0.0008063636436595581	0.08701697394450748
3.7210458005309537	0.2977531791600631	-0.0007884385028097806	0.08865757733519736
3.8391644737000328	0.3005539812932616	-0.0007713975974271915	0.09033329072548356
3.9610326360447714	0.3033715449286982	-0.0007552204781853333	0.09203486463039584
4.086769309127985	0.3061870944235035	-0.0007398762168824358	0.09375108420832376
4.216497292662462	0.3089793235730849	-0.0007253247779447374	0.09546874849171459
4.3503432844423084	0.3117245029548382	-0.000711518281115096	0.09717267200070531
4.488438004081345	0.3143966071116893	-0.0006984021610962495	0.09884571432892056
4.63091632067936	0.3169674638510857	-0.0006859162323172524	0.10046884362126707
4.777917384540928	0.3194069279798182	-0.0006739956699931403	0.10202123991166792
4.929584763075459	0.3216830818063851	-0.0006625719192673796	0.10348044412200165
5.08606658101113	0.3237624645463205	-0.0006515735454980736	0.10482255799719263
5.247515665059734	0.3256103325267706	-0.0006409270376017609	0.10602249943566164
5.414089693173651	0.3271909516745929	-0.000630557576087496	0.10705431646058254
5.585951348540752	0.3284679232427672	-0.0006203897763225224	0.10789156148289096
5.763268478467644	0.3294045431487682	-0.0006103484153651752	0.10850772557223684
5.946214258306377	0.3299641944905819	-0.0006003591499777177	0.10887673007692751
6.1349673605847705	0.3301107720073129	-0.0005903492306772897	0.1089734703074783
6.3297121295055065	0.329809136281795	-0.0005802482151198649	0.10877440306293476
6.530638760984414	0.3290255944180839	-0.0005699886824305102	0.10825816666927153
6.7379434884037765	0.3277284028331991	-0.0005595069473747987	0.10740621907162377
6.951828774262103	0.3258882866396578	-0.0005487437712339221	0.10620347648865823
7.172503507907492	0.3234789688225068	-0.0005376450651450508	0.10463893233268842
7.400183209547744	0.3204777013100519	-0.0005261625780198289	0.10270623388403334
7.635090240736435	0.3168657888391591	-0.0005142545600027949	0.10040419259441506
7.8774540215405535	0.3126290954176446	-0.000501886391082548	0.09773720319160428
8.12751125460176	0.3077585223724023	-0.0004890311616131919	0.09471554724432148
8.385506156310127	0.302250446105809	-0.00047567019121752736	0.09135555843329135
8.651690695316113	0.2961071033716734	-0.0004617934705791583	0.08767962992037234
8.926324838613727	0.2893369114675192	-0.00044740001228915616	0.08371604850433405
9.209676805435203	0.2819547111585567	-0.000432498093859752	0.07949864619910633
9.502023329205167	0.2739819204592376	-0.00041710537942507054	0.07506626671542953
9.80364992781011	0.2654465884647667	-0.00040124890684906686	0.07046205232826847
10.114851182447136	0.2563833398297967	-0.0003849649285431489	0.06573256514027724
10.435931025324336	0.2468332022811024	-0.0003682985972873178	0.06092676539220038
10.767203036493733	0.2368433118432416	-0.00035130349175191097	0.056094877779018296
11.108990750106727	0.2264664931823305	-0.00033404097930519994	0.05128718411767841
11.461627970391127	0.2157607160076652	-0.00031657941860545747	0.046552786794668635
11.825459097658367	0.2047884290870397	-0.0002989932062910397	0.0419383900848749
12.200839464659309	0.1936157836865027	-0.0002813616839120874	0.03748715085693578
12.58813568361712	0.1823117533636992	-0.00026376791634066777	0.03323764498805998
12.987726004276176	0.1709471669450994	-0.0002462973643955429	0.029222994548947393
13.400000683316607	0.1595936727283484	-0.0002290364769282719	0.02547019283263094
13.82536236549538	0.1483226554724586	-0.00021207123144260988	0.021999655100608858
14.264226476886058	0.1372041305439733	-0.00019548565585694836	0.01882501165296931
14.71702163060134	0.1263056417074885	-0.00017936036657278514	0.015953147297281558
15.184190045394628	0.1156911904062483	-0.00016377115946856436	0.013384478358607472
15.666187977549408	0.1054202248353853	-0.000148787690731093	0.0111134459421201
16.163486166478304	0.09554671657286179	-0.00013447228342439768	0.009129193130649792
16.676570294466934	0.08611835093138497	-0.00012087889330531338	0.007416384978848021
17.205941461011626	0.07717585453572587	-0.00010805226360943323	0.00595612419861119
17.752116672214225	0.06875247994387222	-9.602729353145056e-05	0.0047269127196736555
18.315629345711937	0.06087366245459581	-8.48286385783792e-05	0.0037056099765339903
18.897029831635397	0.053556858922248166	-7.447055424330981e-05	0.0028683426834810424
19.49688595010369	0.046811572298340334	-6.495698579775913e-05	0.0021913275204527485
20.115783545781365	0.04063955936244688	-5.628189912630909e-05	0.0016515769528260128
20.754327060038847	0.03503521274405619	-4.842983931049196e-05	0.0012274684774706127
21.413140121275315	0.029986102121742103	-4.137669503877722e-05	0.0008991680324864387
22.092866153980346	0.02547365404197187	-3.509064052242997e-05	0.000648908281603122
22.794169007129277	0.021473944987708028	-2.953322016347251e-05	0.000461131185546204
23.517733602525997	0.017958578744170603	-2.4660536812798085e-05	0.00032251115865265204
24.26426660372632	0.014895616782666786	-2.0424501717579737e-05	0.0002218798164963348
25.034497106195268	0.012250529436048707	-1.6774103304672934e-05	0.00015007575283403752
25.829177349372326	0.009987136193529495	-1.365665299103202e-05	9.974307585227773e-05
26.649083451340047	0.008068505717546108	-1.101896952761736e-05	6.510090593176367e-05
27.495016166813528	0.006457788775121878	-8.808467036491489e-06	4.1703113453181654e-05
28.367801669191113	0.005118961181629376	-6.97411725342768e-06	2.6203812217339877e-05
29.268292357429967	0.004017464854629385	-5.467271503514257e-06	1.6140053749239998e-05
30.197367688534737	0.003120731016088131	-4.242322123873878e-06	9.738980072071462e-06
31.155935036472133	0.00239855886455738	-3.2571682812116663e-06	5.753095235892e-06
32.14493057835044	0.0018234238196505933	-2.473590038052836e-06	3.324880544716836e-06
33.16532020872938	0.0013707047721248811	-1.8575068239001744e-06	1.8788350226575232e-06
34.218100482953304	0.0010184295273071389	-1.3786087579937013e-06	1.03720060265315e-06
35.30429959042893	0.0007474418504086138	-1.0105377765423807e-06	5.586703409288505e-07
36.42497835879832	0.0005426406061969001	-7.323804158376742e-07	2.9445936387481274e-07
37.581231289987656	0.0003892474443786525	-5.243443250018866e-07	1.5151384789228332e-07
38.77418762914375	0.0002724803150446261	-3.65646516893004e-07	7.424565578419402e-08
40.005012467502326	0.000195212400995141	-2.5955301757396906e-07	3.810794887005666e-08
41.27490788026494	0.00012712324346918672	-1.6815785748014605e-07	1.6160347307191155e-08
42.58511410059612	7.905586184364506e-05	-1.0457461583015755e-07	6.24984022769177e-09
43.93691073088712	4.842780827402521e-05	-6.406001184034665e-08	2.345256717910861e-09
45.33161799246937	2.920783104187189e-05	-3.863594222117045e-08	8.530988869065666e-10
46.77059801499798	1.7335369035712083e-05	-2.293112129710247e-08	3.005155454406492e-10
