r	P	Q	rho
9.625638570122096e-05	5.747839361424912e-13	-3.684046197405197e-14	3.31733792885917e-25
9.93118913769256e-05	6.506149415927393e-13	-4.1700398509436325e-14	4.250387254595695e-25
0.00010246438921440998	7.364490667348042e-13	-4.720135652325188e-14	5.4458519595219925e-25
0.00010571695807538968	8.33605649293114e-13	-5.342787045598412e-14	6.977529158748556e-25
0.0001090727745551423	9.435780031665673e-13	-6.047562004955586e-14	8.939967486801849e-25
0.00011253511608490396	1.068056321317883e-12	-6.845289723422654e-14	1.1454301046468484e-24
0.00011610736413274588	1.2089537227107721e-12	-7.748227433954314e-14	1.4675726064930628e-24
0.00011979300750605833	1.3684355539032054e-12	-8.770248062969997e-14	1.8803075902949755e-24
0.0001235956457588662	1.5489526581881905e-12	-9.927053297316723e-14	2.409108976025038e-24
0.00012751899270730462	1.7532790133585517e-12	-1.1236414609009874e-13	3.0866130000100934e-24
0.00013156688005668771	1.984554320481669e-12	-1.271844598198501e-13	3.954631737762126e-24
0.0001357432611437127	2.2463322067578946e-12	-1.4395912575091861e-13	5.066732613004761e-24
0.0001400522147974547	2.5426347788298e-12	-1.6294580036756266e-13	6.491542952372292e-24
0.00014449794932292216	2.8780143628146888e-12	-1.844360982106356e-13	8.316983346890801e-24
0.00014908480661106436	3.257623377645974e-12	-2.0876006561833873e-13	1.0655690835582535e-23
0.00015381726637924429	3.687293412504217e-12	-2.362912435506999e-13	1.365196626167573e-23
0.00015869995054631865	4.173624720084552e-12	-2.6745239701551307e-13	1.7490674088770202e-23
0.0001637376277465979	4.724087496877472e-12	-3.027219988060733e-13	2.24086432867152e-23
0.00016893521798709454	5.347136502005826e-12	-3.426415667913185e-13	2.870927201437631e-23
0.00017429779745260863	6.0523407702436154e-12	-3.8782396704411273e-13	3.6781236228566916e-23
0.00017983060346334285	6.85053040574158e-12	-4.389628098512896e-13	4.712245518842244e-23
0.00018553903958988928	7.753962704221846e-12	-4.968430823442893e-13	6.037079066693674e-23
0.0001914286809305833	8.776510146960452e-12	-5.623531803758088e-13	7.734337145917855e-23
0.00019750527955637848	9.933873144255465e-12	-6.364985236329914e-13	9.908696601674692e-23
0.0002037747701285608	1.124382078437181e-11	-7.204169621460629e-13	1.2694250643041927e-22
0.00021024327569478768	1.272646327192169e-11	-8.153962096901854e-13	1.6262773839034886e-22
0.00021691711366911352	1.4404560223794984e-11	-9.228935705028617e-13	2.083430877834121e-22
0.00022380280200184132	1.6303869538463422e-11	-1.0445582607189393e-12	2.6690726388727165e-22
0.0002309070655452268	1.8453542174075553e-11	-1.1822566654909564e-12	3.4193094959348286e-22
0.00023823684262125092	2.0886568871656377e-11	-1.3381009175143277e-12	4.380392732958978e-22
0.0002457992917978769	2.364028565257749e-11	-1.5144812332931813e-12	5.611567591414583e-22
0.00025360179888040774	2.6756945816314588e-11	-1.7141025007304901e-12	7.188722968002052e-22
0.000261651984124774	3.028436717897828e-11	-1.940025676372593e-12	9.20906595056162e-22
0.0002699577096797955	3.4276664440587986e-11	-2.19571462386336e-12	1.1797108878821163e-21
0.00027852708726568566	3.879507786696728e-11	-2.4850891079750096e-12	1.5112337345786307e-21
0.00028736848609629844	4.3908910940153216e-11	-2.812584752233259e-12	1.935903092938802e-21
0.00029649054105285346	4.9696591291584446e-11	-3.183220874059239e-12	2.4798840811358334e-21
0.00030590216111712364	5.624687111021584e-11	-3.6026772311093025e-12	3.176689792920787e-21
0.00031561253807232064	6.366018534153795e-11	-4.077380847913995e-12	4.069244232297899e-21
0.0003256311554801763	7.205018839540007e-11	-4.6146042450421696e-12	5.2125242201510035e-21
0.00033596779794298724	8.154549279687696e-11	-5.222576566153873e-12	6.676942701474851e-21
0.00034663256065966766	9.229163628624864e-11	-5.910609294064726e-12	8.552681430620292e-21
0.00035763585928514496	1.0445330734789075e-10	-6.689238468272452e-12	1.0955239327198345e-20
0.000368988440102725	1.1821686307595636e-10	-7.570385566622614e-12	1.4032537453146742e-20
0.0003807013905193641	1.3379317772644498e-10	-8.567539496677717e-12	1.7974017139167227e-20
0.0003927861498940953	1.5142086532759134e-10	-9.695962462150918e-12	2.3022290144623994e-20
0.0004052545207101872	1.7136992539915955e-10	-1.0972922831273559e-11	2.9488056366774596e-20
0.00041811868010194415	1.9394586725172656e-10	-1.2417958542606316e-11	3.776920511839023e-20
0.0004313911917474072	2.194943755960212e-10	-1.405317504570132e-11	4.837527264715235e-20
0.0004450850181385686	2.484065883990254e-10	-1.590358229609304e-11	6.195875708989143e-20
0.00045921353324108663	2.8112506720118704e-10	-1.799747591414952e-11	7.935521254815233e-20
0.0004737905355558613	3.181505505970667e-10	-2.0366868284171535e-11	1.016345821689215e-19
0.000488830261595229	3.600495934374265e-10	-2.3047976123743456e-11	1.3016691893785674e-19
0.0005043473997869394	4.0746320771192815e-10	-2.6081771904957743e-11	1.6670652446459615e-19
0.0005203571048194891	4.611166362190114e-10	-2.9514607471446485e-11	2.134996642521297e-19
0.0005368750124428274	5.218304072498886e-10	-3.3398919282484226e-11	2.734224617398224e-19
0.0005539172547388857	5.905328378629633e-10	-3.77940259439453e-11	3.501574209915366e-19
0.0005715004758768466	6.68274175192448e-10	-4.276703007385592e-11	4.484193920904847e-19
0.0005896418483685365	7.562425899469209e-10	-4.8393838118267815e-11	5.742448184174439e-19
0.0006083590898398229	8.557822641785427e-10	-5.4760313504434816e-11	7.35361975617657e-19
0.0006276704803343917	9.684138469576247e-10	-6.19635805190111e-11	9.416648642900018e-19
0.0006475948801668037	1.0958575872397556e-09	-7.011349855878694e-11	1.2058197541910914e-18
0.0006681517483422711	1.2400594934937222e-09	-7.933432895369474e-11	1.5440414831544398e-18
0.0006893611615611377	1.403220915166111e-09	-8.97666194440816e-11	1.9770869827260364e-18
0.0007112438338266278	1.5878319924676196e-09	-1.0156933464898802e-10	2.531526766044729e-18
0.0007338211366750103	1.7967094790383147e-09	-1.1492226453724186e-10	3.2413720789524998e-18
0.00075711512004794	2.0330395076434703e-09	-1.300287470625178e-10	4.150157114701852e-18
0.0007811485338273538	2.3004259431374024e-09	-1.471187458079349e-10	5.313603445227707e-18
0.0008059448500539623	2.6029450506031136e-09	-1.6645232877381646e-10	6.8030293142134725e-18
0.0008315282858510282	2.9452073010635057e-09	-1.8832360041115743e-10	8.7097118247096e-18
0.0008579238270758277	3.3324272438558316e-09	-2.1306514574019048e-10	1.1150468091921864e-17
0.0008851572527218854	3.7705024952326295e-09	-2.410530529962654e-10	1.4274795640914306e-17
0.0009132551600958224	4.2661030287671295e-09	-2.7271258982454526e-10	1.8274007208704888e-17
0.0009422449907934024	4.826772106691412e-09	-3.085246177251872e-10	2.3392916409676727e-17
0.0009721550575001456	5.4610403646270634e-09	-3.490328403718335e-10	2.994478578774412e-17
0.0010030145716426863	6.178554757811416e-09	-3.9485199374614736e-10	3.8330446992239397e-17
0.001034853671917878	6.9902242977292325e-09	-4.466770999273634e-10	4.906275616416366e-17
0.00106770345372751	7.908384757242335e-09	-5.0529392204827e-10	6.279787141624183e-17
0.0011015959995473816	8.9469848034871e-09	-5.715907756025987e-10	8.037525308858308e-17
0.0011365644102603956	1.0121796335057204e-08	-6.4657187121652e-10	1.0286881623302588e-16
0.0011726428374842686	1.1450652157896208e-08	-7.31372386463439e-10	1.3165234040881432e-16
0.0012098665169254358	1.2953714538057996e-08	-8.272754896266849e-10	1.6848310506923215e-16
0.0012482718027917198	1.4653778624869358e-08	-9.357315668588058e-10	2.1560882155189414e-16
0.0012878962032973767	1.6576615251593792e-08	-1.0583799363536739e-09	2.7590434128904794e-16
0.0013287784172951928	1.8751358199814512e-08	-1.1970733693930058e-09	3.5304641898946084e-16
0.0013709583720714067	2.1210941666714388e-08	-1.3539057789631135e-09	4.517371072470702e-16
0.0014144772623403757	2.399259441055117e-08	-1.5312434826344418e-09	5.779892931523217e-16
0.0014593775904770615	2.713839787938961e-08	-1.7317604982001056e-09	7.394916338831848e-16
0.0015057032080266334	3.069591656334151e-08	-1.958478388903569e-09	9.460749312634257e-16
0.001553499358531729	3.471890986442621e-08	-2.2148112407617013e-09	1.2103080910063559e-15
0.0016028127217191962	3.9268135965583134e-08	-2.5046164284187045e-09	1.5482596056650286e-15
0.0016536914590894749	4.4412259518066964e-08	-2.832251909170603e-09	1.98047044637713e-15
0.0017061852609531374	5.02288764732207e-08	-3.2026408784249884e-09	2.5331969403582225e-15
0.0017603453949605356	5.680567108154357e-08	-3.6213447251909692e-09	3.2399984046431833e-15
0.0018162247561719369	6.424172199272976e-08	-4.0946453446689896e-09	4.143764965089798e-15
0.001873877918717061	7.264897654152534e-08	-4.629637998242043e-09	5.299307340525865e-15
0.0019333611890944675	8.215391472565186e-08	-5.234336060963996e-09	6.776663978748785e-15
0.0019947326611628427	9.289942710711784e-08	-5.917789165018687e-09	8.665323785432314e-15
0.002058052272877904	1.0504693393448685e-07	-6.6902164368467035e-09	1.1079617325008298e-14
0.0021233818648303216	1.1877877623312233e-07	-7.563156738234637e-09	1.4165599023285249e-14
0.0021907852406418352	1.34300913490193e-07	-8.549638060462796e-09	1.8109831675265222e-14
0.0022603282292785487	1.5184596692405008e-07	-9.664368488772016e-09	2.3150597689386483e-14
0.002332078749342263	1.7167665223256617e-07	-1.0923951455469534e-08	2.9592205637182925e-14
0.002406106875402632	1.9408965122827698e-07	-1.2347128337889512e-08	3.7823244292106515e-14
0.0024824849064349307	2.194199779636836e-07	-1.395505183655549e-08	4.833987020134435e-14
0.0025612874364302663	2.48045901910607e-07	-1.5771593994166934e-08	6.177551263176332e-14
0.002642591427247204	2.8039449857555364e-07	-1.7823693192920726e-08	7.893875887047152e-14
0.0027264762837759474	3.169479067120318e-07	-2.0141745002277083e-08	1.0086166546087556e-13
0.0028130239314884866	3.58250381146134e-07	-2.276004234837603e-08	1.2886135511905018e-13
0.002902318896450453	4.049162412923858e-07	-2.57172711474604e-08	1.6461854049762557e-13
0.0029944483878728257	4.5763882784672923e-07	-2.905706829726768e-08	2.1027760997096035e-13
0.0030895023832841046	5.172005940630033e-07	-3.282864976175648e-08	2.685741747443036e-13
0.00318757371640614	5.844844736272805e-07	-3.708751742611005e-08	3.4299758386019116e-13
0.003288758167819449	6.604866846401826e-07	-4.189625445222609e-08	4.3799795672410564e-13
0.0033931545585065446	7.463311488227276e-07	-4.732542004263594e-08	5.592498790852644e-13
0.003500864846364656	8.432857270232644e-07	-5.345455583715622e-08	7.139882069409034e-13
0.003611994225782093	9.52780496696242e-07	-6.037331763724625e-08	9.114356123672655e-13
0.0037266512303755	1.0764283245531144e-06	-6.818274779538102e-08	1.1633468249971536e-12
0.0038449478389883406	1.2160480183905603e-06	-7.699670543993712e-08	1.484701275680213e-12
0.003966999585054142	1.3736903765575693e-06	-8.69434737513302e-08	1.894584418274825e-12
0.004092925669431287	1.5516674920480163e-06	-9.816756578582249e-08	2.4173088768508947e-12
0.0042228490768195836	1.7525857112614085e-06	-1.1083175288533589e-07	3.083840352765293e-12
0.004356896695872276	1.9793826955734456e-06	-1.251193425431555e-07	3.933610705414031e-12
0.004495199443120843	2.23536908756621e-06	-1.4123673574784552e-07	5.016822773171298e-12
0.004637892390833568	2.5242753437111483e-06	-1.5941629733535646e-07	6.3973795667241506e-12
0.004785114898932785	2.8503043621677595e-06	-1.7991957677986774e-07	8.156606011101206e-12
0.004937010751099636	3.218190608919708e-06	-2.0304092118869014e-07	1.0397976411016155e-11
0.005093728295199241	3.633266528558271e-06	-2.291115270807636e-07	1.325311775938315e-11
0.005255420588163462	4.1015371185659305e-06	-2.5850398287135024e-07	1.6889431044134468e-11
0.005422245545472709	4.62976364896784e-06	-2.916373599113813e-07	2.1519763795000087e-11
0.005594366095382843	5.225557623823246e-06	-3.2898291649733345e-07	2.741468223924434e-11
0.005771950338047744	5.897486208448433e-06	-3.7107048654042133e-07	3.491803688482082e-11
0.005955171709692977	6.655190487839954e-06	-4.184956326316862e-07	4.44666990239672e-11
0.00614420915200089	7.509518078970656e-06	-4.7192765213745277e-07	5.66155774872391e-11
0.006339247286872569	8.472671794065168e-06	-5.321185347889144e-07	7.206931746501337e-11
0.006540476596737347	9.55837624537578e-06	-5.999129810780082e-07	9.172245203302989e-11
0.006748093610585924	1.0782064496277862e-05	-6.762596027336434e-07	1.1671024185218505e-10
0.006962301095908845	1.2161087100755894e-05	-7.62223439729041e-07	1.4847302404424376e-10
0.007183308256727727	1.371494613580066e-05	-8.589999427708184e-07	1.8883762840959372e-10
0.007411330937912704	1.5465557121314544e-05	-9.679305861591154e-07	2.4012034669226536e-10
0.0076465918359855745	1.743754204244748e-05	-1.0905202934083927e-06	3.052571069924589e-10
0.007889320716614577	1.965855704268706e-05	-1.2284568772105907e-06	3.87967971299747e-10
0.008139754639013185	2.2159658745537992e-05	-1.383632716343293e-06	4.92964915212434e-10
0.008398138187462092	2.497571359150159e-05	-1.558168915119134e-06	6.262141597727608e-10
0.008664723710180476	2.814585504877908e-05	-1.7544422160890404e-06	7.952672239164782e-10
0.008939771565779873	3.171399407437222e-05	-1.975114964106417e-06	1.0096784992707533e-09
0.009223550377541313	3.5729388770962684e-05	-2.2231684496921576e-06	1.281531699902301e-09
0.009516337295764113	4.0247279808260976e-05	-2.501939992074499e-06	1.6261032356883934e-09
0.009818418268442462	4.532959885978209e-05	-2.8151641574781497e-06	2.0626976820223076e-09
0.010130088320534265	5.1045758051783966e-05	-3.1670185463680346e-06	2.615699421554307e-09
0.010451651842094884	5.7473529235133694e-05	-3.562174624575849e-06	3.3158956507977396e-09
0.010783422885557248	6.470002277803894e-05	-4.005854117707648e-06	4.202139814691112e-09
0.01112572547244864	7.282277654291453e-05	-4.503891536093588e-06	5.323441822388158e-09
0.011478893909843723	8.195096675924038e-05	-5.0628034489281176e-06	6.741592931536601e-09
0.011843273116862865	9.220675364122803e-05	-5.6898651812726745e-06	8.534459982835177e-09
0.012219218961534608	0.00010372677582952476	-6.393195666340166e-06	1.0800116974816592e-08
0.012607098608351365	0.00011666380906499834	-7.18185124800588e-06	1.3662023332902872e-08
0.013007290876857633	0.0001311886059345936	-8.065929294806972e-06	1.727550954245091e-08
0.013420186611621084	0.00014749193506871777	-9.056682556766884e-06	2.1835894409248902e-08
0.013846189063947772	0.0001657868398205098	-1.0166645270115976e-05	2.7588636933719748e-08
0.014285714285714284	0.00018631113822294485	-1.1409772092207292e-05	3.4842023125125374e-08
0.014739191535701468	0.0002093301879024562	-1.2801591029392972e-05	4.398300830016146e-08
0.015207063698826562	0.00023513994162902124	-1.4359371603978336e-05	5.5496983702160656e-08
0.015689787718683224	0.00026407032130254375	-1.6102309592135964e-05	6.999241896702969e-08
0.016187835043811806	0.0002964889404123981	-1.8051729752235305e-05	8.823155673391429e-08
0.016701692088135777	0.0003328052073577932	-2.023130805166405e-05	1.1116861186994506e-07
0.01723186070601401	0.0003734748444755247	-2.266731498894964e-05	1.3999726662482562e-07
0.01777885868237279	0.00041900486018041166	-2.5388881695699596e-05	1.7620966816856456e-07
0.018343220238396307	0.0004699590142708344	-2.842829058821156e-05	2.2166964280018212e-07
0.018925496553269507	0.0005269638191722817	-3.182129241995872e-05	2.7870346136791377e-07
0.019526256302482805	0.0005907151226665227	-3.5607451661659685e-05	3.502122467607624e-07
0.02014608621322444	0.0006619853204589993	-3.9830522203128046e-05	4.398110350021779e-07
0.02078559163740288	0.0007416312497430474	-4.45388554280761e-05	5.520006202382775e-07
0.021445397142858896	0.0008306028176911932	-4.9785842756688205e-05	6.923796708955433e-07
0.02212614712334476	0.000929952421498952	-5.563039477788286e-05	8.679062470749077e-07
0.02282850642786619	0.0010408452191754804	-6.213745910016798e-05	1.0872198341038787e-06
0.023553161010001832	0.0011645703126600972	-6.937857903287686e-05	1.3610374003578578e-06
0.024300818597834294	0.0013025529069766945	-7.743249516396089e-05	1.702639866780754e-06
0.02507220938514712	0.001456367510942087	-8.638579182160212e-05	2.128468831956295e-06
0.025868086744562677	0.0016277522463310587	-9.633359028947037e-05	2.6588575360538673e-06
0.026689227963317463	0.0018186243332701537	-0.00010738029048386288	3.3189249923467098e-06
0.027536435002393497	0.0020310968198714134	-0.00011964036258921924	4.139668108052249e-06
0.02841053527974703	0.002267496623600197	-0.00013323918988022648	5.159293619758232e-06
0.02931238247839967	0.0025303839504577015	-0.00014831396362724306	6.424839968540747e-06
0.03024285738018107	0.0028225731555939857	-0.00016501463058010257	7.994149046985278e-06
0.0312028687259374	0.003147155105281072	-0.0001835048930463484	9.938259302468666e-06
0.03219335410304584	0.0035075210950827654	-0.00020396326101627867	1.2344305244294997e-05
0.03321528086110173	0.003907388372357098	-0.00022658415513147169	1.531902427178809e-05
0.034269647056672826	0.00435082730270283	-0.00025157905853836137	1.899299024063943e-05
0.035357482428043215	0.0048422902093825	-0.0002791777148067143	2.3525714668326315e-05
0.03647984940089896	0.005386641901876757	-0.00030962936811753126	2.9111781324655304e-05
0.03763784412593759	0.005989191894292032	-0.000343204040829311	3.5988208560294945e-05
0.03883259754941493	0.006655728296089676	-0.0003801938423096191	4.444326650909893e-05
0.04006527651767466	0.007392553336256442	-0.0004209143015649709	5.482701367865817e-05
0.04133708491673944	0.00820652045731695	-0.00046570571471143935	6.756385982907649e-05
0.04264926484807651	0.00910507288722325	-0.0005149344966974194	8.316750981753695e-05
0.04400309784168616	0.010096283564876265	-0.000568994524916139	0.00010225869659177512
0.045399906107697695	0.011188896258584	-0.0006283084604278931	0.00012558617100680031
0.046841053827695336	0.012392367675908952	-0.0006933290304515937	0.00015405148175938
0.04832794848703527	0.013716910317900705	-0.0007645402535855117	0.0001887381504686834
0.04986204224945488	0.015173535780490088	-0.0008424585868845075	0.00023094592455242838
0.0514448333753168	0.016774098150734478	-0.0009276339714658397	0.0002822308735554913
0.05307786768487292	0.018531337085614465	-0.0010206507507528053	0.00034445218213568227
0.05476274006797729	0.02045892009623987	-0.0011221284328158125	0.00041982658372406126
0.05650109604172253	0.02257148349077776	-0.0012327222655620176	0.0005109914711584652
0.05829463335752086	0.02488467135543529	-0.0013531235907939777	0.0006210778119199848
0.06014510365919943	0.027415171874820392	-0.0014840599404518026	0.0007537940828327968
0.06205431419372918	0.030180750211520065	-0.001626294835730782	0.000913522518222893
0.06402412957625807	0.033200277080506324	-0.001780627247299763	0.0011054290316162198
0.06605647361117258	0.03649375206791161	-0.001947890672621761	0.0013355882180666899
0.06815333117096575	0.04008232065690916	-0.002128951784500305	0.0016111248649440136
0.07031675013474702	0.04398828383718918	-0.002324708603561512	0.001940373385032592
0.07254884338828686	0.04823509909033167	-0.0025360881465666023	0.0023330565273412705
0.07485179088754984	0.05284737146292622	-0.0027640435023786407	0.0028004846070235506
0.07722784178773094	0.05785083336443288	-0.0030095502882357024	0.0033557763138967996
0.07967931663987515	0.06327231165951772	-0.0032736024408675005	0.004014101895679995
0.08220860965722472	0.06913968056705017	-0.0035572073000852147	0.004792949152689513
0.08481819105350867	0.0754817988323071	-0.003861379946909284	0.005712412210055271
0.08751060945545694	0.08232842960741255	-0.0041871367641823885	0.00679550243590465
0.09028849439189633	0.08971014145986345	-0.004535488195005334	0.008068480133915742
0.09315455886185875	0.09765818893230867	-0.004907430683232857	0.00956120474144923
0.09611160198420989	0.1062043711006451	-0.005303937790599691	0.011307500196970091
0.09916251173138622	0.1153808666239741	-0.005725950496650814	0.013345530891989395
0.1023102677499101	0.1252200438509751	-0.006174366700260815	0.01571818218618942
0.1055579442704378	0.1357542446447571	-0.00665002995478002	0.018473437837468035
0.1089087131101819	0.1470155407143259	-0.0071537174822758655	0.021664744885341838
0.1123658467706413	0.1590354613978095	-0.007686127525400675	0.025351354538350877
0.1159327216336635	0.1718446920333729	-0.008247866107511324	0.029598625475372214
0.1196128212589609	0.185472742281897	-0.00883943328218068	0.03447827371031711
0.1234097397863014	0.1999475840356151	-0.009461208961609202	0.0400685508366946
0.1273271854456962	0.2152952588648752	-0.010113438419216483	0.0464543301263529
0.1313689841790128	0.2315394553284348	-0.010796217564609668	0.053727077687490646
0.1355390833765503	0.2487010569102941	-0.011509478089208314	0.06198468379418331
0.139841555732227	0.2667976618587481	-0.012252972578428062	0.07133112771030259
0.1442806032211436	0.2858430768032729	-0.013026259682283409	0.08187594799767206
0.1488605612034087	0.3058467867251281	-0.013828689431819252	0.09373348960148771
0.1535859026582336	0.3268134046712961	-0.01465938878563926	0.10702189915241288
0.1584612425524314	0.3487421055405047	-0.015517247491103768	0.1218618411465247
0.1634913423475874	0.371626049343603	-0.016400904350971295	0.13837491021426374
0.1686811146503022	0.3954518005524806	-0.017308734000953063	0.15668171883291462
0.1740356280100496	0.4201987514985806	-0.018238834329352176	0.17689964583865944
0.1795601118693348	0.4458385592502515	-0.019189014708805886	0.19914023919983478
0.1852599616709876	0.4723346069612703	-0.020156785263569475	0.22350627692541933
0.1911407441275779	0.4996415022989927	-0.021139347464138782	0.2500885028308039
0.1972082026581013	0.5277046271705526	-0.022133586423261464	0.27896206918516786
0.203468262997243	0.5564597544915683	-0.023136065360785423	0.3101827358891949
0.2099270389826991	0.5858327490877252	-0.024143022804674945	0.3437828954538287
0.216590838526207	0.6157393708723485	-0.02515037319524736	0.37976751411413584
0.2234661697741167	0.6460851990763358	-0.026153711650719023	0.4181101010986174
0.2305597474635201	0.6767656963864491	-0.027148323724398724	0.4587488392864802
0.2378784994801449	0.7076664312397241	-0.028129201026179097	0.5015830298539383
0.2454295736244182	0.7386634751007417	-0.029091063581902808	0.5464700194282304
0.2532203445923091	0.7696239892101397	-0.030028389752877596	0.59322278895888
0.2612584211777659	0.8004070119652082	-0.03093545442510294	0.6416083871435606
0.269551653703784	0.8308644537481554	-0.03180637599748464	0.6913473860563141
0.2781081416893602	0.8608423006831954	-0.03263517244763105	0.7421145211262237
0.2869362417598238	0.8901820225707263	-0.03341582643548135	0.7935406507644753
0.2960445758082669	0.9187221732770758	-0.034142359026630584	0.8452161323508567
0.3054420394160477	0.9463001643847136	-0.03480891119206374	0.896695661412913
0.3151378105405883	0.9727541852278556	-0.03540983178858724	0.9475045610656052
0.3251413584789532	0.9979252349097808	-0.03593977026794998	0.9971464415566542
0.3354624531159625	1.0216592249170595	-0.03639377193027951	1.04511207849344
0.3461111744658711	1.0438091049303175	-0.03676737315836568	1.0908892872643972
0.3570979225169342	1.0642369597933798	-0.037056693773024646	1.1339735051436437
0.3684334273884723	1.082816022720975	-0.03725852346345817	1.1738787366319483
0.3801287598103556	1.0994325490149173	-0.037370399192865306	1.2101484765692725
0.3921953419351442	1.1139874960433744	-0.03739067057457065	1.2423662035870033
0.4046449584934414	1.1263979591250175	-0.03731855046515486	1.270165036529825
0.4174897683033563	1.1365983192224085	-0.03715414842632229	1.2932361700044892
0.4307423161453156	1.1445410668153986	-0.036898485254006165	1.311335751840971
0.4444155450138237	1.150197276678819	-0.03655348743876633	1.324289932723308
0.4585228087581333	1.1535567200804144	-0.03612196117390148	1.3319979025217326
0.4730778851241758	1.1546276135808031	-0.03560754632787873	1.3344328233987925
0.4880949892104862	1.1534360165200166	-0.03501465160067037	1.3316406700322803
0.5035887873512648	1.150024901733364	-0.034348372843922136	1.3237370853238584
0.519574411440135	1.14445293538197	-0.03361439719756338	1.310902449003363
0.5360674737085857	1.1367930113997506	-0.032818896239818846	1.2933754307177137
0.5530840819735318	1.127130593429878	-0.03196841173273503	1.2714453539943027
0.5706408553688846	1.1155619218811172	-0.03106973774891002	1.245443730154878
0.5887549405764958	1.1021921456753234	-0.03012980297775684	1.2157353310158519
0.6074440285723254	1.0871334373542425	-0.029155556835967485	1.182709157108066
0.6267263719041934	1.070503146639924	-0.028153862661756575	1.1467696269487557
0.6466208025179823	1.0524220416189327	-0.02713140078468429	1.1083282665939018
0.6671467501497074	1.0330126789223195	-0.026094583667456914	1.067796122111045
0.6883242613014116	1.012397935163826	-0.025049484655302406	1.0255770558054744
0.7101740188194211	0.9906997220958784	-0.024001781185722392	0.982062024860938
0.7327173620940814	0.9680378980664308	-0.02295671264886189	0.9376243827485159
0.7559763079007014	0.944529375100112	-0.02191905239958772	0.892616185285104
0.7799735719020605	0.9202874355261594	-0.020893093416910855	0.8473654853398429
0.8047325908334781	0.8954212083271357	-0.01988264541724383	0.8021744599108155
0.830277545392114	0.8700353241360945	-0.018891042648243525	0.7573183367369368
0.8566333838528505	0.844229709532115	-0.017921160150287514	0.7130449704378115
0.8838258464338268	0.8180995003416964	-0.016975436726649626	0.6695749579113938
0.9118814904354152	0.791735049528228	-0.016055902827880206	0.6271021806670841
0.9408277161771956	0.7652220058465966	-0.0151642116849897	0.5857946715479159
0.9706927937582585	0.7386414410245971	-0.014301672211056382	0.5457957162269258
1.0015058906669694	0.712070005547137	-0.013469282412335222	0.507225114368603
1.0332971002671627	0.6855800958823752	-0.012667762285563074	0.47018054007141036
1.0660974711885844	0.659240018971751	-0.011897585410521149	0.4347389551524753
1.0999390376502864	0.6331141428271468	-0.01115900866323868	0.4009580413220991
1.1348548507465903	0.6072630250098097	-0.01045209966705606	0.3688776279315148
1.1708790107261728	0.5817435135174583	-0.009776761760637853	0.3385211005901615
1.2080467002958	0.5566088171486158	-0.00913275639493252	0.30989678256695036
1.246394218981236	0.53190854471414	-0.00851972297518083	0.282999285619488
1.285959018578883	0.507688714532181	-0.007937196244350145	0.25781082994755966
1.3267797397327787	0.4839917374522221	-0.007384621363422697	0.23430253455470185
1.3688962496726695	0.4608563782114795	-0.006861366887452934	0.21243567969376648
1.4123496811500225	0.4383177011820597	-0.006366735864991076	0.19216294249509996
1.4571824726099956	0.4164070075167798	-0.005899975307056644	0.17342960561770338
1.5034384096386046	0.3951517712882062	-0.00546028427974454	0.15617473705662246
1.5511626677255657	0.374575582424628	-0.0050468208733409035	0.1403323373496769
1.6004018563845734	0.3546981040665051	-0.004658708291487286	0.12583244859131845
1.6512040646741095	0.3355350513922121	-0.004295040285719217	0.11260221808383039
1.7036189081632345	0.3170981980422001	-0.003954886135986662	0.10056690832595896
1.7576975773882364	0.2993954150375645	-0.0036372953463942393	0.08965084446295242
1.8134928878474563	0.2824307456365035	-0.0033413021903936123	0.07977829038111887
1.8710593315831228	0.2662045179733875	-0.0030659302022228614	0.0708742453174485
1.9304531304005643	0.2507134956756704	-0.0028101966735433128	0.0628651541192584
1.991732290776788	0.2359510650615625	-0.0025731171793985214	0.05567952603570461
2.054956660512037	0.2219074560424831	-0.0023537101255386686	0.049248458998601634
2.1201879871796656	0.2085699925985332	-0.002151001283758957	0.043506068619074925
2.187489978431412	0.195923367672145	-0.0019640282615701154	0.03838982340700676
2.2569283642169635	0.1839499366149504	-0.001791844840168778	0.03384078988857551
2.328570960978586	0.1726300228951321	-0.00163352510799342	0.029803793209052278
2.4024877378835066	0.1619422296553232	-0.001488167317216097	0.026227500387701472
2.47875088515874	0.151863750869147	-0.001354897395957058	0.023064434574999914
2.557434884595095	0.1423706762338911	-0.0012328720580157687	0.02027092942480688
2.638616582289218	0.1334382845415741	-0.0011212814649692675	0.017807033053521777
2.722375263694714	0.1250413210055458	-0.0010193514095090436	0.015636371036108015
2.808792731055653	0.11715425486911	-0.0009263450042960815	0.01372597754900337
2.89795338329807	0.1097515145059305	-0.0008415638752836736	0.012046103166101656
2.989944298457504	0.1028076981178894	-0.0007643488724470616	0.01057000702149789
3.0848553187230587	0.09629775898919267	-0.0006940803229904523	0.0092737401338354
3.182779138181059	0.0901971650343793	-0.0006301778618727564	0.008135925704376651
3.283811393343984	0.08448203307477878	-0.0005720998824720699	0.00713754121072354
3.3880507565530973	0.0791292388460435	-0.0005193426550718676	0.006261706157147578
3.4955990323460053	0.07411650420620734	-0.0004714391640016815	0.005493478450634105
3.6065612568832335	0.06942246334791655	-0.0004279577148696816	0.0048196615650985325
3.7210458005309537	0.06502671004355248	-0.0003885003621887397	0.00422862395161967
3.8391644737000328	0.06090982807399757	-0.0003527012051969999	0.00371013155414409
3.9610326360447714	0.05705340701536732	-0.0003202245957117411	0.0032551937958528636
4.086769309127985	0.053440045516952125	-0.00029076329743449363	0.00285592300814905
4.216497292662462	0.050053344090446886	-0.0002640366308344888	0.0025054069699790966
4.3503432844423084	0.046877889287902874	-0.00023978863269129	0.002197594002677247
4.488438004081345	0.043899230961514525	-0.00021778625401827403	0.0019271899098648347
4.63091632067936	0.04110385411161262	-0.0001978176152811237	0.001689565954637649
4.777917384540928	0.0384791466267982	-0.00017969033316197198	0.0014806770137424674
4.929584763075459	0.03601336403163825	-0.00016322992917835644	0.001296989032885075
5.08606658101113	0.03369559217476439	-0.00014827832695619755	0.001135414918470288
5.247515665059734	0.03151570862000251	-0.00013469244190130922	0.0009932580318748059
5.414089693173651	0.029464343359063297	-0.00012234286472976346	0.0008681624973573278
5.585951348540752	0.02753283932742616	-0.0001111126382617546	0.000758069587448246
5.763268478467644	0.025713213094242023	-0.00010089612544090348	0.0006611795076580284
5.946214258306377	0.02399811600146247	-9.159796543389584e-05	0.0005759179618069206
6.1349673605847705	0.022380795945462245	-8.313211381369733e-05	0.0005009069381007664
6.3297121295055065	0.020855059930049755	-7.542096232323012e-05	0.0004349392130075246
6.530638760984414	0.019415237471107752	-6.839453344576343e-05	0.0003769561238717118
6.7379434884037765	0.018056144888617284	-6.198974474572438e-05	0.0003260282109671937
6.951828774262103	0.01677305049824195	-5.6149738020240766e-05	0.0002813383758096542
7.172503507907492	0.01556164069576098	-5.082326838509056e-05	0.00024216724414857362
7.400183209547744	0.014417986915486444	-4.596414849361736e-05	0.00020788045939808505
7.635090240736435	0.013338513447495126	-4.153074341385079e-05	0.00017791766579165682
7.8774540215405535	0.012319966098277594	-3.7485511859302574e-05	0.0001517829698263086
8.12751125460176	0.011359381697809168	-3.3794589841209657e-05	0.00012903669463082442
8.385506156310127	0.010454058463112008	-3.042741297970808e-05	0.00010928826417762443
8.651690695316113	0.009601527256372372	-2.735637415472715e-05	9.219007402606846e-05
8.926324838613727	0.00879952379112593	-2.455651339495165e-05	7.743222197294138e-05
9.209676805435203	0.008045961863433305	-2.2005237192545465e-05	6.473798653828704e-05
9.502023329205167	0.007338907707502095	-1.9682064743521527e-05	5.385995372290622e-05
9.80364992781011	0.0066765555944393856	-1.7568398857224194e-05	4.4576703254278265e-05
10.114851182447136	0.006057204808595034	-1.564731949675935e-05	3.668997493187424e-05
10.435931025324336	0.005479238149034896	-1.3903398140204482e-05	3.00222439983192e-05
10.767203036493733	0.004941102112600522	-1.2322531356374612e-05	2.4414641931924372e-05
11.108990750106727	0.004441288912769394	-1.0891792106381336e-05	1.9725165837823632e-05
11.461627970391127	0.0039783204862735965	-9.599297458933808e-06	1.582712603801589e-05
11.825459097658367	0.003550734626014598	-8.434091516560449e-06	1.2607787518278738e-05
12.200839464659309	0.003157073356084342	-7.386042404519555e-06	9.96716672932005e-06
12.58813568361712	0.0027958736417987417	-6.445752293826634e-06	7.816950968627591e-06
12.987726004276176	0.0024656604885324998	-5.604479433670306e-06	6.079513054900047e-06
13.400000683316607	0.002164942446020936	-4.854071230427401e-06	4.686999356590623e-06
13.82536236549538	0.0018922094871426007	-4.186907415678837e-06	3.5804742734261715e-06
14.264226476886058	0.0016459331817424868	-3.5958523572277693e-06	2.709108968915121e-06
14.71702163060134	0.0014245690347705984	-3.0742155693069382e-06	2.029406385628601e-06
15.184190045394628	0.001226560807065424	-2.615719476230039e-06	1.5044582554173628e-06
15.666187977549408	0.0010503465885099898	-2.2144734828924685e-06	1.1032328598873805e-06
16.163486166478304	0.0008943663492963315	-1.8649534089829395e-06	7.998946448048653e-07
16.676570294466934	0.0007570706578169566	-1.5619853548612536e-06	5.731584207256482e-07
17.205941461011626	0.00063693022540545	-1.3007330888356315e-06	4.0568180394160576e-07
17.752116672214225	0.0005324459204980854	-1.0766880809095003e-06	2.8349981751227704e-07
18.315629345711937	0.0004421588886503738	-8.856613556893004e-07	1.955052672085706e-07
18.897029831635397	0.0003646604223983788	-7.237764056695071e-07	1.3297774751604947e-07
19.49688595010369	0.0002986012439343626	-5.874624805210706e-07	8.916304799131471e-08
20.115783545781365	0.0002426998962327201	-4.734476653605332e-07	5.8903463784064935e-08
20.754327060038847	0.00019574998151762377	-3.787512655223197e-07	3.831819871667118e-08
21.413140121275315	0.0001566260380450461	-3.0067512422987845e-07	2.453180619921856e-08
22.092866153980346	0.0001242879064113861	-2.3679362115431905e-07	1.5447539751344488e-08
22.794169007129277	9.778349967854025e-05	-1.8494221383019893e-07	9.561647013005539e-09
23.517733602525997	7.624995654104003e-05	-1.4320449662406684e-07	5.814076380038346e-09
24.26426660372632	5.891321923407748e-05	-1.0989785480397409e-07	3.4707794780609675e-09
25.034497106195268	4.508613519847107e-05	-8.355788046536002e-08	2.0327665690542e-09
25.829177349372326	3.4165231474803364e-05	-6.292179052176453e-08	1.1672670008786169e-09
26.649083451340047	2.562635036110596e-05	-4.691114083624306e-08	6.567120334852902e-10
27.495016166813528	1.901936164349685e-05	-3.461416007885919e-08	3.617373154661971e-10
28.367801669191113	1.3962185261664816e-05	-2.5268047110793918e-08	1.94943255755255e-10
29.268292357429967	1.0134366157218788e-05	-1.82415762822342e-08	1.0270571016368676e-10
30.197367688534737	7.270418396861232e-06	-1.3018275356183073e-08	5.285915314091149e-11
31.155935036472133	5.153124195397416e-06	-9.180483283541943e-09	2.6554773254463582e-11
32.14493057835044	3.607121870652933e-06	-6.394631359594505e-09	1.301136908105294e-11
33.16532020872938	2.4927865580660248e-06	-4.397562391762618e-09	6.214004162629648e-12
34.218100482953304	1.6998894819184157e-06	-2.9841725535057044e-09	2.8896331560226886e-12
35.30429959042893	1.1436426553053884e-06	-1.9968954782237158e-09	1.3079225106255104e-12
36.42497835879832	7.604284034312714e-07	-1.3172812275116316e-09	5.782530919748649e-13
37.581231289987656	4.974822489064905e-07	-8.566417350348494e-10	2.474893218121216e-13
38.77418762914375	3.217218119129353e-07	-5.420598145516743e-10	1.0350521808938466e-13
40.005012467502326	2.130380234790481e-07	-3.411524447132768e-10	4.538531583284998e-14
41.27490788026494	1.2971577051356246e-07	-2.006484653063698e-10	1.682622137973383e-14
42.58511410059612	7.443259538375345e-08	-1.1513469775796157e-10	5.540224511560184e-15
43.93691073088712	4.1963924357613856e-08	-6.49111282864982e-11	1.7609751609461128e-15
45.33161799246937	2.32321019478002e-08	-3.59361516584435e-11	5.397318523199779e-16
46.77059801499798	1.2622622698765877e-08	-1.9525072877579775e-11	1.5933098502387043e-16
