r	P
0.0002318435302371415	0.024880379080173837
0.0002467961532733923	0.0264535917298158
0.0002627131376417689	0.028124113831400656
0.0002796566793045879	0.02989767463410552
0.00029769298551910264	0.03178030142205136
0.0003168925335437993	0.033778329489384244
0.0003373303460298163	0.03589841158247544
0.00035908628417358353	0.03814752662939951
0.00038224535977618353	0.0405329875481313
0.00040689806742881106	0.04306244789249712
0.0004331407381223549	0.04574390705843228
0.0004610759156628384	0.04858571373211536
0.0004908127573635697	0.0515965672156169
0.0005224674605797158	0.05478551621434405
0.0005561637167519928	0.05816195461327711
0.000592033194733658	0.0617356137052684
0.000630216055289417	0.06551655026396938
0.0006708614987766557	0.06951512977574636
0.0007141283481490804	0.0737420040587048
0.00076018566956086	0.07820808240218144
0.0008092134329962982	0.08292449525632474
0.0008614032155064582	0.0879025493882963
0.0009169589498006512	0.09315367329891833
0.0009760977211179329	0.09868935156114528
0.0010390506154923898	0.1045210465996277
0.0011060636227268404	0.110660106279206
0.0011773985976033354	0.1171176555100954
0.001253334283086409	0.1239044699099069
0.00133416739951727	0.1310308293891345
0.001420213804054984	0.1385063493496325
0.0015118097248951851	0.1463397870080362
0.001609313075089058	0.1545388201821694
0.001713104851096363	0.1631097957135559
0.0018235906215373831	0.1720574445499935
0.00194120211196112	0.1813845603872316
0.0020663988918222585	0.1910916386786606
0.002199670170258799	0.2011764727794306
0.002341536707687396	0.2116337040122633
0.0024925528506860007	0.2224543225451697
0.002653308698115162	0.2336251161788437
0.0028244324069421497	0.2451280644801252
0.0030065926467779517	0.2569396761987407
0.0032005012127183097	0.2690302686035739
0.00340691580669853	0.2813631883134951
0.0036266429982302543	0.2938939744234853
0.0038605413760893575	0.306569466292574
0.004109524903270249	0.3193268603249541
0.004374566488316133	0.3320927225041977
0.004656701786980283	0.3447819664021835
0.004957033249073405	0.3572968099523188
0.005276734426310233	0.3695257285256329
0.005617054557988352	0.3813424268520259
0.005979323452417908	0.3926048581558972
0.006364956683176467	0.4031543255838003
0.006775461120493547	0.412814708632381
0.007212440819378773	0.421391865852247
0.00767760328750169	0.428673274584326
0.00817276615731509	0.4344279788051332
0.008699864288493318	0.4384069271729721
0.009260957328438504	0.4403437948469667
0.00985823776039753	0.4399563942514119
0.01049403947063798	0.4369487911975996
0.011170846868159437	0.4310142530044144
0.011891304592575643	0.4218391636295612
0.012658227848101266	0.4091080462565621
0.013474613404023537	0.3925098349406951
0.014343651304643372	0.3717455321779212
0.015268737334442794	0.3465373767063832
0.0162534862871866	0.3166396232686326
0.01730174609080755	0.2818510009798603
0.018417612843268368	0.2420288666901196
0.019605446818153585	0.1971050015405296
0.020869889502533268	0.1471029101293346
0.022215881733674663	0.09215637000103508
0.02364868300547117	0.03252884290709213
0.025173892020029013	-0.031366802072116645
0.026797468564717403	-0.09894898880568889
0.0285257568001672	-0.1694494990559029
0.030365510050216434	-0.241898063776044
0.03232391719066996	-0.3151108675144211
0.034408630739987914	-0.387684568459758
0.036627796761667865	-0.4579976246691085
0.038990086695164954	-0.5242208539918235
0.04150473123973005	-0.5843392133011969
0.044181556423567615	-0.6361867300850208
0.04703102199925448	-0.6774963216944222
0.050064262315450345	-0.7059658591661796
0.053293129824607086	-0.7193412397464884
0.05673024139668436	-0.7155163963998744
0.06038902761984307	-0.692649074644798
0.06428378528076052	-0.6492898433733165
0.06842973322963503	-0.5845201959227285
0.07284307184817379	-0.4980937910866667
0.07754104635293653	-0.3905729727733361
0.08254201418139383	-0.2634508340692557
0.0878655167240131	-0.1192474557895683
0.09353235568266646	0.03843219390544106
0.0995646743537328	0.2048915664493492
0.1059860441535096	0.3743991696378091
0.1128215567240346	0.5403185413825184
0.1200979219792218	0.6953179045750355
0.127843572474431	0.8316606246441226
0.1360887745072956	0.9415710084459624
0.1448657463839382	1.0176624651374553
0.1542087843127021	1.0534072160249464
0.1641543964173308	1.0436193294125276
0.1747414453932543	0.9849166323842002
0.1860113003644169	0.8761227322013619
0.1980079985340274	0.7185686210001104
0.2107784172608878	0.5162547743909599
0.2243724572336916	0.2758399568911143
0.2388432374590491	0.006432787619338066
0.2542473028251603	-0.2808230392598336
0.2706448450521942	-0.5733593169516457
0.2880999378927434	-0.8579559502290639
0.3066807875014048	-1.1216181310486413
0.3264599989518109	-1.3524803879085456
0.3475148599425328	-1.54064809779772
0.3699276428004422	-1.6788876942074338
0.3937859259616159	-1.7630913716090304
0.4191829361859786	-1.792468784684889
0.4462179128428929	-1.7694521600173017
0.4749964956911519	-1.6993357747400952
0.5056311376686321	-1.5896996841881856
0.5382415443045921	-1.4496868593507612
0.5729551414716298	-1.2892114394048244
0.6099075733050483	-1.1181749785602055
0.649243232235262	-0.9457598310651436
0.6911158232043573	-0.7798563438618032
0.7356889642714936	-0.6266645049608026
0.7831368259540239	-0.4904916224999087
0.8336448118025784	-0.373746214900966
0.8874102828694665	-0.2771064202675498
0.9446433289012772	-0.1998220031844279
1.0055675892691307	-0.1400960695514393
1.0704211268443795	-0.09548865815968208
1.1394573582344534	-0.0632901536721104
1.2129460440137578	-0.040826164078471214
1.2911743428189837	-0.025673431135477296
1.3744479334277164	-0.015784173447983933
1.463092209204907	-0.009530402156590638
1.5574535495845132	-0.005688210318419067
1.6579006735546655	-0.0033846238237002
1.7648260804351286	-0.002027505912799781
1.8786475835769192	-0.0012341111800147852
1.9998099429770564	-0.00076808290354222
2.128786603187917	-0.0004894250312237336
2.2660815433121098	-0.0003180662997125855
2.412231246311772	-0.00020928293363593292
2.5678067953274035	-0.0001382530447175614
2.733416105197647	-9.0969763204371e-05
2.9097062978997323	-5.9206867292173885e-05
3.0973662311926637	-3.7865109599161904e-05
3.2971291903438837	-2.3615578443964467e-05
3.509775753457392	-1.4204216484489958e-05
3.7361368415996488	-8.07726376341787e-06
3.977096965641699	-4.1604356839672845e-06
4.23359768250462	-1.7153535489243414e-06
4.50664127431366	-2.3956802912992587e-07
4.797294664837412	6.051489739591839e-07
5.1066935885156335	1.0442982353920494e-06
5.436047028366252	1.227126287522428e-06
5.786641940112772	1.2519534075950389e-06
6.159848280991737	1.1833973562942856e-06
6.557124362890405	1.0638602892102884e-06
6.980022550732136	9.210673905399137e-07
7.430195328376063	7.729608144274574e-07
7.909401755733682	6.30865910455444e-07
8.419514342333693	5.015538228054053e-07
8.962526364193662	3.8861253100170323e-07
9.540559652589383	2.9339055803848004e-07
10.155872885156697	2.1567739649664569e-07
10.810870411723435	1.5421831359075734e-07
11.508111649358636	1.0711820739570215e-07
12.250321083350336	7.216243617292878e-08
13.040398913191062	4.706724433627631e-08
13.881432385170362	2.966522498007505e-08
14.776707855856776	1.8029591670070015e-08
15.72972363360754	1.0542643251994078e-08
16.744203648284525	5.916733310186303e-09
17.824112002591082	3.1787216494124065e-09
18.97366846188952	1.6302455717033336e-09
20.197364943025935	7.957831457058787e-10
21.499983066592936	3.6855654203400565e-10
22.88661284121599	1.6140299476863876e-10
24.36267255287275	6.661092020552824e-11
25.933929936963263	2.572439405414025e-11
27.606524715861383	9.734472836773371e-12
