r	P
0.00025438387345464136	0.0005125160202028219
0.00027079022373052773	0.0005804139434473041
0.0002882546926902742	0.0006572819370944108
0.00030684552312586726	0.0007442999006757469
0.0003266353591112376	0.0008428018761194178
0.0003477015298605576	0.0009542959671643569
0.00037012635189382617	0.0010804867880394855
0.00039399745069045966	0.0012233007532809702
0.00041940810308775694	0.001384914557087988
0.0004464576017621676	0.0015677872310107294
0.00047525164321758374	0.0017746962133468184
0.0005059027407967255	0.00200877791271966
0.0005385306643294724	0.002273573302249276
0.0005732629081360769	0.0025730791398188486
0.0006102351892139919	0.002911805474484392
0.0006495919775549859	0.003294840169333271
0.000691487060664777	0.0037279212472811647
0.0007360841444910528	0.004217517948544949
0.0007835574931080188	0.004770921476879408
0.0008340926096570547	0.005396346506023185
0.0008878869612042718	0.00610304461789366
0.0009451507503473638	0.00690143094940633
0.0010061077365868258	0.007803225434591053
0.0010709961106710657	0.008821610141796776
0.0011400694253319275	0.00997140432063458
0.0012135975860475053	0.0112692588877764
0.0012918679057036596	0.012733872192004095
0.0013751862272753652	0.014386229003383048
0.0014638781189147824	0.016249864764532825
0.0015582901461158852	0.01835115721793714
0.0016587912259266614	0.020719647574947545
0.0017657740685004942	0.02338839341083138
0.0018796567116196208	0.02639435544523176
0.002000884154186851	0.029778820285869215
0.002129930095068451	0.03358786105979656
0.002267298784082756	0.03787283761268485
0.0024135269923672934	0.042690937600843575
0.0025691861098236703	0.04810575930765476
0.0027348843778360284	0.054187936356457446
0.0029112692659874696	0.06101580363186352
0.003099030002061525	0.06867610262250304
0.003298900265214696	0.07726472301684371
0.003511661052843701	0.08688747567157741
0.003738143732349776	0.09766088997584893
0.0039792332897248634	0.1097130260966666
0.004235871787653601	0.1231842895499798
0.0045090620466437465	0.138228231934752
0.0047998715635690905	0.1550123174303824
0.005109436682936699	0.1737186297302436
0.005438967037177764	0.1945444884118327
0.005789750273312616	0.2177029372848979
0.006163157084459443	0.2434230599894317
0.006560646565847425	0.2719500700394177
0.006983771916263069	0.303545113667419
0.007434186507208199	0.3384847143122014
0.007913650343485042	0.3770597775657613
0.008424036940453242	0.419574065101244
0.008967340644831833	0.4663420358886497
0.009545684427652391	0.5176859433489963
0.01016132817981447	0.5739320686314597
0.0108166775426584	0.6354059637331045
0.011514293308061117	0.7024265747326434
0.012256901424786047	0.7752991162197513
0.013047403650187164	0.8543065745524657
0.013888888888888888	0.9396997315949042
0.014784645262748046	1.03168562403573
0.015738172959261477	1.1304143884187676
0.016753197908624732	1.235964490908542
0.017833686342885298	1.3483264058511826
0.018983860294080505	1.467384890498965
0.02020821409191946	1.5929001065695771
0.021511531925474076	1.724487963621676
0.022898906537501776	1.8616002044519355
0.02437575912444859	2.003504917178889
0.025947860519891976	2.149268338574825
0.027621353744198496	2.2977390020358213
0.029402778008509368	2.447535471571984
0.03129909426685012	2.597039076845006
0.0333177124162097	2.7443932060485454
0.03546652025087398	2.887510801810405
0.0377539142841534	3.024091715314001
0.040188832557941125	3.1516514781508627
0.04278078956830599	3.2675628221673265
0.045539913443592685	3.369110889013873
0.04847698552030336	3.453562503033736
0.05160348247140423	3.518249122946028
0.05493162115167469	3.560662143035669
0.058474406335332775	3.5785581055665423
0.06224568153247312	3.570070158228938
0.06626018308288337	3.5338208153989243
0.07053359773861224	3.4690298599484217
0.07508262396029398	3.3756101813814494
0.07992503716674626	3.254243638523492
0.08507975919280536	3.106428829076512
0.09056693222680713	2.9344931134839425
0.09640799751662547	2.741562524792049
0.1026257791518145	2.531485395220522
0.1092445732492346	2.308708649257888
0.1162902428906564	2.078109627460221
0.1237903191833157	1.84479072822755
0.1317741088383128	1.6138486288479053
0.1402728086872229	1.3901337702698158
0.1493196275843938	1.1780184910246403
0.1589499161712655	0.9811930531295536
0.1692013050097704	0.8025073913009126
0.1801138516245713	0.6438726434131392
0.1917301970287096	0.5062307066642772
0.2040957323442908	0.3895929381497171
0.2172587761692801	0.2931417012283765
0.2312707633834742	0.2153818679185018
0.2461864461314117	0.154324610098474
0.2620641077675678	0.107683510742183
0.2789657905998287	0.07306342513260995
0.2969575383211575	0.04812539613189941
0.3161096540767601	0.030715678466325114
0.3364969751751524	0.01895271044985548
0.3581991655165703	0.011271747044950984
0.3813010268813902	0.006431949251332417
0.4058928302949297	0.0034943211162556395
0.4320706687634397	0.001780620423377077
0.4599368327596154	0.0008232446077794498
0.4896002099248408	0.0003144729001627493
0.5211767105500139	6.094128677664995e-05
0.5547897204975268	-5.3478494134230216e-05
0.5905705833342053	-9.556059136271994e-05
0.6286591135591495	-0.00010216361712190875
0.6692041429319279	-9.287784312817809e-05
0.7123641020359126	-7.774284826119677e-05
0.7583076393492255	-6.169234885771781e-05
0.8072142802423331	-4.6992734474970514e-05
0.8592751284773316	-3.4535541338473885e-05
0.9146936129500512	-2.451236811279065e-05
0.9736862825928868	-1.676987847909344e-05
1.0364836525444572	-1.1000877720569106e-05
1.1033311048925185	-6.849303487817671e-06
1.1744898475098056	-3.9675217556042495e-06
1.2502379347294696	-2.0456256575493294e-06
1.3308713538484287	-8.237414976201105e-07
1.4167051817041625	-9.409456527987241e-08
1.5080748158443	3.027563309849058e-07
1.6053372850998286	4.845871743057955e-07
1.7088726446830076	5.351763837855418e-07
1.8190854612613692	5.118024603217973e-07
1.936406393810766	4.519247005100411e-07
2.061293876424675	3.787594864044424e-07
2.1942359096553807	3.0569816960305556e-07
2.3357519673867424	2.396511421964269e-07
2.486395026689676	1.8347280401547926e-07
2.646753728592083	1.3764588162129322e-07
2.817454678206457	1.0139847662745809e-07
2.9991648932029737	7.340642790722737e-08
3.1925944101955395	5.220618028054601e-08
3.398499059225283	3.641519827493864e-08
3.617683417182872	2.483139112780138e-08
3.8510039517101937	1.6461613567423875e-08
4.099372367866281	1.0512508723919372e-08
4.3637591706346415	6.36450352618958e-09
4.64519745719257	3.5410252937519147e-09
4.944786953760821	1.6792188109880507e-09
5.263698312807716	5.048540902105188e-10
5.603177687399099	-1.8792963342174143e-10
5.9645516005685275	-5.524251364245513e-10
6.349232128734847	-7.014878218068176e-10
6.758722419421489	-7.168346293322647e-10
7.194622564838083	-6.562385574177881e-10
7.658635854275538	-5.591786677992257e-10
8.152575429745955	-4.513424322910104e-10
8.678371370874457	-3.4824562391706896e-10
9.238078236727247	-2.581417348749217e-10
9.833883094045824	-1.843343192519876e-10
10.468114063257795	-1.2697383107458982e-10
11.14324941565804	-8.440651900802808e-11
11.86192725730766	-5.41392040096084e-11
12.626955837490726	-3.348410934495239e-11
13.441324522009396	-1.994881283248572e-11
14.308215474195748	-1.1432537109259976e-11
15.231016089284148	-6.296989680439571e-12
16.21333223073174	-3.3015651545248367e-12
17.259002320208275	-1.785312076321477e-12
