r	P
0.00025438387345464136	2.973223388683671e-11
0.00027079022373052773	3.816568130060828e-11
0.0002882546926902742	4.8990316018527086e-11
0.00030684552312586726	6.288378490326146e-11
0.0003266353591112376	8.071565061136812e-11
0.0003477015298605576	1.0360169811775493e-10
0.00037012635189382617	1.3297359169643315e-10
0.00039399745069045966	1.70668215198368e-10
0.00041940810308775694	2.1904224926806238e-10
0.0004464576017621676	2.811191030448102e-10
0.00047525164321758374	3.607773210778144e-10
0.0005059027407967255	4.6299215162642117e-10
0.0005385306643294724	5.941452474780729e-10
0.0005732629081360769	7.624216759398131e-10
0.0006102351892139919	9.783187976843823e-10
0.0006495919775549859	1.2552984629375764e-09
0.000691487060664777	1.6106227873661843e-09
0.0007360841444910528	2.0664250443033944e-09
0.0007835574931080188	2.651081627886734e-09
0.0008340926096570547	3.4009694749804884e-09
0.0008878869612042718	4.362716894050922e-09
0.0009451507503473638	5.596085853447296e-09
0.0010061077365868258	7.1776622351508305e-09
0.0010709961106710657	9.205579661916288e-09
0.0011400694253319275	1.1805565181704337e-08
0.0012135975860475053	1.5138675064944305e-08
0.0012918679057036596	1.9411190968142802e-08
0.0013751862272753652	2.488727675100702e-08
0.0014638781189147824	3.1905161931721454e-08
0.0015582901461158852	4.0897828801831535e-08
0.0016587912259266614	5.2419448860654393e-08
0.0017657740685004942	6.717915599616338e-08
0.0018796567116196208	8.608417837690158e-08
0.002000884154186851	1.1029490315017051e-07
0.002129930095068451	1.412951491006357e-07
0.002267298784082756	1.8098181192072762e-07
0.0024135269923672934	2.3177917443511677e-07
0.0025691861098236703	2.96784602578564e-07
0.0027348843778360284	3.799541557265063e-07
0.0029112692659874696	4.863389256412246e-07
0.003099030002061525	6.223858051404611e-07
0.003298900265214696	7.963200296935396e-07
0.003511661052843701	1.0186314246241855e-06
0.003738143732349776	1.3026920665043726e-06
0.0039792332897248634	1.665540326424822e-06
0.004235871787653601	2.128875372606832e-06
0.0045090620466437465	2.7203176240800446e-06
0.0047998715635690905	3.4750049246194435e-06
0.005109436682936699	4.437612032474865e-06
0.005438967037177764	5.66490323505099e-06
0.005789750273312616	7.228955519741935e-06
0.006163157084459443	9.221224000828701e-06
0.006560646565847425	1.1757663711892135e-05
0.006983771916263069	1.498517421679822e-05
0.007434186507208199	1.908969790890352e-05
0.007913650343485042	2.4306381891285604e-05
0.008424036940453242	3.093230993776931e-05
0.008967340644831833	3.934242869183441e-05
0.009545684427652391	5.000943496115247e-05
0.01016132817981447	6.352856325037687e-05
0.0108166775426584	8.064841962826579e-05
0.011514293308061117	0.00010230925523142576
0.012256901424786047	0.0001296903661491435
0.013047403650187164	0.0001642686523135774
0.013888888888888888	0.0002078907724680867
0.014784645262748046	0.0002628618009319784
0.015738172959261477	0.00033205382923125464
0.016753197908624732	0.00041903856426269456
0.017833686342885298	0.0005282486539423957
0.018983860294080505	0.0006651732161261465
0.02020821409191946	0.0008365938454057843
0.021511531925474076	0.001050868204867406
0.022898906537501776	0.0013182691442051738
0.02437575912444859	0.0016513880750922633
0.025947860519891976	0.002065612014276626
0.027621353744198496	0.002579684186712921
0.029402778008509368	0.003216358250348064
0.03129909426685012	0.004003155914634175
0.0333177124162097	0.004973236794410598
0.03546652025087398	0.0061663875481598575
0.0377539142841534	0.007630134431980733
0.040188832557941125	0.009420979053664317
0.04278078956830599	0.011605750993043815
0.045539913443592685	0.01426306269522957
0.04847698552030336	0.01748484126264231
0.05160348247140423	0.021377898111862567
0.05493162115167469	0.026065480635701466
0.058474406335332775	0.03168872987877324
0.06224568153247312	0.03840794490514013
0.06626018308288337	0.04640352850406714
0.07053359773861224	0.05587646118853225
0.07508262396029398	0.06704812285723168
0.07992503716674626	0.08015925665052635
0.08507975919280536	0.09546785100421033
0.09056693222680713	0.113245708100878
0.09640799751662547	0.1337734747475909
0.1026257791518145	0.1573339399469031
0.1092445732492346	0.1842034557937584
0.1162902428906564	0.2146414163993669
0.1237903191833157	0.2488778317934006
0.1317741088383128	0.2870991551652902
0.1402728086872229	0.3294326544644338
0.1493196275843938	0.3759297544178748
0.1589499161712655	0.4265489057006774
0.1692013050097704	0.4811386630906816
0.1801138516245713	0.5394217803535434
0.1917301970287096	0.6009812690906339
0.2040957323442908	0.6652495346443489
0.2172587761692801	0.7315018956802924
0.2312707633834742	0.7988559906162737
0.2461864461314117	0.8662787113273536
0.2620641077675678	0.9326022812092976
0.2789657905998287	0.9965507870316122
0.2969575383211575	1.0567777736765358
0.3161096540767601	1.1119143780130456
0.3364969751751524	1.160625993745
0.3581991655165703	1.2016738511771905
0.3813010268813902	1.233976516088379
0.4058928302949297	1.2566655524446078
0.4320706687634397	1.2691297614997812
0.4599368327596154	1.271043601964892
0.4896002099248408	1.2623774310269922
0.5211767105500139	1.2433896518484138
0.5547897204975268	1.2146031505997257
0.5905705833342053	1.1767700449188283
0.6286591135591495	1.130829443459328
0.6692041429319279	1.0778626182902944
0.7123641020359126	1.0190489685222304
0.7583076393492255	0.9556248119411752
0.8072142802423331	0.888845801959328
0.8592751284773316	0.8199529362387264
0.9146936129500512	0.7501418216441657
0.9736862825928868	0.6805350194732117
1.0364836525444572	0.6121577128564792
1.1033311048925185	0.5459173655105933
1.1744898475098056	0.4825882690828933
1.2502379347294696	0.4228017981512661
1.3308713538484287	0.367042820818067
1.4167051817041625	0.3156521593085001
1.5080748158443	0.2688344164890221
1.6053372850998286	0.226670028619865
1.7088726446830076	0.1891301671866222
1.8190854612613692	0.1560931172508003
1.936406393810766	0.1273609652329246
2.061293876424675	0.1026757525411329
2.1942359096553807	0.08173459837467771
2.3357519673867424	0.06420358556540184
2.486395026689676	0.04973038954802456
2.646753728592083	0.037955701815148075
2.817454678206457	0.028523477065298317
2.9991648932029737	0.021089959265448044
3.1925944101955395	0.015331362709885606
3.398499059225283	0.010950038257097457
3.617683417182872	0.007678963662902241
3.8510039517101937	0.005284462112703786
4.099372367866281	0.0035671599736277573
4.3637591706346415	0.0023613189537234334
4.64519745719257	0.0015327929135205826
4.944786953760821	0.000975944017033638
5.263698312807716	0.000609894185161089
5.603177687399099	0.00037448344464035296
5.9645516005685275	0.0002262629477804988
6.349232128734847	0.00013477912533246074
6.758722419421489	7.93209365414897e-05
7.194622564838083	4.6218123323490367e-05
7.658635854275538	2.670551511721213e-05
8.152575429745955	1.5313487927118787e-05
8.678371370874457	8.710135679409918e-06
9.238078236727247	4.9053709729869634e-06
9.833883094045824	2.727245586601352e-06
10.468114063257795	1.4911898417843543e-06
11.14324941565804	7.984917509102941e-07
11.86192725730766	4.1695312355213105e-07
12.626955837490726	2.114534737070402e-07
13.441324522009396	1.0375575114972456e-07
14.308215474195748	4.908724672565311e-08
15.231016089284148	2.2319350630188663e-08
16.21333223073174	9.723517601740792e-09
17.259002320208275	4.046787389551935e-09
18.372112336312185	1.6042645242928059e-09
19.557011780620773	6.040086899776885e-10
20.818330673462118	2.1519927307597228e-10
22.160997645820128	7.15770965830701e-11
