r	P
0.00025438387345464136	0.008741265091304292
0.00027079022373052773	0.009293984645340753
0.0002882546926902742	0.009880892125926143
0.00030684552312586726	0.01050400040727478
0.0003266353591112376	0.011165427074281888
0.0003477015298605576	0.011867397927404526
0.00037012635189382617	0.012612250300388985
0.00039399745069045966	0.01340243612767336
0.00041940810308775694	0.014240524688207369
0.0004464576017621676	0.015129204941048965
0.00047525164321758374	0.0160712873552835
0.0005059027407967255	0.017069705122416935
0.0005385306643294724	0.01812751462326236
0.0005732629081360769	0.01924789500330139
0.0006102351892139919	0.020434146690383664
0.0006495919775549859	0.021689688666245925
0.000691487060664777	0.023018054278502835
0.0007360841444910528	0.02442288535229547
0.0007835574931080188	0.02590792433049932
0.0008340926096570547	0.02747700413811632
0.0008878869612042718	0.029134035430047497
0.0009451507503473638	0.030882990841733245
0.0010061077365868258	0.032727885819062164
0.0010709961106710657	0.03467275555744561
0.0011400694253319275	0.0367216275300612
0.0012135975860475053	0.03887848903210392
0.0012918679057036596	0.0411472491116883
0.0013751862272753652	0.043531694199204475
0.0014638781189147824	0.046035436686026464
0.0015582901461158852	0.048661855641308656
0.0016587912259266614	0.051414028793289136
0.0017657740685004942	0.0542946548404909
0.0018796567116196208	0.05730596510034723
0.002000884154186851	0.060449623450453446
0.002129930095068451	0.063726613473842
0.002267298784082756	0.06713711168808645
0.0024135269923672934	0.07068034572318327
0.0025691861098236703	0.07435443632052878
0.0027348843778360284	0.07815622206150635
0.0029112692659874696	0.08208106580709426
0.003099030002061525	0.08612264194879614
0.003298900265214696	0.09027270374698035
0.003511661052843701	0.09452083027802972
0.003738143732349776	0.09885415284109278
0.0039792332897248634	0.1032570611052264
0.004235871787653601	0.107710889826945
0.0045090620466437465	0.1121935876573043
0.0047998715635690905	0.1166793704092892
0.005109436682936699	0.1211383621947478
0.005438967037177764	0.125536229091036
0.005789750273312616	0.1298338114870817
0.006163157084459443	0.1339867630125466
0.006560646565847425	0.1379452059961869
0.006983771916263069	0.1416534157508121
0.007434186507208199	0.1450495486567776
0.007913650343485042	0.1480654320189596
0.008424036940453242	0.1506264369957512
0.008967340644831833	0.1526514595170326
0.009545684427652391	0.1540530379716739
0.01016132817981447	0.1547376404736044
0.0108166775426584	0.1546061585894986
0.011514293308061117	0.1535546483633063
0.012256901424786047	0.1514753630773008
0.013047403650187164	0.1482581251510023
0.013888888888888888	0.1437920865226944
0.014784645262748046	0.1379679273171647
0.015738172959261477	0.1306805410121704
0.016753197908624732	0.1218322500053129
0.017833686342885298	0.1113365876793237
0.018983860294080505	0.09912267090062568
0.02020821409191946	0.08514016942512377
0.021511531925474076	0.06936485495581941
0.022898906537501776	0.05180468165569044
0.02437575912444859	0.032506310937238346
0.025947860519891976	0.011561945728201555
0.027621353744198496	-0.010883717067998963
0.029402778008509368	-0.03462667219713885
0.03129909426685012	-0.05939725844928204
0.0333177124162097	-0.08485468421237553
0.03546652025087398	-0.1105829122426703
0.0377539142841534	-0.1360884665863075
0.040188832557941125	-0.1608007923255519
0.04278078956830599	-0.18407584943339
0.045539913443592685	-0.2052036459116976
0.04847698552030336	-0.2234204015763567
0.05160348247140423	-0.2379259703378879
0.05493162115167469	-0.2479070231749309
0.058474406335332775	-0.2525662941521925
0.06224568153247312	-0.2511579071922646
0.06626018308288337	-0.2430284241483861
0.07053359773861224	-0.227662782065282
0.07508262396029398	-0.2047337235544179
0.07992503716674626	-0.1741526833739617
0.08507975919280536	-0.136119404829968
0.09056693222680713	-0.09116686724185545
0.09640799751662547	-0.040197476570379045
0.1026257791518145	0.015494007459169169
0.1092445732492346	0.0742155580994267
0.1162902428906564	0.1338955883062614
0.1237903191833157	0.1921272664394531
0.1317741088383128	0.2462422646100875
0.1402728086872229	0.2934150276071938
0.1493196275843938	0.3307963938378727
0.1589499161712655	0.3556727506619765
0.1692013050097704	0.3656440609326017
0.1801138516245713	0.3588112919440642
0.1917301970287096	0.3339612543080623
0.2040957323442908	0.2907348377496443
0.2172587761692801	0.2297633131809493
0.2312707633834742	0.1527569651372035
0.2461864461314117	0.06253109352652649
0.2620641077675678	-0.037043267819000254
0.2789657905998287	-0.1411723317129811
0.2969575383211575	-0.2443582069161605
0.3161096540767601	-0.3406966098035153
0.3364969751751524	-0.4242370268167635
0.3581991655165703	-0.489378725197868
0.3813010268813902	-0.5312680613129791
0.4058928302949297	-0.5461587522467212
0.4320706687634397	-0.5316986610511291
0.4599368327596154	-0.4871144274149836
0.4896002099248408	-0.4132776256883425
0.5211767105500139	-0.3126504600017675
0.5547897204975268	-0.1891222621368172
0.5905705833342053	-0.04775773245593741
0.6286591135591495	0.1055172421355418
0.6692041429319279	0.2642659090344238
0.7123641020359126	0.4219033132337325
0.7583076393492255	0.5720510175458636
0.8072142802423331	0.708866603938318
0.8592751284773316	0.827332576521509
0.9146936129500512	0.9234904430536184
0.9736862825928868	0.9946071800465296
1.0364836525444572	1.0392640568672729
1.1033311048925185	1.05736248085855
1.1744898475098056	1.0500479048946851
1.2502379347294696	1.0195599455650963
1.3308713538484287	0.9690233490977624
1.4167051817041625	0.902199079384455
1.5080748158443	0.8232168717988954
1.6053372850998286	0.736310066086277
1.7088726446830076	0.6455709488891282
1.8190854612613692	0.5547410365995719
1.936406393810766	0.4670465057057907
2.061293876424675	0.3850848529458057
2.1942359096553807	0.3107650343891053
2.3357519673867424	0.2452997561074776
2.486395026689676	0.1892451915193861
2.646753728592083	0.1425802299665333
2.817454678206457	0.1048146653887578
2.9991648932029737	0.07511390964922934
3.1925944101955395	0.052427260822723455
3.398499059225283	0.03560770007810594
3.617683417182872	0.023513564826275916
3.8510039517101937	0.015085868065089998
4.099372367866281	0.009398893537622691
4.3637591706346415	0.00568531442368052
4.64519745719257	0.0033398857666295544
4.944786953760821	0.0019074074409377408
5.263698312807716	0.0010610885816231478
5.603177687399099	0.0005768605481823899
5.9645516005685275	0.0003079375833574357
6.349232128734847	0.00016241158731823837
6.758722419421489	8.523415218952448e-05
7.194622564838083	4.481220554690552e-05
7.658635854275538	2.3716182641417077e-05
8.152575429745955	1.2651576461010745e-05
8.678371370874457	6.785898754883238e-06
9.238078236727247	3.639524223727688e-06
9.833883094045824	1.938433698767021e-06
10.468114063257795	1.0181988781532651e-06
11.14324941565804	5.242939432507831e-07
11.86192725730766	2.6335899741076075e-07
12.626955837490726	1.2854487199299957e-07
13.441324522009396	6.077362121251155e-08
14.308215474195748	2.7755915235883247e-08
15.231016089284148	1.221577625013719e-08
16.21333223073174	5.169117075717209e-09
17.259002320208275	2.0983065661596496e-09
18.372112336312185	8.152697435771801e-10
19.557011780620773	3.023546354634487e-10
20.818330673462118	1.0679075394402626e-10
