r	P
0.00025438387345464136	0.3028500623716481
0.00027079022373052773	0.3220016556970486
0.0002882546926902742	0.3423382779552718
0.00030684552312586726	0.3639297885933642
0.0003266353591112376	0.3868497000999547
0.0003477015298605576	0.4111753045817795
0.00037012635189382617	0.4369877948942564
0.00039399745069045966	0.4643723783447826
0.00041940810308775694	0.4934183806787341
0.0004464576017621676	0.5242193377124809
0.00047525164321758374	0.5568730715918436
0.0005059027407967255	0.5914817482248679
0.0005385306643294724	0.6281519119611919
0.0005732629081360769	0.6669944930632218
0.0006102351892139919	0.7081247829335687
0.0006495919775549859	0.7516623714257249
0.000691487060664777	0.797731039868197
0.0007360841444910528	0.8464586026742529
0.0007835574931080188	0.897976689588937
0.0008340926096570547	0.9524204597420376
0.0008878869612042718	1.0099282377316865
0.0009451507503473638	1.0706410609615953
0.0010061077365868258	1.1347021264013473
0.0010709961106710657	1.2022561238424263
0.0011400694253319275	1.2734484415952216
0.0012135975860475053	1.3484242294311537
0.0012918679057036596	1.4273273024417077
0.0013751862272753652	1.5102988683915688
0.0014638781189147824	1.5974760601229985
0.0015582901461158852	1.6889902536688477
0.0016587912259266614	1.7849651520087544
0.0017657740685004942	1.8855146139255947
0.0018796567116196208	1.9907402072698783
0.002000884154186851	2.1007284662165646
0.002129930095068451	2.215547832917418
0.002267298784082756	2.3352452654470257
0.0024135269923672934	2.4598424962671097
0.0025691861098236703	2.5893319287680723
0.0027348843778360284	2.723672163987114
0.0029112692659874696	2.862783155568248
0.003099030002061525	3.0065409986600966
0.003298900265214696	3.1547723679977677
0.003511661052843701	3.3072486321510324
0.003738143732349776	3.4636796851108813
0.0039792332897248634	3.6237075532887695
0.004235871787653601	3.7868998558515297
0.0045090620466437465	3.9527432192975014
0.0047998715635690905	4.120636773411536
0.005109436682936699	4.289885885228115
0.005438967037177764	4.459696320247855
0.005789750273312616	4.629169055564962
0.006163157084459443	4.797296007196201
0.006560646565847425	4.962956972870946
0.006983771916263069	5.1249181305862805
0.007434186507208199	5.28183247064593
0.007913650343485042	5.432242572470273
0.008424036940453242	5.5745861643997765
0.008967340644831833	5.70720492161641
0.009545684427652391	5.828356960150818
0.01016132817981447	5.936233469101329
0.0108166775426584	6.02897988352523
0.011514293308061117	6.104721931483105
0.012256901424786047	6.161596784844655
0.013047403650187164	6.197789399412901
0.013888888888888888	6.211573941215747
0.014784645262748046	6.201359959452325
0.015738172959261477	6.165742681867153
0.016753197908624732	6.103556477815821
0.017833686342885298	6.013930164849296
0.018983860294080505	5.896342438537234
0.02020821409191946	5.7506753011097
0.021511531925474076	5.577262978078048
0.022898906537501776	5.376933476458355
0.02437575912444859	5.151039693697031
0.025947860519891976	4.901476878567636
0.027621353744198496	4.630683322704438
0.029402778008509368	4.34162147126271
0.03129909426685012	4.037737223553846
0.0333177124162097	3.7228960751932303
0.03546652025087398	3.40129593560424
0.0377539142841534	3.077357911062669
0.040188832557941125	2.7555980082055296
0.04278078956830599	2.4404844780397825
0.045539913443592685	2.1362872360205984
0.04847698552030336	1.846927274992864
0.05160348247140423	1.5758350303343855
0.05493162115167469	1.3258270598988704
0.058474406335332775	1.099009998742838
0.06224568153247312	0.896719441276594
0.06626018308288337	0.7194991920341495
0.07053359773861224	0.5671233337775589
0.07508262396029398	0.4386600406055397
0.07992503716674626	0.3325723812127546
0.08507975919280536	0.2468479560476401
0.09056693222680713	0.179146548886868
0.09640799751662547	0.1269534446191003
0.1026257791518145	0.08772593033332121
0.1092445732492346	0.05902181790354588
0.1162902428906564	0.03860143735347947
0.1237903191833157	0.024498070809691647
0.1317741088383128	0.0150556901325757
0.1402728086872229	0.008936531167594438
0.1493196275843938	0.005103944005364636
0.1589499161712655	0.0027877258782589044
0.1692013050097704	0.0014396320299903062
0.1801138516245713	0.0006860831730366795
0.1917301970287096	0.0002835657425212896
0.2040957323442908	8.028526223321113e-05
0.2172587761692801	-1.4285311057968718e-05
0.2312707633834742	-5.18904302755896e-05
0.2461864461314117	-6.0984884897744047e-05
0.2620641077675678	-5.671748576487587e-05
0.2789657905998287	-4.6959788741926185e-05
0.2969575383211575	-3.572862875912047e-05
0.3161096540767601	-2.502536321821196e-05
0.3364969751751524	-1.5785155625996338e-05
0.3581991655165703	-8.360752635323046e-06
0.3813010268813902	-2.776684093301888e-06
0.4058928302949297	1.126620852375782e-06
0.4320706687634397	3.6033041677039782e-06
0.4599368327596154	4.943009726009485e-06
0.4896002099248408	5.431809253148696e-06
0.5211767105500139	5.327890570357091e-06
0.5547897204975268	4.8485341498663685e-06
0.5905705833342053	4.165488164694426e-06
0.6286591135591495	3.406177319452736e-06
0.6692041429319279	2.6585379484374443e-06
0.7123641020359126	1.9777008296562973e-06
0.7583076393492255	1.3932031321171048e-06
0.8072142802423331	9.158458835551354e-07
0.8592751284773316	5.436828793195642e-07
0.9146936129500512	2.669102007451251e-07
0.9736862825928868	7.162212043527553e-08
1.0364836525444572	-5.747949880296723e-08
1.1033311048925185	-1.3527134530982824e-07
1.1744898475098056	-1.751154796916603e-07
1.2502379347294696	-1.8831334627659878e-07
1.3308713538484287	-1.8394944466369158e-07
1.4167051817041625	-1.6899071326367778e-07
1.5080748158443	-1.4853418600507525e-07
1.6053372850998286	-1.2612209940729853e-07
1.7088726446830076	-1.040680825677615e-07
1.8190854612613692	-8.37591120729234e-08
1.936406393810766	-6.591456308062108e-08
2.061293876424675	-5.079586516557889e-08
2.1942359096553807	-3.836815950988085e-08
2.3357519673867424	-2.8419764033427288e-08
2.486395026689676	-2.064699957561881e-08
2.646753728592083	-1.471199076756741e-08
2.817454678206457	-1.028016333586312e-08
2.9991648932029737	-7.0429280679718e-09
3.1925944101955395	-4.729811354366448e-09
3.398499059225283	-3.1132529147321027e-09
3.617683417182872	-2.0084840367941307e-09
3.8510039517101937	-1.2702968412904798e-09
4.099372367866281	-7.88065009409723e-10
4.3637591706346415	-4.800218916140043e-10
4.64519745719257	-2.875140206845516e-10
4.944786953760821	-1.6970283627453915e-10
5.263698312807716	-9.898663536571633e-11
5.603177687399099	-5.725339315420007e-11
5.9645516005685275	-3.2959316512380785e-11
6.349232128734847	-1.895144870008008e-11
6.758722419421489	-1.091352535107504e-11
7.194622564838083	-6.302095241996845e-12
7.658635854275538	-3.64665824289488e-12
8.152575429745955	-2.1116415959678106e-12
8.678371370874457	-1.2062520881111817e-12
9.238078236727247	-7.47548882276617e-13
