r	P	Q	rho
9.230064382308857e-05	1.8693569204670457e-08	-1.6726241115293563e-09	3.5224720102827306e-16
9.52305807723944e-05	2.0498857790957835e-08	-1.8341411446042767e-09	4.2356724447224303e-16
9.825352390422877e-05	2.2478437644608946e-08	-2.0112501278392636e-09	5.09325286019306e-16
0.00010137242555174352	2.4649129071433553e-08	-2.205455570379548e-09	6.124435982531089e-16
0.00010459033176520496	2.7029374783539133e-08	-2.418407070043747e-09	7.364357939454587e-16
0.0001079103852868942	2.9639396150482258e-08	-2.6519132828566326e-09	8.855264482250139e-16
0.00011133582862044124	3.250136497666952e-08	-2.907957280146462e-09	1.0647949408898369e-15
0.00011487000719759018	3.563959112539191e-08	-3.188713320751121e-09	1.2803483482270496e-15
0.00011851637264548812	3.9080728630897374e-08	-3.4965652777812908e-09	1.5395293190636273e-15
0.00012227848615768938	4.285400157472623e-08	-3.8341268289312215e-09	1.8511659795069686e-15
0.0001261600219721663	4.6991451676986e-08	-4.2042635886690554e-09	2.225872363033519e-15
0.00013016477095972452	5.1528209721077044e-08	-4.610117369226258e-09	2.6764095792173404e-15
0.0001342966443263264	5.650279309223866e-08	-5.0551327749428155e-09	3.218119994596634e-15
0.00013855967743293905	6.195743193908713e-08	-5.5430863537101646e-09	3.869449178811302e-15
0.00014295803373663704	6.793842670756061e-08	-6.078118551059973e-09	4.6525733486193246e-15
0.0001474960088568096	7.449654005938217e-08	-6.664768735789276e-09	5.594153623120685e-15
0.00015217803477044254	8.168742647588912e-08	-7.308013591787167e-09	6.726242706911537e-15
0.00015700868414057333	8.957210316416396e-08	-8.013309198913058e-09	8.087374789569016e-15
0.00016199267478214546	9.821746622864291e-08	-8.786637156653661e-09	9.723875664897297e-15
0.0001671348742696247	1.0769685645066736e-07	-9.634555138104654e-09	1.169143754206483e-14
0.0001724403046908767	1.1809067943389539e-07	-1.0564252298861808e-08	1.4057011995793051e-14
0.00017791414755194862	1.2948708532854117e-07	-1.1583610005970688e-08	1.6901085287651326e-14
0.0001835617488375456	1.419827138458112e-07	-1.2701268396507073e-08	2.0320413249901618e-14
0.00018938862423214373	1.5568351081977257e-07	-1.3926699324006942e-08	2.443130849523154e-14
0.0001954004645068391	1.7070562317170462e-07	-1.527028630423469e-08	2.937359142625331e-14
0.00020160314107719367	1.871763797866791e-07	-1.674341213010732e-08	3.531533899980576e-14
0.00020800271173750608	2.0523536652905337e-07	-1.8358554889458134e-08	4.245859221194413e-14
0.00021460542657710812	2.250356044086369e-07	-2.0129393189248257e-08	5.104621572172788e-14
0.000221417734084464	2.467448407689319e-07	-2.207092146638837e-08	6.137014202046103e-14
0.0002284462874450352	2.705469643100968e-07	-2.419957634914072e-08	7.378127939288669e-14
0.00023569795103906005	2.966435557898193e-07	-2.6533375124814802e-08	8.870141918714177e-14
0.00024317980714559645	3.252555873735409e-07	-2.9092067469894487e-08	1.0663754550738e-13
0.0002508991628593723	3.566252848406336e-07	-3.18973017086547e-08	1.28199031643956e-13
0.00025886355722720114	3.9101816820524634e-07	-3.4972806986632814e-08	1.541183050951106e-13
0.00026708076861093146	4.2872528779061426e-07	-3.8344592876986156e-08	1.8527568019404682e-13
0.0002755588222841218	4.700656744156525e-07	-4.2041168081855755e-08	2.2272919807752908e-13
0.00028430599826985946	5.153890241257781e-07	-4.609378004852925e-08	2.6775048274848405e-13
0.0002933308394273788	5.650786398404538e-07	-5.053667749271977e-08	3.2186782497594055e-13
0.000302642159795376	6.195546544135984e-07	-5.540739801004012e-08	3.869179495597963e-13
0.0003122490532001691	6.792775619268728e-07	-6.074708316326239e-08	4.651082142501609e-13
0.00032216090213711105	7.447520865786412e-07	-6.660082365886627e-08	5.590913401752793e-13
0.00033238738693392795	8.165314213135114e-07	-7.301803747349555e-08	6.72055195788744e-13
0.0003429384952049336	8.952218713811248e-07	-8.005288406123046e-08	8.078306632456438e-13
0.0003538245316053528	9.814879413425808e-07	-8.776471806818995e-08	9.710212247384863e-13
0.0003650561278952806	1.0760579076851733e-06	-9.621858630424577e-08	1.1671586370421804e-12
0.000376644253323105	1.1797299231899598e-06	-1.0548577207511597e-07	1.4028899397800717e-12
0.0003886002253385356	1.2933787035537394e-06	-1.1564439136459453e-07	1.6862020960604393e-12
0.0004009357206456999	1.4179628515318616e-06	-1.2678004577920872e-07	2.0266918283321464e-12
0.0004136627866071028	1.5545328790785268e-06	-1.3898653762948922e-07	2.435889729778407e-12
0.0004267938530095864	1.7042399936580796e-06	-1.5236665302690334e-07	2.9276495529383124e-12
0.0004403417442037817	1.8683457211289467e-06	-1.6703301942727685e-07	3.518615763239837e-12
0.0004543196916289081	2.0482324444103117e-06	-1.831090446545042e-07	4.228785068569325e-12
0.0004687413467351511	2.2454149445835347e-06	-2.0072994509719506e-07	5.082180784217801e-12
0.0004836207943162432	2.461553039213849e-06	-2.2004387149071842e-07	6.107662670243561e-12
0.0004989725662652635	2.698465421566223e-06	-2.412131414834223e-07	7.339899411012875e-12
0.0005148116557670947	2.9581448141014083e-06	-2.6441558904466613e-07	8.820536344924893e-12
0.0005311535319413974	3.24277456024922e-06	-2.898460417102681e-07	1.0599597576494633e-11
0.0005480141549504008	3.5547467900476297e-06	-3.177179376851804e-07	1.273716942928085e-11
0.0005654099915862677	3.896682307897486e-06	-3.4826509594144253e-07	1.5305421585732382e-11
0.0005833580313532549	4.271452364510257e-06	-3.817436536701601e-07	1.8391033519397708e-11
0.0006018758030603757	4.682202490225645e-06	-4.18434186778617e-07	2.2098107328140312e-11
0.0006209813919407707	5.132378583361825e-06	-4.5864403057760854e-07	2.6551664269735606e-11
0.0006406934573145066	5.62575546525802e-06	-5.027098193905531e-07	3.190184171739216e-11
0.0006610312508120499	6.166468133312752e-06	-5.510002655466432e-07	3.832893053179413e-11
0.0006820146351762184	6.759045964758508e-06	-6.039192001080353e-07	4.60494207539774e-11
0.0007036641036609689	7.408450147304906e-06	-6.619088997397146e-07	5.5323256976656713e-11
0.0007260008000459699	8.120114638301288e-06	-7.254537263752377e-07	6.646254484826657e-11
0.0007490465392865036	8.899990981904742e-06	-7.950841087783852e-07	7.984199821801765e-11
0.0007728238288188677	9.754597344095593e-06	-8.713808977674971e-07	9.591147401443088e-11
0.0007973558905420817	1.0691072158481308e-05	-9.549801297751016e-07	1.1521101094611944e-10
0.000822666683497369	1.1717232811912438e-05	-1.0465782365810774e-06	1.3838887077384262e-10
0.0008487809272675614	1.2841639838261815e-05	-1.1469377425054888e-06	1.6622317992081653e-10
0.0008757241261192817	1.4073667131573063e-05	-1.2568934941016538e-06	1.9964788778583505e-10
0.0009035225939114818	1.542357873647327e-05	-1.3773594714772124e-06	2.3978390015385836e-10
0.0009322034797946602	1.6902612824598713e-05	-1.5093362348192852e-06	2.8797641616802734e-10
0.0009617947947258637	1.8523073521160248e-05	-1.6539190645399156e-06	3.458397009423565e-10
0.0009923254388253624	2.029843130606431e-05	-1.8123068587228923e-06	4.1531076963718566e-10
0.001023825229601722	2.2243432779625512e-05	-1.9858118572784047e-06	4.987137505542262e-10
0.0010563249310728317	2.43742206543101e-05	-2.1758702684362414e-06	5.98837043930062e-10
0.001089856283811338	2.6708464911624307e-05	-2.3840538799727147e-06	7.190258108380797e-10
0.0011244520359438193	2.9265506147735607e-05	-2.612082744915818e-06	8.632928263494375e-10
0.0011601459751339794	3.206651222325546e-05	-2.8618390394550694e-06	1.0364513288519407e-09
0.0011969729615811011	3.513464943243175e-05	-3.1353821994486166e-06	1.2442742122764958e-09
0.0012349689620659778	3.84952695154565e-05	-3.43496545132567e-06	1.4936847627194353e-09
0.001274171085077582	4.217611395539807e-05	-3.763053863386428e-06	1.7929851627574717e-09
0.0013146176170547735	4.620753712917881e-05	-4.122344054567864e-06	2.1521302080486694e-09
0.0013563480597784425	5.062275002085636e-05	-4.51578570973999e-06	2.5830551402504044e-09
0.001399403168950607	5.5458086356107605e-05	-4.946605063596138e-06	3.1000682439366837e-09
0.0014438249939981416	6.075329318019773e-05	-5.418330529279923e-06	3.7203209379635867e-09
0.001489656919140014	6.655184807885105e-05	-5.934820663133739e-06	4.464370579014029e-09
0.0015369437057581334	7.290130543340131e-05	-6.500294673446812e-06	5.356854164735708e-09
0.0015857315361131948	7.985367430953694e-05	-7.119365698918842e-06	6.427294668688543e-09
0.001636068058448214	8.746583080409923e-05	-7.797077101837639e-06	7.711065969583315e-09
0.0016880024335238011	9.579996791804595e-05	-8.538942041801217e-06	9.250547384291872e-09
0.0017415853826306246	0.00010492408628725054	-9.350986618308489e-06	1.109650483395018e-08
0.0017968692371259493	0.00011491252938774668	-1.0239796894815584e-05	1.3309742850736819e-08
0.00185390798954264	0.0001258465671399174	-1.1212570143031628e-05	1.5963080190114144e-08
0.001912757346320534	0.00013781503216862677	-1.227717067443873e-05	1.914371201140893e-08
0.001973474782211689	0.00015091501333515622	-1.3442190656403696e-05	2.2956033739593486e-08
0.0020361195964126366	0.000165252611543887	-1.4717016342946436e-05	2.7525016192113364e-08
0.0021007529704784723	0.00018094376324391152	-1.61119001853924e-05	3.300023878445275e-08
0.002167438028075321	0.0001981151374952069	-1.7638039325918623e-05	3.956070813600739e-08
0.002236239896629567	0.0002169051129528008	-1.930766101756703e-05	4.742061379903655e-08
0.0023072257709340306	0.00023746484164274113	-2.1134115557809477e-05	5.683620185682296e-08
0.002380464978773221	0.0002599594069629702	-2.3131977369379103e-05	6.811398164555661e-08
0.002456029048631762	0.00028456908394281595	-2.53171549120041e-05	8.162052186889185e-08
0.0025339917795521136	0.0003114907104392298	-2.770701016207181e-05	9.779414110205724e-08
0.002614429313209813	0.0003409391786386968	-3.0320488454290108e-05	1.1715885555093594e-07
0.002697420208276631	0.00037314905697352114	-3.317825954027831e-05	1.403410156263502e-07
0.0027830455171442706	0.0004083763533526281	-3.6302870783887385e-05	1.6808914440474218e-07
0.002871388865083532	0.0004469004314527897	-3.9718913482091566e-05	2.0129758772088747e-07
0.0029625365319162645	0.0004890260927189969	-4.345320337367633e-05	2.41034700243443e-07
0.0030565775362798604	0.000535085837685204	-4.75349764758278e-05	2.88576427679834e-07
0.003153603722566596	0.0005854423212515082	-5.199610147124984e-05	3.454463060805626e-07
0.0032537098506227142	0.0006404910176435134	-5.687130995572426e-05	4.134630895781034e-07
0.0033569936882948755	0.0007006631119365593	-6.219844594819336e-05	4.947974431069938e-07
0.003463556106914335	0.0007664286362539075	-6.80187361625614e-05	5.920394029391766e-07
0.003573501179812123	0.0008382998700458171	-7.437708264253208e-05	7.082786225412478e-07
0.003686936283961423	0.0009168350252274209	-8.132237946792913e-05	8.471997928860914e-07
0.0038039722048464376	0.001002642238398682	-8.890785535305377e-05	1.0131960649645992e-06
0.003924723244660137	0.00109638389389033	-9.719144407461901e-05	1.2115038195834322e-06
0.004049307333936585	0.0011987813029757854	-0.00010623618478851784	1.448362739322742e-06
0.00417784614672684	0.0013106197662602498	-0.0001161106544208932	1.73120585578212e-06
0.004310465219430945	0.0014327540480031664	-0.00012688943444937132	2.068885090644341e-06
0.004447294073402051	0.0015661142929469542	-0.00013865361452447634	2.4719388033934403e-06
0.004588466341442397	0.0017117124181099967	-0.00015149133551863736	2.9529090270491927e-06
0.00473411989831472	0.0018706490139507857	-0.000165498374730163	3.5267174454333722e-06
0.004884396995396534	0.002044120791316812	-0.000180778776111294	4.211110775385967e-06
0.005039444399608799	0.0022334286126485287	-0.0001974455285319668	5.0271881045344e-06
0.005199413536754652	0.002439986148005758	-0.00021562129523307853	6.000024945417968e-06
0.005364460639408205	0.0026653291986094103	-0.0002354391977634521	7.1594113528033795e-06
0.005534746899497837	0.0029111257327308604	-0.0002570436578317619	8.54072447379932e-06
0.005710438625732992	0.003179186680897565	-0.0002805913006365134	1.0185959429989365e-05
0.0058917074060282505	0.0034714775394960543	-0.0003062519233616194	1.214494654778827e-05
0.006078730275083286	0.003790130833918296	-0.00033420953263969426	1.447678774992544e-05
0.006271689887282386	0.004137459494386609	-0.0003646634548870584	1.7251550503020063e-05
0.006470774695082393	0.00451597119947346	-0.0003978295235003785	2.0552264204242298e-05
0.006676179133063276	0.004928383744068152	-0.0004339413469712177	2.4477271421406414e-05
0.006888103807821108	0.0053776414900901575	-0.0004732516620174132	2.914299513154133e-05
0.007106755693888895	0.005866932959559692	-0.000516033775844531	3.4687193209780215e-05
0.007332348335876579	0.006399709630655111	-0.0005625831016314956	4.1272783102941096e-05
0.007565102057027677	0.0069797059980515564	-0.0006132187912761384	4.909233310521104e-05
0.007805244174396205	0.007610960959075816	-0.0006682854693324776	5.83733321890972e-05
0.008053009220854062	0.008297840586950387	-0.0007281550719150192	6.938436821519671e-05
0.008308639174145665	0.009045062351547891	-0.000793228794128531	8.244236486322368e-05
0.00857238369321358	0.009857720846538109	-0.0008639391492961539	9.792105114195857e-05
0.008844500362025918	0.010741315079476866	-0.0009407521428951267	0.00011626086423095888
0.009125254941143668	0.011701777378140594	-0.0010241695636578388	0.000137980517102686
0.009414921627273592	0.012745503962122647	-0.0011147313937455495	0.000163690497328686
0.009713783321060253	0.01387938722323608	-0.0012130183392412988	0.00019410880318386468
0.010022131903378657	0.015110849751457897	-0.0013196544814248084	0.00023007926816147976
0.01034026852039736	0.016447880134835075	-0.0014353100483722888	0.0002725928758648608
0.01066850387769048	0.01789907055177223	-0.0015607043053539823	0.00032281252454607033
0.011007158543685764	0.019473656162241854	-0.001696608561267216	0.00038210176493538536
0.011356563262745213	0.02118155629049354	-0.0018438492869272973	0.0004520581070802488
0.01171705927818387	0.0230334173755694	-0.002003311339426816	0.0005345515723198584
0.012088998665542404	0.025040657647127932	-0.002175941284949364	0.0006317692558762137
0.012472744676438824	0.027215513462494432	-0.002362750810369812	0.0007462667644191188
0.012868672093335283	0.0295710872162411	-0.002564820211673243	0.0008810275018687455
0.013277167595566358	0.0321213967056931	-0.0027833019446621213	0.0010395308960396714
0.0136986301369863	0.034881425804291176	-0.003019424220580104	0.0012258307887640962
0.014133471335604149	0.037867176259448826	-0.003274494626146104	0.0014446453529208246
0.014582115875587116	0.04109572039215194	-0.0035499037440498422	0.001701460051141952
0.015045001922025012	0.044585254431798914	-0.0038471287461981367	0.0020026453123380685
0.015522581548860636	0.0483551521714138	-0.004167736927909841	0.0023555907726208482
0.01601532118040417	0.05242601857514717	-0.004513389146829731	0.0027688581052323965
0.016523702046862748	0.05681974291169282	-0.004885843125564753	0.0032523546475984946
0.017048220654330072	0.061559550923708975	-0.005286956571940856	0.003817530219722307
0.017589389269695086	0.06667005547439557	-0.005718690065341955	0.004477599713022424
0.01814773642094336	0.07217730503795097	-0.006183109651836776	0.005247794207508059
0.01872380741333968	0.07810882932067968	-0.0066823890847444445	0.006145643541726981
0.01931816486199604	0.08449368121408977	-0.007218811640963572	0.0071912934066159385
0.019931389241345222	0.09136247419053933	-0.007794771436829551	0.00840786015196938
0.02056407945205648	0.09874741415609978	-0.008412774160518284	0.009821826571592179
0.021216853405947034	0.1066823246746634	-0.009075437131140352	0.011463481957111577
0.021890348629460727	0.1152026643724301	-0.009785488587739352	0.013367409665407552
0.022585222886303127	0.1243455352234264	-0.010545766104505852	0.015573025312731319
0.023302154819841107	0.1341496803054794	-0.011359214021743174	0.018125168469254098
0.024041844615894495	0.1446554695031312	-0.012228879775586806	0.02107475035773708
0.02480501468656695	0.1559048715206084	-0.01315790900331423	0.024479459533196905
0.02559241037578387	0.1679414104556671	-0.01414953929543158	0.028404526808111813
0.02640480068722664	0.1808101050757131	-0.015207092460747775	0.032923549758600144
0.02724297903537386	0.1945573888331256	-0.016333965166521927	0.03811937596762518
0.028107764020383244	0.2092310085595924	-0.01753361781268637	0.04408504269646558
0.029000000227570887	0.2248798996922383	-0.018809561497310896	0.05092476888931228
0.029920559052268737	0.241554035810487	-0.02016534293010132	0.058754993271822625
0.03087033955086587	0.2593042502054114	-0.021604527152047283	0.06770544976805415
0.03185026931886467	0.2781820271666712	-0.023130677922589604	0.07792026849971716
0.032861305396809565	0.2982392606602529	-0.024747335641115385	0.0895590872205083
0.033904435204972945	0.3195279780877904	-0.02645799267746459	0.10279815415739221
0.034980677507711326	0.3421000268703213	-0.028266065996706575	0.11783139887160474
0.0360910834084333	0.3660067216913593	-0.030174866976985334	0.1348714429203349
0.037236737376151297	0.3912984503719754	-0.032187568336008845	0.15415051681889452
0.038418758304619535	0.4180242365403076	-0.03430716810204629	0.17592124411828913
0.039638300605092616	0.4462312575060045	-0.03653645058937764	0.20045724739706014
0.040896555333772	0.4759643160631587	-0.0388779443663018	0.22805352472361967
0.04219475135504152	0.5072652653300668	-0.04133387723634616	0.2590265388177724
0.04353415654162792	0.5401723861973698	-0.04390612829054133	0.29371395491162594
0.04491607901285854	0.574719717504336	-0.04659617713084492	0.3324739574114729
0.0463418684122256	0.6109363397024425	-0.04940505041234759	0.3756840701752649
0.047812917225504674	0.6488456135015375	-0.05233326590510986	0.42373940088048145
0.049330662140714736	0.6884643758314051	-0.055380774335694806	0.47705022695494737
0.050896585451248	0.7298020963939111	-0.0585468993340052	0.5360388393225737
0.05251221650353987	0.772859999129822	-0.06183027588319295	0.6011355612707402
0.05417913319069284	0.8176301540794915	-0.06522878774940863	0.6727738636113104
0.05589896349351315	0.8640945463748437	-0.06873950445411568	0.7513845045473443
0.0576733870704652	0.9122241304551884	-0.07235861844455822	0.8373886338479296
0.05950413689809647	0.96197787904123	-0.07608138321745916	0.9311898166369452
0.06139300096353513	1.013301837915546	-0.07990205325652758	1.0331649528376325
0.06334182401071344	1.0661281991240148	-0.08381382675484873	1.1436540945227067
0.06535250934202196	1.1203744068056607	-0.08780879220716038	1.2629491954140164
0.06742702067715467	1.1759423114463077	-0.09187788007219688	1.3912818646962457
0.06956738407096003	1.2327173898959336	-0.09601082081877405	1.528810241066138
0.07177568989217109	1.2905680499453716	-0.1001961107773242	1.6756051521547008
0.0740540948649475	1.349345039573134	-0.1044209873165037	1.8316357784127757
0.07640482417522274	1.4088809820893646	-0.1086714149467046	1.9967550981196114
0.0788301736439141	1.4689900592576643	-0.1129320840123444	2.1706854497972077
0.08133251196911791	1.529467864999057	-0.1171864236654564	2.3530046079562736
0.08391428303947926	1.5900914524057157	-0.1214166308065821	2.54313282525014
0.08657800832099649	1.650619596445417	-0.1256037166272209	2.740321345800202
0.0893262893195906	1.710793293854204	-0.1297275722832438	2.9436429373070214
0.09216181012184509	1.7703365202338697	-0.1337670550634623	3.1519850198941177
0.09508734001639776	1.828957262242065	-0.1377000961859683	3.364045983597614
0.09810573619854399	1.886348839949341	-0.141503831052772	3.5783352801808364
0.1012199465606938	1.9421915309199715	-0.1451547524190851	3.7931778449271083
0.1044330125714073	1.9961545033539143	-0.1486288864888618	4.006723347159031
0.1077480722458204	2.0478980607314963	-0.1519019914381997	4.216960682150715
0.1111683632103622	2.097076194882165	-0.1549497773022242	4.421738000627469
0.114697225864757	2.143339438332713	-0.157748145552697	4.618788425337704
0.1183381066443986	2.186338000283667	-0.1602734460604419	4.805761428996473
0.122094561386284	2.225725163744792	-0.1625027485000752	4.98025964779686
0.1259702588017931	2.2611609143818554	-0.1644141246386273	5.139880685108874
0.1299689840597058	2.2923157646533925	-0.1659869373803397	5.282263228259373
0.1340946424829574	2.3188747300235844	-0.1672021319434559	5.405136566468388
0.1383512633627404	2.3405414076039004	-0.1680425241461095	5.506372370629844
0.1427430038936795	2.357042101675252	-0.1684930804993563	5.584037387245852
0.1472741532339226	2.368129935335837	-0.1685411846632113	5.636445521561394
0.1519491366941123	2.3735888831519074	-0.1681768848272473	5.662207650812516
0.1567725200593304	2.373237656281895	-0.1673931167346583	5.660277428724526
0.161749014048235	2.3669333691977568	-0.1661858973735403	5.629991326707693
0.1668834789137462	2.3545749159171137	-0.1645544847995332	5.571101213133723
0.1721809291897731	2.336105983642351	-0.1625015001108228	5.483797904347864
0.1776465385886182	2.3115176329210088	-0.1600330082450569	5.3687243310327055
0.1832856450538418	2.2808503759314425	-0.1571585549796076	5.226977248789881
0.1891037559735218	2.2441956882963274	-0.1538911582623099	5.060096775959142
0.1951065535590002	2.2016968949796643	-0.1502472527514939	4.870043454322466
0.201299900394369	2.153549377389455	-0.1462465871783393	4.659162985115822
0.2076898451621163	2.100000056860984	-0.1419120748446342	4.430139275802845
0.2142826285505229	2.0413461193170868	-0.137269598226681	4.185936921448244
0.221084689348581	1.9779329571731383	-0.1323477692723821	3.9297347151030513
0.2281026707343855	1.9101513175382476	-0.1271776475632998	3.6648522099328384
0.2353434267631408	1.8384336604808744	-0.12179241908379	3.3946717173353886
0.2428140290611184	1.76324974752705	-0.1162270389165766	3.1225583967295214
0.2505217737321043	1.6851014984928685	-0.1105178417851222	2.8517812535757523
0.2584741884830806	1.60451717671643	-0.1047021252479882	2.5854379054095085
0.2666790399760988	1.5220449659867443	-0.09881770978685608	2.326385818253109
0.2751443414135297	1.4382460649655096	-0.09290248386364275	2.077182614896807
0.2838783603640915	1.353687387904004	-0.08699393881416154	1.8400374895607672
0.292889626837306	1.2689340215741989	-0.08112870219813008	1.6167754174288225
0.3021869416142627	1.184541586960205	-0.0753420777981275	1.40881519992514
0.3117793848428319	1.1010486695287087	-0.06966760127314407	1.2171617473380936
0.3216763249057174	1.0189694897633332	-0.06413662089715673	1.0424123272086534
0.3318874275700134	0.938786988076989	-0.05877791296617248	0.8847758520353237
0.3424226654271972	0.8609464944841543	-0.053617341269151	0.7441036856493265
0.3532923276327816	0.7858501430779709	-0.04867756943531293	0.619929953141797
0.3645070299551355	0.7138521743234456	-0.043977833962560095	0.5115189766663495
0.376077725143289	0.6452552447523217	-0.039533784298310816	0.41791725098132393
0.3880157136238479	0.5803078345496132	-0.03535739451860611	0.3380073281868056
0.4003326545374649	0.5192028098740894	-0.03145694900078943	0.27056109742158807
0.4130405771256451	0.4620771600172655	-0.027837102107349448	0.21429020606335658
0.426151892479009	0.4090128913990951	-0.024499009416696832	0.16789174679304733
0.439679405658484	0.3600390227864183	-0.02144052558791266	0.130087794066485
0.4536363282012645	0.3151345908815622	-0.018656461672610623	0.09965787393223118
0.4680362910237539	0.2742325443221266	-0.016138892721794224	0.07546395222367273
0.4828933577340895	0.2372243786684463	-0.013877504992630806	0.0564679909794509
0.4982220383672527	0.2039653462912995	-0.011859971024890812	0.04174252140044097
0.514037303556178	0.174280063935036	-0.010072340378387798	0.030474992725898337
0.5303545991527017	0.147968337379003	-0.00849943391137845	0.021966869243520346
0.5471898613126293	0.1248110268415	-0.007125230106989103	0.015628561325307176
0.5645595320596534	0.1045757879239138	-0.005933233057181314	0.010971298674418224
0.5824805753433256	0.08702253997656617	-0.0049068132007406015	0.007596999279760019
0.6009704936067608	0.07190853551486305	-0.004029513673797948	0.005187074460339645
0.620047344880257	0.05899292929877452	-0.0032853170503305954	0.0034909590153714017
0.6397297604175277	0.04804077243512668	-0.002658869208950094	0.0023149854016339304
0.6600369628917646	0.03882638394649733	-0.0021356589539203853	0.0015120491295282858
0.6809887851693079	0.031136078384387193	-0.0017021537522683356	0.0009723527045550646
0.7026056896792561	0.02477025215787204	-0.0013458934555856696	0.0006153768211583528
0.7249087883979329	0.01954485245114147	-0.0010555451084029348	0.00038311543281276404
0.7479198634677293	0.015292270317181668	-0.0008209228812446355	0.00023452744583070653
0.7716613884704586	0.011861713415891432	-0.0006329778029159302	0.00014110090605972306
0.7961565503759997	0.009119123800535128	-0.00048376231769332146	8.339244486950624e-05
0.821429272187665	0.0069467122378245386	-0.0003663747866889901	4.839104139946261e-05
0.8475042363064093	0.005242183032247662	-0.00027488892548383094	2.755604686493895e-05
0.8744069086366995	0.003917722602512419	-0.00020427286402206765	1.5390277793212458e-05
0.9021635634575847	0.002898821606678236	-0.00015030207318611618	8.425757420548635e-06
0.9308013090832616	0.0021229947692681843	-0.00010946986786602556	4.519090442310676e-06
0.9603481143381896	0.0015384552890922677	-7.889860803604582e-05	2.3730696668859986e-06
0.9908328358726216	0.001102792357619302	-5.625411229069821e-05	1.219315509173153e-06
1.022285246345218	0.0007816914225683611	-3.9665202136506874e-05	6.12614808377478e-07
1.0547360635002747	0.000547727868521236	-2.764973407396568e-05	3.007703257491774e-07
1.0882169801679635	0.0003792561679265095	-1.9047968375332195e-05	1.4419806600952844e-07
1.122760695216878	0.0002594086173150048	-1.2963681040499434e-05	6.746088776340242e-08
1.158400945489123	0.00017521076318439865	-8.713056060999441e-06	3.0774728881581544e-08
1.1951725387491303	0.00011681470070071746	-5.781101477995694e-06	1.3679095434097083e-08
1.233111387678381	7.684668929544793e-05	-3.7851127549124233e-06	5.919740734238511e-09
1.27225454494924	4.9861942617677966e-05	-2.4445568209604883e-06	2.492189179659515e-09
1.312640239412149	3.189698213973289e-05	-1.556661561718413e-06	1.0198406648401707e-09
1.3543079134315286	2.010857191639132e-05	-9.769560680609184e-07	4.0530910767560266e-10
1.397298261406845	1.2487453274931296e-05	-6.04019158446365e-07	1.563013284373626e-10
1.4416532695164703	7.635328781100061e-06	-3.67727743042321e-07	5.843346928849795e-11
1.4874162567231453	4.594619806145961e-06	-2.2033990440010406e-07	2.1159080836499794e-11
1.5346319170810978	2.7198366898138574e-06	-1.2987712918745642e-07	7.414379687943576e-12
1.5833463633861324	1.5827167361012385e-06	-7.528263157125376e-08	2.5106597413512507e-12
1.6336071722113206	9.055778734180626e-07	-4.286856896856736e-08	8.219089990297934e-13
1.6854634303722813	5.094452359298005e-07	-2.3958246715963672e-08	2.6010844599727307e-13
1.738965782867424	2.802498838280761e-07	-1.3182090431424496e-08	7.871376489379241e-14
1.7941664823399808	1.5365836146999245e-07	-7.034932777644528e-09	2.366038232882884e-14
1.8511194401101303	8.396389747202783e-08	-3.6310529224084294e-09	7.0631206240185326e-15
1.9098802788270568	4.497325956524977e-08	-1.8356999786825719e-09	2.025963870335065e-15
1.970506386792364	2.2850534311831217e-08	-9.327036944754969e-10	5.23016854517864e-16
2.0330569740078985	1.136328634425176e-08	-4.6382194000509664e-10	1.2933940733348863e-16
2.097593130002724	5.5268901497626945e-09	-2.2559432489833914e-10	3.059740752697024e-17
2.164177883495719	2.6273703501412265e-09	-1.0724292040135308e-10	6.914576000777442e-18
