r	P	Q	rho
9.230064382308857e-05	6.92073467892707e-08	4.916092858605805e-07	2.4646934679396037e-13
9.52305807723944e-05	7.358378907895752e-08	5.220903702671789e-07	2.779929287409365e-13
9.825352390422877e-05	7.823954639150486e-08	5.544598533329322e-07	3.1354715557752517e-13
0.00010137242555174352	8.319268557185441e-08	5.888345827180752e-07	3.5364718873742716e-13
0.00010459033176520496	8.846246436431995e-08	6.253386223759852e-07	3.988740002365036e-13
0.0001079103852868942	9.406941194299344e-08	6.641036967451386e-07	4.4988277429385956e-13
0.00011133582862044124	1.0003541509675469e-07	7.052696627400166e-07	5.074123814549967e-13
0.00011487000719759018	1.0638381039222888e-07	7.489850098223962e-07	5.722960600522247e-13
0.00011851637264548812	1.1313948288842782e-07	7.954073912174355e-07	6.454734605915875e-13
0.00012227848615768938	1.2032897174300713e-07	8.447041875474143e-07	7.280042259008667e-13
0.0001261600219721663	1.2798058331389562e-07	8.970531049227683e-07	8.210833027569441e-13
0.00013016477095972452	1.3612451225487482e-07	9.526428096170343e-07	9.260582055516647e-13
0.0001342966443263264	1.447929712178472e-07	1.0116736015312578e-06	1.0444484805493186e-12
0.00013855967743293905	1.540203297911784e-07	1.0743581287996787e-06	1.1779676509069304e-12
0.00014295803373663704	1.6384326336182285e-07	1.140922146027152e-06	1.328547958244254e-12
0.0001474960088568096	1.743009126399249e-07	1.2116053187967806e-06	1.498368256683759e-12
0.00015217803477044254	1.8543505464256176e-07	1.286662077243656e-06	1.6898854605072498e-12
0.00015700868414057333	1.9729028599534512e-07	1.3663625216568095e-06	1.9058699975364807e-12
0.00016199267478214546	2.0991421947783282e-07	1.450993383247391e-06	2.1494457777666977e-12
0.0001671348742696247	2.2335769481138213e-07	1.54085904340714e-06	2.4241352514810215e-12
0.0001724403046908767	2.376750047667015e-07	1.6362826149780123e-06	2.7339102039701334e-12
0.00017791414755194862	2.529241377534167e-07	1.7376070892618972e-06	3.083249016111512e-12
0.0001835617488375456	2.6916703814601204e-07	1.8451965527194055e-06	3.477201212591875e-12
0.00018938862423214373	2.8646988570012573e-07	1.9594374775392717e-06	3.921460223798507e-12
0.0001954004645068391	3.049033955210083e-07	2.080740090505776e-06	4.4224454048382244e-12
0.00020160314107719367	3.245431401627042e-07	2.2095398248514005e-06	4.9873944874310265e-12
0.00020800271173750608	3.454698955629361e-07	2.346298860056424e-06	5.62446778944234e-12
0.00021460542657710812	3.677700126555858e-07	2.4915077548471864e-06	6.342865674672357e-12
0.000221417734084464	3.915358166509826e-07	2.6456871789510484e-06	7.152960944586508e-12
0.0002284462874450352	4.168660361348793e-07	2.8093897494895145e-06	8.066448056619564e-12
0.00023569795103906005	4.438662643111059e-07	2.9832019782325244e-06	9.096511303523945e-12
0.00024317980714559645	4.7264945490156013e-07	3.167746336297365e-06	1.0258014358344121e-11
0.0002508991628593723	5.03336455421705e-07	3.3636834432561087e-06	1.1567713893791758e-11
0.00025886355722720114	5.360565807714208e-07	3.5717143880168574e-06	1.3044500327354982e-11
0.00026708076861093146	5.709482303214155e-07	3.7925831892674615e-06	1.4709669129221305e-11
0.0002755588222841218	6.08159551936005e-07	4.027079403716906e-06	1.6587226564451913e-11
0.00028430599826985946	6.478491566557035e-07	4.2760408908402636e-06	1.8704234229917503e-11
0.0002933308394273788	6.901868880696008e-07	4.54035674332934e-06	2.109119729715941e-11
0.000302642159795376	7.353546507400026e-07	4.820970392973901e-06	2.3782501992295883e-11
0.0003122490532001691	7.835473024025375e-07	5.118882902249156e-06	2.6816908542041034e-11
0.00032216090213711105	8.349736150562821e-07	5.435156452465124e-06	3.023810660061343e-11
0.00033238738693392795	8.898573104831319e-07	5.7709180399440944e-06	3.409534105677246e-11
0.0003429384952049336	9.484381761964635e-07	6.127363392334925e-06	3.844411711579303e-11
0.0003538245316053528	1.0109732683192676e-06	6.505761117848892e-06	4.334699467177061e-11
0.0003650561278952806	1.0777382084347542e-06	6.90745710091272e-06	4.8874483246869706e-11
0.000376644253323105	1.1490285820416493e-06	7.333879158481653e-06	5.51060501935602e-11
0.0003886002253385356	1.2251614468860065e-06	7.786541972040773e-06	6.213125645328842e-11
0.0004009357206456999	1.3064769601357395e-06	8.267052311147524e-06	7.005103596261514e-11
0.0004136627866071028	1.3933401341179302e-06	8.777114565234399e-06	7.89791368205936e-11
0.0004267938530095864	1.4861427311574725e-06	9.318536601299554e-06	8.904374460713162e-11
0.0004403417442037817	1.5853053089443323e-06	9.893235966066309e-06	1.0038931080283505e-10
0.0004543196916289081	1.6912794288217032e-06	1.050324645219186e-05	1.1317861214183635e-10
0.0004687413467351511	1.8045500404352124e-06	1.1150725049152671e-05	1.2759506997023557e-10
0.0004836207943162432	1.925638057321237e-06	1.1837959300530566e-05	1.4384536232882205e-10
0.0004989725662652635	2.0551031392480727e-06	1.2567375090571311e-05	1.6216236558005955e-10
0.0005148116557670947	2.193546698465588e-06	1.3341544884087926e-05	1.8280846701248201e-10
0.0005311535319413974	2.3416151484762333e-06	1.416319644503566e-05	2.0607929504424412e-10
0.0005480141549504008	2.5000034155228184e-06	1.5035222060396453e-05	2.323079194830579e-10
0.0005654099915862677	2.6694587347069558e-06	1.5960688297378606e-05	2.6186958086238163e-10
0.0005833580313532549	2.8507847545183577e-06	1.6942846323364337e-05	2.9518701525373474e-10
0.0006018758030603757	3.04484597558172e-06	1.7985142819524864e-05	3.3273644925372296e-10
0.0006209813919407707	3.252572551628548e-06	1.9091231520570772e-05	3.750543491756424e-10
0.0006406934573145066	3.474965483090876e-06	2.0264985414716037e-05	4.2274501896732674e-10
0.0006610312508120499	3.713102236308359e-06	2.1510509639607523e-05	4.764891531729263e-10
0.0006820146351762184	3.968142824157264e-06	2.2832155111709512e-05	5.370534645180737e-10
0.0007036641036609689	4.241336386968255e-06	2.423453292843396e-05	6.053015206067708e-10
0.0007260008000459699	4.5340283159200095e-06	2.57225295841734e-05	6.822059409782403e-10
0.0007490465392865036	4.8476679646997725e-06	2.7301323043323382e-05	7.688621246118767e-10
0.0007728238288188677	5.183816999133805e-06	2.8976399715374537e-05	8.665036991456661e-10
0.0007973558905420817	5.54415843873629e-06	3.07535723792107e-05	9.765199068771623e-10
0.000822666683497369	5.930506448732487e-06	3.263899910586656e-05	1.1004751693712159e-09
0.0008487809272675614	6.344816946111044e-06	3.463920323117418e-05	1.2401311025702453e-09
0.0008757241261192817	6.7891990886840175e-06	3.676109443196072e-05	1.3974712881013214e-09
0.0009035225939114818	7.265927722016569e-06	3.901199096174499e-05	1.5747291444608418e-09
0.0009322034797946602	7.77745686546936e-06	4.1399643104215586e-05	1.7744192844506617e-09
0.0009617947947258637	8.32643432551662e-06	4.3932257905151925e-05	1.9993727932219253e-09
0.0009923254388253624	8.915717532005638e-06	4.6618525245867206e-05	2.2527769152100705e-09
0.001023825229601722	9.548390701156717e-06	4.946764532370013e-05	2.5382196988533273e-09
0.0010563249310728317	1.0227783437917805e-05	5.248935760755492e-05	2.8597402161067293e-09
0.001089856283811338	1.0957490899839863e-05	5.569397133897396e-05	3.2218850503265262e-09
0.0011244520359438193	1.1741395654987365e-05	5.909239765171658e-05	3.629771832155555e-09
0.0011601459751339794	1.2583691377606092e-05	6.26961833852963e-05	4.089160699769542e-09
0.0011969729615811011	1.3488908537406976e-05	6.651754667038443e-05	4.606534668577301e-09
0.0012349689620659778	1.4461942251462186e-05	7.056941436640381e-05	5.1891900177018284e-09
0.001274171085077582	1.5508082481928146e-05	7.486546143399394e-05	5.845337937991121e-09
0.0013146176170547735	1.6633046778192375e-05	7.942015232730787e-05	6.584218840818321e-09
0.0013563480597784425	1.784301577867824e-05	8.424878449327938e-05	7.416230900673193e-09
0.001399403168950607	1.9144671705529575e-05	8.936753406704786e-05	8.353074599937465e-09
0.0014438249939981416	2.0545240104838495e-05	9.479350385462309e-05	9.407915264001905e-09
0.001489656919140014	2.205253510608468e-05	0.0001005447736955768	1.0595565822099849e-08
0.0015369437057581334	2.367500849713908e-05	0.00010664045330002848	1.1932692307375163e-08
0.0015857315361131948	2.542180293567427e-05	0.00011310073765540992	1.3438044922698118e-08
0.001636068058448214	2.7302809644248855e-05	0.000119946965099403	1.513271785102749e-08
0.0016880024335238011	2.9328730964835153e-05	0.00012720167815599636	1.704044138570936e-08
0.0017415853826306246	3.151114817928515e-05	0.00013488868723175206	1.9187910402682296e-08
0.0017968692371259493	3.386259503533716e-05	0.0001430331372690468	2.1605153699553228e-08
0.00185390798954264	3.639663745341852e-05	0.00015166157745219645	2.4325949293204173e-08
0.001912757346320534	3.912795992787413e-05	0.00016080203406091152	2.738829140624387e-08
0.001973474782211689	4.2072459177526974e-05	0.00017048408656339053	3.083491559259831e-08
0.0020361195964126366	4.52473456448488e-05	0.00018073894703845412	3.471388926447354e-08
0.0021007529704784723	4.867125349068508e-05	0.0001915995430123613	3.907927579890021e-08
0.002167438028075321	5.236435978264839e-05	0.0002031006037912318	4.399188143580957e-08
0.002236239896629567	5.634851363018329e-05	0.00021527875036421885	4.9520095346710606e-08
0.0023072257709340306	6.064737607813909e-05	0.00022817258894561248	5.574083457130667e-08
0.002380464978773221	6.528657163369363e-05	0.00024182280821578248	6.274060700904852e-08
0.002456029048631762	7.02938523688896e-05	0.0002562722803111523	7.061670733673707e-08
0.0025339917795521136	7.569927561311415e-05	0.00027156616560208456	7.947856262816904e-08
0.002614429313209813	8.153539632681835e-05	0.0002877520212844909	8.944924660748144e-08
0.002697420208276631	8.783747532987897e-05	0.00030487991379599426	1.0066718390857998e-07
0.0027830455171442706	9.464370464549966e-05	0.000323002535050371	1.1328806847799071e-07
0.002871388865083532	0.0001019954513136668	0.0003421753224646023	1.2748702339243313e-07
0.0029625365319162645	0.00010993752112715882	0.00036245658273095007	1.4346103291658256e-07
0.0030565775362798604	0.0001185184438481764	0.00038390761926182656	1.6143168165947692e-07
0.003153603722566596	0.0001277907815750267	0.00040659286320760153	1.8164824026691155e-07
0.0032537098506227142	0.00013781146204614998	0.00043058000791665487	2.0439114228880402e-07
0.0033569936882948755	0.00014864213879328393	0.000455940146672644	2.2997590277291397e-07
0.003463556106914335	0.00016034958018685988	0.0004827479135058622	2.5875753586036564e-07
0.003573501179812123	0.00017300608955490631	0.000511081626833406	2.911355363097611e-07
0.003686936283961423	0.00018668995870184957	0.0005410234356363404	3.275594985878477e-07
0.0038039722048464376	0.00020148595730563865	0.0005726594678308444	3.685354570876755e-07
0.003924723244660137	0.0002174858608305045	0.000606079980434078	4.14633042344158e-07
0.004049307333936585	0.00023478901975823005	0.0006413795110639248	4.664935610116297e-07
0.00417784614672684	0.00025350297311281056	0.0006786570302444333	5.24839122077228e-07
0.004310465219430945	0.0002737441094314456	0.0007180160939153961	5.904829485699383e-07
0.004447294073402051	0.0002956383785184456	0.0007595649954646406	6.643410331882152e-07
0.004588466341442397	0.00031932205750719896	0.0008034169165149369	7.47445318153e-07
0.00473411989831472	0.00034494257494802966	0.000849690075603546	8.409586045909369e-07
0.004884396995396534	0.00037265939683555857	0.0008985078737909917	9.46191425314251e-07
0.005039444399608799	0.0004026449786868414	0.0009499990361262352	1.064621147502503e-06
0.005199413536754652	0.00043508578797960457	0.0010042977477777786	1.197913609093352e-06
0.005364460639408205	0.0004701834014565628	0.0010615437835139044	1.3479476353222786e-06
0.005534746899497837	0.0005081556819949927	0.0011218826290800268	1.5168428305753092e-06
0.005710438625732992	0.0005492380399280051	0.0011854655928766685	1.706991096398388e-06
0.0058917074060282505	0.0005936847838824296	0.0012524499061876688	1.9210923901230276e-06
0.006078730275083286	0.0006417705663646259	0.0013229988100446558	2.162195311231548e-06
0.006271689887282386	0.0006937919294760167	0.0013972816266404756	2.433743185553108e-06
0.006470774695082393	0.0007500689562703724	0.0014754738130210883	2.739626412071515e-06
0.006676179133063276	0.0008109470333698702	0.001557756994592455	3.0842419451331113e-06
0.006888103807821108	0.0008767987305310642	0.0016443189757762535	3.472560907958753e-06
0.007106755693888895	0.0009480258028887319	0.001735353724936171	3.910205473592669e-06
0.007332348335876579	0.0010250613215979534	0.00183106133047534	4.403536308998265e-06
0.007565102057027677	0.0011083719385345935	0.0019316479247758216	4.95975205942167e-06
0.007805244174396205	0.0011984602905926389	0.002037325572413536	5.587002556137533e-06
0.008053009220854062	0.0012958675489234694	0.0021483121188376688	6.294517664297714e-06
0.008308639174145665	0.0014011761181860075	0.0022648309954534504	7.092753952141475e-06
0.00857238369321358	0.0015150124905053814	0.0023871109767926663	7.993561661911355e-06
0.008844500362025918	0.0016380502583577038	0.0025153858851991086	9.010374800364644e-06
0.009125254941143668	0.001771013289994798	0.002649894238198181	1.0158427546974117e-05
0.009414921627273592	0.0019146790702788752	0.002790878833463587	1.1455000605239049e-05
0.009713783321060253	0.002069882208895427	0.0029385862660419723	1.2919701601672314e-05
0.010022131903378657	0.002237518116833561	0.0030932663722517484	1.4574784172861897e-05
0.01034026852039736	0.0024185468507457674	0.003255171594438619	1.644551097849233e-05
0.01066850387769048	0.0026139971233010563	0.003424556260551586	1.856056654230926e-05
0.011007158543685764	0.002824970475902448	0.0036016757723039763	2.095252655852195e-05
0.011356563262745213	0.003052645608126039	0.0037867856955093302	2.3658391112525277e-05
0.01171705927818387	0.0032982828559271053	0.003980140746037605	2.6720190155971442e-05
0.012088998665542404	0.0035632288080199364	0.004181993664729166	3.0185670550138056e-05
0.012472744676438824	0.003848921046842229	0.0043925939745395205	3.410907504998598e-05
0.012868672093335283	0.004156892997130312	0.0046121866131741615	3.8552024744333975e-05
0.013277167595566358	0.004488778861325874	0.004841010434518424	4.3584517693002265e-05
0.0136986301369863	0.004846318616774901	0.005079296572280921	4.9286057804483695e-05
0.014133471335604149	0.005231363044931641	0.00532726665946035	5.574692936887429e-05
0.014582115875587116	0.005645878757511001	0.005585130897524565	6.306963408699751e-05
0.015045001922025012	0.00609195317870878	0.00585308596956862	7.137050889874103e-05
0.015522581548860636	0.006571799436198673	0.006131312792206483	8.078154438549606e-05
0.01601532118040417	0.007087761106588113	0.006419974101561217	9.145242496877991e-05
0.016523702046862748	0.00764231675334435	0.006719211869463252	0.00010355281350518359
0.017048220654330072	0.008238084186864354	0.007029144546858432	0.00011727490413049413
0.017589389269695086	0.008877824367338343	0.007349864132480241	0.00013283626826322598
0.01814773642094336	0.009564444861334655	0.007681433066066856	0.00015048301945397614
0.01872380741333968	0.010301002752608104	0.00802388094681652	0.00017049332315792492
0.01931816486199604	0.01109070689650966	0.008377201079387202	0.00019318127738877306
0.019931389241345222	0.011936919395567128	0.008741346851570573	0.00021890118943572947
0.02056407945205648	0.012843156161343471	0.009116227949817552	0.0002480522722176895
0.021216853405947034	0.013813086414604934	0.009501706421073888	0.00028108378120962016
0.021890348629460727	0.014850530962206477	0.009897592591907652	0.00031850060897483843
0.022585222886303127	0.015959459075009574	0.010303640858684638	0.00036086934891166095
0.023302154819841107	0.017143983776691022	0.010719545365576628	0.00040882483258010036
0.024041844615894495	0.01840835533861265	0.011144935590475	0.00046307713558846515
0.02480501468656695	0.019756952761160317	0.011579371862427752	0.0005244190351351037
0.02559241037578387	0.021194273007319145	0.012022340838018395	0.0005937338875342617
0.02640480068722664	0.022724917739958984	0.01247325096815356	0.0006720038760024463
0.02724297903537386	0.024353577300627583	0.012931427991011248	0.0007603185572243523
0.028107764020383244	0.026085011654900465	0.013396110491407725	0.0008598836093342972
0.029000000227570887	0.027924028017873304	0.013866445571547512	0.0009720296535316629
0.029920559052268737	0.02987545486361365	0.014341484683001492	0.0010982209862205829
0.03087033955086587	0.031944112014775414	0.014820179674780592	0.0012400640180052988
0.03185026931886467	0.034134776503641	0.015301379117498404	0.0013993151698509382
0.032861305396809565	0.03645214389417075	0.015783824968799435	0.0015778879251270262
0.033904435204972945	0.038900784756848335	0.016266149650417498	0.0017778586791484209
0.034980677507711326	0.041485095994918605	0.016746873612359006	0.0020014709654959384
0.0360910834084333	0.044209246732789455	0.017224403464707702	0.0022511375713956897
0.037236737376151297	0.047077118495745626	0.017697030762339572	0.002529439983665668
0.038418758304619535	0.0500922394355928	0.01816293153232631	0.002839124533520732
0.039638300605092616	0.053257712390367945	0.01862016663788779	0.003183094534677861
0.040896555333772	0.056576136608818856	0.019066683076308093	0.0035643976371121065
0.04219475135504152	0.06004952302301432	0.019500316311120484	0.003986207551525279
0.04353415654162792	0.06367920301626663	0.019918793740940056	0.004451799240881014
0.04491607901285854	0.06746573070960708	0.020319739408405223	0.004964516629806717
0.0463418684122256	0.0714087788794132	0.020700680052585647	0.0055277318556884465
0.047812917225504674	0.0755070287224575	0.02105905260670699	0.006144795083186075
0.049330662140714736	0.07975805380355952	0.021392213239890247	0.0068189739338324305
0.050896585451248	0.0841581986559709	0.021697448036541438	0.00755338165231628
0.05251221650353987	0.08870245265621905	0.02197198539976947	0.008350893249636466
0.05417913319069284	0.09338431996373037	0.022213010255453535	0.009214049039697254
0.05589896349351315	0.09819568650118803	0.022417680121009607	0.01014494522944751
0.0576733870704652	0.1031266851538685	0.022583143087203345	0.01114511154252222
0.05950413689809647	0.1081655605842778	0.022706557742214653	0.0122153762610116
0.06139300096353513	0.1132985352908043	0.022785115044298764	0.013355719566623559
0.06334182401071344	0.1185096787836666	0.022816062122575868	0.014565116656189078
0.06535250934202196	0.123780782005234	0.022796727954556072	0.0158413727992613
0.06742702067715467	0.1290912393810229	0.022724550833906173	0.017180953295531345
0.06956738407096003	0.1344179411476101	0.02259710750275904	0.018578812169853624
0.07177568989217109	0.1397351788586192	0.022412143779784625	0.020028224399456035
0.0740540948649475	0.1450145672131553	0.022167606468706292	0.021520627480570168
0.07640482417522274	0.1502249855748961	0.02186167628259847	0.02304547918086287
0.0788301736439141	0.1553325427459687	0.02149280146802241	0.024590139350872016
0.08133251196911791	0.160300568718448	0.021059731760978476	0.026139784633302236
0.08391428303947926	0.1650896372379664	0.02056155225515441	0.02767736575450479
0.08657800832099649	0.1696576230683891	0.01999771671364097	0.02918361773897463
0.0893262893195906	0.173959797833682	0.019368079809967367	0.030637133777860783
0.09216181012184509	0.1779489682232668	0.018672927744914997	0.03201451352229203
0.09508734001639776	0.181575660171415	0.01791300665408457	0.03329059617407446
0.09810573619854399	0.1847883523518814	0.017089548199560933	0.03443878782258819
0.1012199465606938	0.1875337619599537	0.016204291729024243	0.0354314909452919
0.1044330125714073	0.1897571852813119	0.015259502388797508	0.03624064177903986
0.1077480722458204	0.191402894968725	0.014257984594694828	0.03683835832711133
0.1111683632103622	0.1924145952643061	0.013203090296724625	0.03719769806411019
0.114697225864757	0.1927359356198861	0.01209872152068234	0.03729351994170791
0.1183381066443986	0.1923110822865505	0.010949326730753448	0.03710344012608119
0.122094561386284	0.1910853464740588	0.009759890631086605	0.03660886510224187
0.1259702588017931	0.1890058666309891	0.008535917108913273	0.03579607950182147
0.1299689840597058	0.1860223412773986	0.00728340511469385	0.034657359444389704
0.1340946424829574	0.1820878076445226	0.006008817373124164	0.03319207557901222
0.1383512633627404	0.1771594601515126	0.004719041919676616	0.03140774367781505
0.1427430038936795	0.171199501487994	0.00342134655784932	0.02932097492200657
0.1472741532339226	0.164176017783258	0.002123326430041322	0.02695827333029716
0.1519491366941123	0.1560638680376634	0.0008328449882382621	0.024356624537651646
0.1567725200593304	0.1468455766789147	-0.0004420312613235152	0.02156381878179901
0.161749014048235	0.1365122167960685	-0.001693103782368445	0.01863845193499468
0.1668834789137462	0.1250642703109093	-0.0029121182651403728	0.01564955214119035
0.1721809291897731	0.1125124500880159	-0.0040908455005275	0.012675786441717456
0.1776465385886182	0.0988784677867944	-0.005221166176561245	0.009804211968107407
0.1832856450538418	0.08419573015593501	-0.006295158815797458	0.007128550001007137
0.1891037559735218	0.06850994550994226	-0.0073051899762635805	0.00474697843436456
0.1951065535590002	0.05187962136886535	-0.00824400573039702	0.002759458743859649
0.201299900394369	0.03437643376065912	-0.009104823314233169	0.0012646370056843877
0.2076898451621163	0.016085448568747718	-0.009881421703677494	0.0003563841505437366
0.2142826285505229	-0.0028948243456257084	-0.010568229729396684	0.00012006748760533122
0.221084689348581	-0.02245256260044185	-0.011160410193223409	0.0006286723230077651
0.2281026707343855	-0.04246296509322931	-0.011653938306827923	0.0019389176825681622
0.2353434267631408	-0.06278880254898561	-0.01204567265071958	0.004087531955143796
0.2428140290611184	-0.08328119601634441	-0.0123334167638742	0.007087870778984194
0.2505217737321043	-0.1037806304224535	-0.0125159694384253	0.010927068741865477
0.2584741884830806	-0.1241182053223875	-0.012593161827016378	0.015563916617251762
0.2666790399760988	-0.144117119177386	-0.012565879588126523	0.02092764536981218
0.2751443414135297	-0.1635943769894393	-0.012436068509061983	0.02691777598252487
0.2838783603640915	-0.1823627040979168	-0.012206722364137912	0.03340515991677951
0.292889626837306	-0.2002326416654289	-0.011881852186780726	0.04023428919970456
0.3021869416142627	-0.2170147921641864	-0.011466436650549123	0.047226899187526074
0.3117793848428319	-0.2325221763874942	-0.010966353848417858	0.05418682342870568
0.3216763249057174	-0.2465726575476662	-0.010388295406649178	0.06090599213157447
0.3318874275700134	-0.2589913832761559	-0.009739664536176385	0.06717139767657394
0.3424226654271972	-0.2696131931800003	-0.009028460272332416	0.07277278703160527
0.3532923276327816	-0.2782849383353173	-0.008263150741752283	0.07751078656447229
0.3645070299551355	-0.2848676599266817	-0.0074525387827203615	0.08120512400641154
0.376077725143289	-0.2892385772657345	-0.00660562359546404	0.08370258884179121
0.3880157136238479	-0.2912928406016402	-0.005731462282747258	0.0848843686456711
0.4003326545374649	-0.2909450112821396	-0.004839035139768177	0.08467241585104827
0.4130405771256451	-0.2881302406074643	-0.003937118359888936	0.08303453645349504
0.426151892479009	-0.2828051286835403	-0.0030341674466817683	0.07998794698180829
0.439679405658484	-0.274948255171282	-0.002138214084636972	0.07560111498120414
0.4536363282012645	-0.2645603844327404	-0.0012567785545905437	0.06999377650353467
0.4680362910237539	-0.2516643575658564	-0.0003967990288079632	0.0633351063185045
0.4828933577340895	-0.2363046926103175	0.0004354217052612439	0.055840097341718055
0.4982220383672527	-0.2185469212964642	0.0012342523123329014	0.04776428018693341
0.514037303556178	-0.1984766957245924	0.0019947526897692485	0.03939697778404577
0.5303545991527017	-0.1761987010948545	0.002712678975554695	0.031053340894738296
0.5471898613126293	-0.1518354110267597	0.0033844757478640568	0.023065446717752944
0.5645595320596534	-0.1255257202643867	0.004007257666931896	0.01577276456190224
0.5824805753433256	-0.0974234859759402	0.004578782927229496	0.009512300872798904
0.6009704936067608	-0.06769600387708642	0.005097420843500035	0.004608732640182248
0.620047344880257	-0.036522439580925097	0.005562115708134864	0.0013648257240930048
0.6397297604175277	-0.004092229487607252	0.0059723487597288846	5.2415291887077455e-05
0.6600369628917646	0.029396540256454665	0.0063280997299293455	0.0009042014252412916
0.6809887851693079	0.0637387731710134	0.006629809026933977	0.004106585573079512
0.7026056896792561	0.09872402042801824	0.006878341206885249	0.0097937437872301
0.7249087883979329	0.1341381599002531	0.007074950011812577	0.018043100859095516
0.7479198634677293	0.1697650994594365	0.007221244940087804	0.02887233537295711
0.7716613884704586	0.205388506849166	0.007319159079030016	0.04223800883535406
0.7961565503759997	0.2407935661933079	0.007370917776295523	0.05803587194895587
0.821429272187665	0.2757687577891747	0.007379007655612222	0.07610285752656609
0.8475042363064093	0.3101076535967759	0.007346145484628546	0.09622072267277929
0.8744069086366995	0.343610716124184	0.007275246465137574	0.11812125344650304
0.9021635634575847	0.3760870835750588	0.0071693916229783805	0.1414928946082369
0.9308013090832616	0.4073563195035033	0.007031794111216396	0.1659886171678628
0.9603481143381896	0.4372501011030748	0.006865764390775604	0.19123478963531876
0.9908328358726216	0.4656138169073704	0.0066746744068551965	0.2168407777734878
1.022285246345218	0.4923080423049583	0.006461921026669488	0.2424089649414955
1.0547360635002747	0.5172098600586305	0.006230889138508504	0.2675448633213245
1.0882169801679635	0.5402139931089469	0.0059849149282021966	0.29186697755741114
1.122760695216878	0.5612337184359507	0.005727249942218688	0.3150160881013446
1.158400945489123	0.580201533713846	0.005461026613523819	0.3366636425355728
1.1951725387491303	0.5970695529186955	0.005189225962966063	0.3565189790886256
1.233111387678381	0.6118096128616847	0.004914648191740192	0.374335156156813
1.27225454494924	0.6244130796774249	0.004639886848061722	0.38991322262220895
1.312640239412149	0.6348903523384837	0.004367307181381546	0.4031048328645005
1.3543079134315286	0.6432700689836593	0.004099029192990213	0.41381318369056685
1.397298261406845	0.6495980308192923	0.003836915755451496	0.42199232356681676
1.4416532695164703	0.6539358671649095	0.0035825660134111235	0.4276449531439626
1.4874162567231453	0.6563594733570848	0.0033373141006451854	0.4308188959309961
1.5346319170810978	0.6569572603282258	0.0031022330282263902	0.43160246574772965
1.5833463633861324	0.6558282602704502	0.002878143421388907	0.4301189906789194
1.6336071722113206	0.6530801366677985	0.002665626624937935	0.426520770475334
1.6854634303722813	0.6488271488644015	0.0024650415625888217	0.4209827455334135
1.738965782867424	0.643188121227314	0.00227654463623951	0.41369614194340265
1.7941664823399808	0.636284464875487	0.0021001118877285244	0.40486233071182576
1.8511194401101303	0.6282382960637183	0.0019355626214081784	0.3946871030437055
1.9098802788270568	0.6191706899192306	0.0017825836999237254	0.3833755208597033
1.970506386792364	0.609200101617066	0.0016407537719732238	0.3711274558831837
2.0330569740078985	0.5984409797106703	0.0015095667677010789	0.3581338849888931
2.097593130002724	0.5870025885176963	0.0013884540933539902	0.34457396673124524
2.164177883495719	0.5749880486829847	0.001276805069390655	0.3306128863594516
2.2328762639520687	0.5624935970239416	0.001173985276485291	0.3164004249343619
2.3037553650937728	0.5496080626247397	0.0010793525705149766	0.3020701875040913
2.3768844104261886	0.536412545458187	0.0009922707019983904	0.2877394035260775
2.452334820844612	0.5229802828323163	0.0009121204806042672	0.27350920819514074
2.5301802843869208	0.5093766844133724	0.0008383085927327453	0.25946530938525697
2.610496828200411	0.495659513627329	0.0007702742136090349	0.2456789467716445
2.6933628927930915	0.4818791921200431	0.0007074936141758748	0.2322080563454795
2.778859408641985	0.4680792036641541	0.0006494829978423907	0.21909856273103315
2.8670698752332227	0.4542965744955213	0.0005957998218041798	0.2063857325757924
2.958080442611152	0.4405624084448635	0.0005460428612394604	0.19409553389754503
3.051979995516084	0.4269024571112301	0.0004998512686172101	0.1822459577388964
3.1488602401928607	0.4133377076491774	0.0004569028629975798	0.17084826932490305
3.248815793955025	0.3998849732264913	0.0004169118614067627	0.15990816562785184
3.35194427759206	0.3865574737660975	0.0003796262371862132	0.1494268246405071
3.45834641070995	0.3733653970688938	0.00034482486037185447	0.13940183863259709
3.568126110098176	0.3603164326841887	0.0003123145465728805	0.1298280292026355
3.6813905912192095	0.3474162729559491	0.00028192711231866263	0.12069814619749922
3.7982504729196434	0.3346690773779383	0.0002535165106956936	0.11200345562362164
3.918819885465191	0.3220778978444305	0.00022695609841942737	0.10373422378895804
4.0432165820051	0.3096450634669668	0.00020213606816087024	0.09588010618845194
4.171562053574816	0.2973725244887456	0.00017896106506294917	0.08843045034787242
4.303981647749236	0.285262155393468	0.0001573479961805982	0.08137452205811899
4.4406046910624	0.2733160177188528	0.000137224033234769	0.07470166437212754
4.58156461531322	0.261536583307867	0.00011852480428777162	0.06840139845648209
4.726999087880577	0.2499269188857772	0.00010119276658918	0.06246347502371387
4.877050146175056	0.2384908328963185	8.517575177358678e-05	0.05687788463048841
5.031864336358649	0.2272329856006351	7.042567349445619e-05	0.051634834704753926
5.191592856467884	0.2161589634561633	5.689738817076836e-05	0.04672470071975573
5.356391704080174	0.2052753188479734	4.454770025514634e-05	0.04213795851263474
5.526421828667604	0.1945895763471055	3.333450375209091e-05	0.03786510433413514
5.701849288786936	0.1841102067640521	2.3216053208176877e-05	0.033896568773687144
5.882845414259369	0.1738465704672349	1.4150357494930292e-05	0.030222630263451886
6.069586973498431	0.1638088316180597	6.0946908162800765e-06	0.02683333335321909
6.262256346149438	0.1540078452688771	-9.947845516910132e-07	0.023718416405351984
6.4610417012091	0.1444550195406147	-7.163288609908577e-06	0.02086725272179208
6.666137180799277	0.1351621554621486	-1.2457592103456052e-05	0.01826880842436563
6.877743089774308	0.1261412674206712	-1.6926088417971438e-05	0.015911619632985752
7.096066091347152	0.1174043875183093	-2.061877390639712e-05	0.013783790633683178
7.321319408925347	0.1089633575871519	-2.3587143222272315e-05	0.011873013853018857
7.553723034353957	0.1008296128984096	-2.5884005852685935e-05	0.010166611507224886
7.793503942768811	0.09301396199808125	-2.7563231714689225e-05	0.008651597886312246
8.040896314269984	0.08552636735516246	-2.8679434508641497e-05	0.007314760335480163
8.296141762631889	0.07837573168136384	-2.9287601974016268e-05	0.006142756174352769
8.559489571273437	0.07156969492812908	-2.944268395314554e-05	0.0051222220989771035
8.83119693671869	0.06511444689689735	-2.9199149455797933e-05	0.004239892047279195
9.111529219785778	0.059014560285695065	-2.861052494823626e-05	0.003482719144276075
9.400760204749421	0.05327284867115062	-2.772892626934464e-05	0.0028379971744326663
9.69917236673013	0.04789025350803059	-2.660459706204561e-05	0.0022934770888680214
10.00705714757128	0.042865763616303273	-2.528546622337568e-05	0.0018374743297635916
10.324715240473443	0.03819636991905266	-2.3816736577249335e-05	0.0014589632422300522
10.652456883663987	0.03387705731211226	-2.2240515814920088e-05	0.0011476555067686826
10.990602163388752	0.029900834631613273	-2.059549992473883e-05	0.0008940603358417008
11.33948132652172	0.026258802603173776	-1.8916717304197773e-05	0.0006895250719946395
11.699435103097969	0.022940258636810037	-1.7235340328991625e-05	0.0005262557633806938
12.070815039084913	0.019932836209645702	-1.5578568700854928e-05	0.0003973182020523656
12.45398383971688	0.01722267557389592	-1.396958686331394e-05	0.0002966207490730283
12.849315723728251	0.014794621551101408	-1.2427595327775104e-05	0.00021888098128543989
13.257196788831186	0.012632443345751265	-1.0967913430037715e-05	0.00015957874517874042
13.67802538879485	0.010719070634683747	-9.602148807598173e-06	0.00011489856747260115
14.112212522494437	0.009036839707318136	-8.338426837634913e-06	8.166454142512386e-05
14.560182235309917	0.007567743169910371	-7.1816715091916896e-06	5.727078826213074e-05
15.022372033266556	0.0062936767011199084	-6.1339277919349325e-06	3.9610404043289727e-05
15.499233310321662	0.0051966765614394434	-5.194714568200684e-06	2.7005474269273522e-05
15.991231789214869	0.004259142010007456	-4.3613966553470325e-06	1.8140309683191142e-05
16.49884797631252	0.0034640374505161527	-3.6295643836351617e-06	1.1999568632316062e-05
17.022577630890353	0.002795069980781548	-2.9934095883900198e-06	7.812425157967127e-06
17.562932249312816	0.002236839027589913	-2.446087739693021e-06	5.0034548186946185e-06
18.120439564581883	0.0017749558442856873	-1.9800571229442973e-06	3.150472169790127e-06
18.695644061743263	0.0013961318030786068	-1.5873875545258558e-06	1.9491865313667698e-06
19.289107509653363	0.0010882355476034328	-1.2600328516845202e-06	1.1842581947505305e-06
19.901409509626287	0.0008403201498284302	-9.900631646745002e-07	7.061389344327455e-07
20.53314806149688	0.0006426223745252942	-7.698551691279727e-07	4.129641089175089e-07
21.18494014765238	0.00048653696310375693	-5.922399456944645e-07	2.367185672143798e-07
21.857422335603413	0.00036456946698464927	-4.5061001994884726e-07	1.3291109930686136e-07
22.55125139968246	0.0002702715755254606	-3.3898844739258804e-07	7.304683945018223e-08
23.267104962477287	0.0001981630854759144	-2.5206394431593604e-07	3.9268671981566585e-08
24.0056821566256	0.0001436446559209358	-1.8519685508566702e-07	2.063382147251917e-08
24.767704307617304	0.00010290530515533108	-1.344012020360682e-07	1.0589519892794918e-08
25.55391563827128	7.28282578766699e-05	-9.630819846628893e-08	5.303964420619824e-09
26.365083995574615	5.089827734721382e-05	-6.811645685992057e-08	2.5906392767655945e-09
27.202001600594212	3.5113093471186805e-05	-4.753371590778059e-08	1.2329315925704495e-09
28.06548582219312	2.3900905224394607e-05	-3.271439886986549e-08	5.712543407773868e-10
28.95637997530728	1.6045323987534893e-05	-2.219654095835905e-08	2.5745291455139316e-10
29.87555414456232	1.0618815805068216e-05	-1.4840660528039717e-08	1.1275946934717146e-10
30.823906034034668	6.924563694638712e-06	-9.773727709362857e-09	4.7949677886861875e-11
31.80236184398708	4.446989623596144e-06	-6.337983400136636e-09	1.977575688240535e-11
32.811877175434674	2.811351159129092e-06	-4.043988497404837e-09	7.903711693779457e-12
33.853437963425	1.747654013702554e-06	-2.539635057441275e-09	3.054301001356872e-12
34.9280614399436	1.0669057966309171e-06	-1.572845425305524e-09	1.1382904527273838e-12
36.036797127385434	6.420745115139039e-07	-9.523095983473228e-10	4.1226058522938946e-13
37.180727863562495	3.7116156248065133e-07	-5.76053379889768e-10	1.3776123730057492e-13
38.36097085924881	2.0900281089240425e-07	-3.583860624913633e-10	4.368230340149588e-14
39.578678789295154	1.1000473082735211e-07	-2.0498665074853047e-10	1.2101082823925177e-14
40.83504091837984	5.7909547210344524e-08	-1.0791066929333232e-10	3.3535273028196685e-15
42.131284262494496	2.98705569275036e-08	-5.566183721836634e-11	8.922532693993558e-16
43.4686747872994	1.5087247805976702e-08	-2.811410357990985e-11	2.276258367617689e-16
44.848518644518606	7.456938746473398e-09	-1.3895519647019182e-11	5.560612855412251e-17
