r	P	Q	rho
9.230064382308857e-05	0.0001099558875257068	-1.4911132650971782e-05	1.2312639078500762e-08
9.52305807723944e-05	0.00011677104737650826	-1.5835276969628012e-05	1.3886233502111568e-08
9.825352390422877e-05	0.0001240081981861704	-1.681663800736656e-05	1.5660832531251325e-08
0.00010137242555174352	0.00013169342934173233	-1.7858752605116215e-05	1.766209437639659e-08
0.00010459033176520496	0.00013985443935857304	-1.896537569408461e-05	1.991894968351856e-08
0.0001079103852868942	0.00014852063472679784	-2.01404936882993e-05	2.2464018425659332e-08
0.00011133582862044124	0.00015772323492678998	-2.1388338711903295e-05	2.5334079868626486e-08
0.00011487000719759018	0.0001674953836677568	-2.2713403664131944e-05	2.857060225601886e-08
0.00011851637264548812	0.00017787226703360362	-2.4120458231963387e-05	3.222033988499349e-08
0.00012227848615768938	0.00018889123881261568	-2.5614565861605757e-05	3.633600608444315e-08
0.0001261600219721663	0.0002005919534613081	-2.720110177217684e-05	4.0977031731043925e-08
0.00013016477095972452	0.00021301650717088212	-2.8885772062186303e-05	4.621042015491105e-08
0.0001342966443263264	0.00022620958752187	-3.067463397982159e-05	5.211171065661059e-08
0.00013855967743293905	0.00024021863224445465	-3.2574117425278184e-05	5.876606440343236e-08
0.00014295803373663704	0.0002550939976321592	-3.459104775957645e-05	6.626948821306134e-08
0.0001474960088568096	0.0002708891371888097	-3.673266999816441e-05	7.473021369209181e-08
0.00015217803477044254	0.00028766079112289974	-3.9006674472322095e-05	8.427025140284225e-08
0.00015700868414057333	0.00030546918733959213	-4.142122404622906e-05	9.502714221539874e-08
0.00016199267478214546	0.00032437825461875653	-4.3984982982707165e-05	1.0715593079749988e-07
0.0001671348742696247	0.00034445584870777053	-4.6707147556086367e-05	1.2083138934181653e-07
0.0001724403046908767	0.0003657739921004173	-4.9597478516382686e-05	1.362505231722592e-07
0.00017791414755194862	0.0003884091283182108	-5.26663355150404e-05	1.5363539385749514e-07
0.0001835617488375456	0.000412442391558004	-5.5924713608892106e-05	1.7323629994632252e-07
0.00018938862423214373	0.00043795989261990776	-5.938428196574715e-05	1.953353604882285e-07
0.0001954004645068391	0.0004650530220825141	-6.305742490214952e-05	2.2025055218336958e-07
0.00020160314107719367	0.0004938187717483122	-6.695728539136996e-05	2.4834025739799303e-07
0.00020800271173750608	0.0005243600754411654	-7.109781118763285e-05	2.8000838747233697e-07
0.00021460542657710812	0.0005567861702999301	-7.549380372094759e-05	3.157101538375197e-07
0.000221417734084464	0.0005912129797779061	-8.01609699257371e-05	3.559585685573057e-07
0.0002284462874450352	0.0006277635196269915	-8.511597717575642e-05	4.0133176614505207e-07
0.00023569795103906005	0.0006665683282183206	-9.037651150759221e-05	4.524812500160487e-07
0.00024317980714559645	0.0007077659226280053	-9.596133932535789e-05	5.101411798785881e-07
0.0002508991628593723	0.0007515032819975405	-0.00010189037279006736	5.751388309203738e-07
0.00025886355722720114	0.0007979363597636711	-0.00010818473910861434	6.484063720088977e-07
0.00026708076861093146	0.0008472306264422648	-0.00011486685394932624	7.309941285179683e-07
0.0002755588222841218	0.000899561644745175	-0.0001219604992237295	8.240855160675457e-07
0.00028430599826985946	0.0009551156789084483	-0.00012949090548748635	9.290138547007153e-07
0.0002933308394273788	0.0010140903402147245	-0.00013748483922746652	1.047281299134218e-06
0.000302642159795376	0.0010766952708025433	-0.00014597069531663314	1.1805801500597833e-06
0.0003122490532001691	0.0011431528679707115	-0.00015497859493387878	1.3308168444373423e-06
0.00032216090213711105	0.0012136990513071618	-0.00016454048926217387	1.5001389597505402e-06
0.00033238738693392795	0.0012885840750990532	-0.00017469026929541932	1.6909656087853886e-06
0.0003429384952049336	0.0013680733886145058	-0.0001854638821022552	1.9060216481996158e-06
0.0003538245316053528	0.001452448546986526	-0.00019689945391380157	2.148376176594824e-06
0.0003650561278952806	0.0015420081755766555	-0.00020903742042192744	2.4214858566818996e-06
0.000376644253323105	0.00163706899084988	-0.0002219206646951871	2.7292436622209984e-06
0.0003886002253385356	0.0017379668809536244	-0.00023559466314106443	3.076033724592221e-06
0.0004009357206456999	0.0018450580493624988	-0.00025010763996565584	3.466793037086539e-06
0.0004136627866071028	0.0019587202251270448	-0.00026551073060542414	3.907080868388367e-06
0.0004267938530095864	0.0020793539434493546	-0.00028185815463020926	4.403156841469928e-06
0.0004403417442037817	0.0022073839005012823	-0.0002992073986423046	4.96206875159455e-06
0.0004543196916289081	0.0023432603866022977	-0.0003176194097231288	5.591751328852418e-06
0.0004687413467351511	0.002487460802084	-0.0003371588000068718	6.30113729832645e-06
0.0004836207943162432	0.0026404912603871966	-0.0003578940629894835	7.100282256504287e-06
0.0004989725662652635	0.002802888283165343	-0.00037989780221152656	8.000505068030713e-06
0.0005148116557670947	0.0029752205924052223	-0.0004032469729847517	9.014545694693446e-06
0.0005311535319413974	0.003158091004822231	-0.00042802313786477453	1.0156742601286697e-05
0.0005480141549504008	0.0033521384340434368	-0.0004543127366059605	1.1443232143633581e-05
0.0005654099915862677	0.0035580400063569806	-0.00048220737136953735	1.2892172635839902e-05
0.0005833580313532549	0.0037765132960812407	-0.00051180410799208	1.4523996120435965e-05
0.0006018758030603757	0.00400831868689157	-0.0005432057941588041	1.6361691230491856e-05
0.0006209813919407707	0.004254261865736179	-0.000576521395364571	1.843112094157019e-05
0.0006406934573145066	0.004515196456275832	-0.0006118663495851057	2.0761379468520435e-05
0.0006610312508120499	0.004792026799094152	-0.00064936294162162	2.3385193073188033e-05
0.0006820146351762184	0.0050857108862462684	-0.0006891406981237774	2.6339370120294334e-05
0.0007036641036609689	0.005397263458042892	-0.0007313368043386617	2.9665306356905405e-05
0.0007260008000459699	0.005727759270304173	-0.0007760965436770349	3.340955210366283e-05
0.0007490465392865036	0.006078336540662384	-0.000823573761232619	3.76244488417424e-05
0.0007728238288188677	0.006450200582843728	-0.0008739313524352741	4.236884356768691e-05
0.0007973558905420817	0.006844627638216681	-0.0009273417780646572	4.770889027918378e-05
0.000822666683497369	0.0072629689142562045	-0.0009839876068970727	5.371894905997898e-05
0.0008487809272675614	0.0077066548399386415	-0.0010440620873045856	6.0482594464096493e-05
0.0008757241261192817	0.008177199548449962	-0.0011077697491718552	6.809374627235054e-05
0.0009035225939114818	0.008676205597958436	-0.0011753270375423547	7.665793722322338e-05
0.0009322034797946602	0.009205368941570247	-0.0012469629794513203	8.629373402254825e-05
0.0009617947947258637	0.009766484157950742	-0.0013229198854477443	9.713432983081588e-05
0.0009923254388253624	0.010361449954452628	-0.0014034540873515118	0.00010932932853393002
0.001023825229601722	0.01099227495494313	-0.0014888367138340911	0.0001230467434455303
0.0010563249310728317	0.011661083784861264	-0.0015793545054515405	0.00013847523569144438
0.001089856283811338	0.012370123466361526	-0.0016753106707964934	0.0001558266204167127
0.0011244520359438193	0.013121770136706687	-0.00177702578547075	0.00017533867216279537
0.0011601459751339794	0.013918536103356744	-0.001884838735611406	0.00019727826431970632
0.0011969729615811011	0.014763077249457976	-0.001999107707730573	0.00022194488150057147
0.0012349689620659778	0.015658200803660823	-0.0021202112266507983	0.00024967454805338053
0.001274171085077582	0.016606873488381912	-0.0022485492433345407	0.0002808442207588224
0.0013146176170547735	0.017612230060767602	-0.002384544274415552	0.00031587669911005396
0.0013563480597784425	0.018677582260707128	-0.002528642595241759	0.0003552461124799526
0.001399403168950607	0.01980642818027464	-0.00268131548823215	0.000399484050007811
0.0014438249939981416	0.021002462068942976	-0.0028430605483329933	0.000449186406238876
0.001489656919140014	0.02226958458879849	-0.0030144030473301573	0.0005050210234894046
0.0015369437057581334	0.023611913533784813	-0.0031958973587329583	0.0005677362206544868
0.0015857315361131948	0.025033795026704057	-0.003388128444889139	0.0006381703077980997
0.001636068058448214	0.026539815207293167	-0.0035917134079186874	0.0007172621964418925
0.0016880024335238011	0.02813481242415828	-0.0038073031059643	0.0008060632270832565
0.0017415853826306246	0.029823889942676363	-0.0040355838361463775	0.0009057503482114382
0.0017968692371259493	0.03161242918014556	-0.004277279085478292	0.0010176407950447887
0.00185390798954264	0.03350610347846574	-0.00453315135084098	0.0011432084314792856
0.001912757346320534	0.035510892423441826	-0.00480400402893207	0.0012841019354192535
0.001973474782211689	0.03763309671840227	-0.005090683376891013	0.0014421650258603744
0.0020361195964126366	0.03987935361819516	-0.00539408054405515	0.0016194589499208098
0.0021007529704784723	0.04225665292773864	-0.0057151336750190605	0.0018182874695786995
0.002167438028075321	0.04477235356713825	-0.00605483008384758	0.0020412246112851027
0.002236239896629567	0.04743420070291391	-0.006414208498927889	0.002291145466992037
0.0023072257709340306	0.0502503434420748	-0.006794361377534291	0.0025712603625749997
0.002380464978773221	0.05322935308261258	-0.007196437288716423	0.0028851527392438655
0.002456029048631762	0.05638024191041839	-0.007621643362603658	0.003236821125424019
0.0025339917795521136	0.05971248252863413	-0.008071247803640451	0.0036307256108402066
0.002614429313209813	0.06323602770098687	-0.00854658246462488	0.004071839271224612
0.002697420208276631	0.06696133068568909	-0.009049045477710136	0.004565705031255873
0.0027830455171442706	0.07089936603097693	-0.00958010393774153	0.005118498495052377
0.002871388865083532	0.07506165079726108	-0.010141296632433516	0.005737097317796973
0.0029625365319162645	0.07946026616413811	-0.010734236812937224	0.0064291577388318885
0.0030565775362798604	0.0841078793731064	-0.011360614997302575	0.007203198945757954
0.003153603722566596	0.08901776594870493	-0.012022201798194567	0.008068695990574925
0.0032537098506227142	0.09420383213189545	-0.012720850764974374	0.009036182032519088
0.0033569936882948755	0.09968063744978985	-0.013458501228896268	0.010117360737724648
0.003463556106914335	0.105463417335232	-0.01423718113869467	0.011325229722801316
0.003573501179812123	0.1115681056982321	-0.015059009872235737	0.012674215987423982
0.003686936283961423	0.118011357338757	-0.01592620100817817	0.014180324339488692
0.0038039722048464376	0.1248105700768705	-0.016841065039723168	0.01586129987458559
0.003924723244660137	0.1319839064616211	-0.017806012010526433	0.017736805628588953
0.004049307333936585	0.1395503149043621	-0.01882355405069222	0.019828616577005957
0.00417784614672684	0.1475295500652994	-0.01989630778846397	0.02216083120608297
0.004310465219430945	0.1559421923039644	-0.021026996610765	0.024760101927035733
0.004447294073402051	0.1648096659849555	-0.022218452743121703	0.02765588564437093
0.004588466341442397	0.1741542564096563	-0.023473619116718733	0.030880715820037093
0.00473411989831472	0.1839991251226937	-0.024795550987388608	0.034470497394684885
0.004884396995396534	0.1943683233186216	-0.026187417268228205	0.03846482593287252
0.005039444399608799	0.2052868030497158	-0.027652501534261565	0.042907332347475145
0.005199413536754652	0.2167804259098243	-0.02919420265413789	0.04784605452625569
0.005364460639408205	0.2288759688419773	-0.030816035000269183	0.05333383712649158
0.005534746899497837	0.2416011266889474	-0.03252162818508393	0.05942876071717766
0.005710438625732992	0.2549845110762155	-0.03431472626721077	0.06619460132757028
0.0058917074060282505	0.2690556451859345	-0.03619918636742543	0.07370132130008308
0.006078730275083286	0.2838449539485777	-0.03817897663011165	0.08202559213859281
0.006271689887282386	0.2993837491461559	-0.04025817346182686	0.09125134978329094
0.006470774695082393	0.3157042088873465	-0.042440957974349935	0.10147038242296585
0.006676179133063276	0.3328393508807986	-0.04473161155535696	0.1127829505670907
0.006888103807821108	0.3508229988985052	-0.04713451048565583	0.12529843863486298
0.007106755693888895	0.3696897417867525	-0.04965411951775838	0.13913603676743957
0.007332348335876579	0.3894748843480933	-0.05229498432652822	0.15442545092367246
0.007565102057027677	0.4102143893844547	-0.05506172273877306	0.17130763856902254
0.007805244174396205	0.431944810159302	-0.057959014645017175	0.18993556640217674
0.008053009220854062	0.4547032125062803	-0.06099159049336751	0.21047498557444214
0.008308639174145665	0.4785270857835015	-0.06416421826246012	0.23310521873368323
0.00857238369321358	0.5034542418473048	-0.06748168880803465	0.2580199519584289
0.008844500362025918	0.5295227011976265	-0.07094879947583767	0.2854280232306934
0.009125254941143668	0.5567705654298816	-0.07457033587241499	0.3155541975212348
0.009414921627273592	0.5852358751163981	-0.07835105168504493	0.3486399168234089
0.009713783321060253	0.6149564522349426	-0.08229564644272262	0.3849440115688128
0.010022131903378657	0.6459697262638399	-0.08640874111188412	0.42474335778992084
0.01034026852039736	0.6783125430737814	-0.09069485142361025	0.46833346216597127
0.01066850387769048	0.7120209557669454	-0.09515835883355363	0.5160289547071697
0.011007158543685764	0.7471299966458845	-0.09980347902196371	0.568163966312967
0.011356563262745213	0.7836734295392425	-0.1046342278491404	0.6250923658033839
0.01171705927818387	0.8216834817703141	-0.1096543846916295	0.687187828296286
0.012088998665542404	0.8611905551293934	-0.1148674530966906	0.7548437040249931
0.012472744676438824	0.9022229153034939	-0.1202766187072391	0.828472653906382
0.012868672093335283	0.94480635932912	-0.1258847044268108	0.9085060154373719
0.013277167595566358	0.9889638607671698	-0.1316941228143393	0.9953928598873443
0.0136986301369863	1.034715192455549	-0.1377068257218985	1.0895986993487254
0.014133471335604149	1.0820765268765455	-0.143924251215254	1.191603800105079
0.014582115875587116	1.1310600143841905	-0.1503472678473019	1.3019010570879135
0.015045001922025012	1.1816733397734926	-0.1569761163884292	1.4209933830478338
0.015522581548860636	1.2339192579401	-0.1638103491556805	1.549390565605953
0.01601532118040417	1.2877951096771147	-0.1708487671244962	1.6876055457362522
0.016523702046862748	1.3432923189866166	-0.1780893550527929	1.8361500726315618
0.017048220654330072	1.4003958736478597	-0.1855292148973439	1.995529692510377
0.017589389269695086	1.4590837911826828	-0.1931644978567761	2.1662380329242916
0.01814773642094336	1.519326572791476	-0.2009903354339562	2.3487503497281463
0.01872380741333968	1.581086648299708	-0.2090007699729435	2.543516311280887
0.01931816486199604	1.6443178156545073	-0.2171886851917769	2.750952003854143
0.019931389241345222	1.7089646790413553	-0.2255457373018037	2.971431153825937
0.02056407945205648	1.7749620902500398	-0.2340622873765492	3.205275576196733
0.021216853405947034	1.8422345985031925	-0.2427273357076754	3.452744875421965
0.021890348629460727	1.9106959145654416	-0.251528458961609	3.714025443604671
0.022585222886303127	1.9802483955708692	-0.2604517510270218	3.9892188227740433
0.023302154819841107	2.0507825576341787	-0.26948176851941	4.2783295222609325
0.024041844615894495	2.1221766239385955	-0.2786014819832812	4.581252408954695
0.02480501468656695	2.194296116611393	-0.2877922339034216	4.897759817270962
0.02559241037578387	2.266993501295077	-0.2970337047027426	5.227488556643547
0.02640480068722664	2.340107893885983	-0.3063038879634129	5.569927026808995
0.02724297903537386	2.41346483942836	-0.3155790761583376	5.9244026844659095
0.028107764020383244	2.4868761736051157	-0.3248338582193254	6.290070138290474
0.029000000227570887	2.5601399776393845	-0.3340411302941072	6.665900181835553
0.029920559052268737	2.6330406376952897	-0.3431721210542577	7.050670104423696
0.03087033955086587	2.7053490200220964	-0.3521964329074147	7.442955647487224
0.03185026931886467	2.7768227731027006	-0.3610821004373871	7.841124996478047
0.032861305396809565	2.847206767923494	-0.3697956673421853	8.243335214894401
0.033904435204972945	2.9162336871562653	-0.3783022830601664	8.64753153547356
0.034980677507711326	2.9836247735120143	-0.3865658201660277	9.051449922435252
0.0360910834084333	3.0490907467697967	-0.3945490134791794	9.45262330607459
0.037236737376151297	3.1123328979805875	-0.402213621655319	9.84839186529733
0.038418758304619535	3.17304436807761	-0.4095206118264691	10.235917693299767
0.039638300605092616	3.230911616574061	-0.4164303676145164	10.612204125184773
0.040896555333772	3.285616084182896	-0.4229029205681867	10.974119932866447
0.04219475135504152	3.336836051041548	-0.4288982047639248	11.318428501580268
0.04353415654162792	3.3842486897616975	-0.4343763339685755	11.641821993665745
0.04491607901285854	3.427532309750836	-0.4392979003882051	11.940960379671386
0.0463418684122256	3.466368786174772	-0.4436242936258434	12.212515075661791
0.047812917225504674	3.5004461635622484	-0.4473180380452538	12.453216771158317
0.049330662140714736	3.529461420416325	-0.4503431462928553	12.659906867620169
0.050896585451248	3.553123377322974	-0.4526654862713029	12.829591776940253
0.05251221650353987	3.571155726975967	-0.4542531583925149	12.959499158222824
0.05417913319069284	3.5833001603196606	-0.4550768794724398	13.047135005177278
0.05589896349351315	3.5893195587097906	-0.455110369172657	13.090340342665119
0.0576733870704652	3.5890012176804955	-0.4543307344537046	13.087346156781322
0.05950413689809647	3.5821600636689186	-0.4527188470911752	13.036825076256074
0.06139300096353513	3.568641820984331	-0.4502597089279663	12.93793825196226
0.06334182401071344	3.5483260825255787	-0.4469427992049908	12.790375853692513
0.06535250934202196	3.521129234368888	-0.4427623980389844	12.594389626244464
0.06742702067715467	3.487007181497489	-0.4377178799110793	12.35081602620891
0.06956738407096003	3.445957819763272	-0.4318139709052767	12.061088601056625
0.07177568989217109	3.3980231978028854	-0.4250609634039817	11.727238475416469
0.0740540948649475	3.3432913122232524	-0.4174748820208378	11.351882075505788
0.07640482417522274	3.281897480070036	-0.4090775947419014	10.938195548209872
0.0788301736439141	3.2140252345370026	-0.3998968635673829	10.489875709731665
0.08133251196911791	3.1399066931918487	-0.3899663294100198	10.011087780024495
0.08391428303947926	3.059822352793764	-0.3793254266239714	9.506400609939824
0.08657800832099649	2.974100271141643	-0.3680192233195944	8.980710571537552
0.0893262893195906	2.883114604366337	-0.3560981845716603	8.439155738965692
0.09216181012184509	2.787283477668386	-0.3436178567548565	7.887022416363974
0.09508734001639776	2.6870661786548395	-0.3306384725391214	7.329646447993725
0.09810573619854399	2.5829596750341888	-0.3172244775405004	6.772312052003565
0.1012199465606938	2.475494474577088	-0.3034439815077971	6.220151143574998
0.1044330125714073	2.3652298467737585	-0.289368137053348	5.678046146811142
0.1077480722458204	2.252748474097364	-0.2750704547052371	5.150539442599748
0.1111683632103622	2.1386505736701107	-0.2606260597747304	4.6417522192931955
0.114697225864757	2.0235475775411547	-0.246110902179119	4.155315374744095
0.1183381066443986	1.908055462438988	-0.231600930663085	3.694314638827268
0.122094561386284	1.792787835728693	-0.2171712447440816	3.261251573480465
0.1259702588017931	1.6783488963255078	-0.2028952391259036	2.8580214958570074
0.1299689840597058	1.5653263989462594	-0.1888437564442965	2.4859086995860564
0.1340946424829574	1.4542847567775825	-0.1750842649548936	2.1455986536304277
0.1383512633627404	1.345758420925022	-0.1616800780804989	1.8372061751387248
0.1427430038936795	1.2402456744935868	-0.1486896325479591	1.5603179399272993
0.1472741532339226	1.1382029745725804	-0.1361658411280918	1.3140471476159907
0.1519491366941123	1.0400399666360003	-0.1241555347302987	1.0970977290043789
0.1567725200593304	0.9461152829696344	-0.112699006805978	0.9078351948037653
0.161749014048235	0.8567332199184376	-0.1018296707172256	0.7443610919501926
0.1668834789137462	0.7721413684125121	-0.09157383799142897	0.6045880606184273
0.1721809291897731	0.6925292489475475	-0.08195062229466557	0.48631266514233723
0.1776465385886182	0.6180279766899944	-0.07297197062497507	0.38728348846842053
0.1832856450538418	0.5487109554990516	-0.06464281977448769	0.30526240683307904
0.1891037559735218	0.4845955723488365	-0.05696137267091396	0.23807746671665117
0.1951065535590002	0.4256458368868972	-0.04991948592080478	0.18366633353374454
0.201299900394369	0.3717758856761884	-0.04350315687152438	0.1401098338281028
0.2076898451621163	0.3228542479910808	-0.03769309590659166	0.10565563492490983
0.2142826285505229	0.278708750740314	-0.03246536759234513	0.07873256783213257
0.221084689348581	0.2391319249077036	-0.027792082781751503	0.057956477375411326
0.2281026707343855	0.2038867654059965	-0.023642122905401217	0.04212876308319395
0.2353434267631408	0.172712690808331	-0.01998187746283273	0.0302289489931938
0.2428140290611184	0.1453315492209812	-0.016775976162197417	0.0214026925751651
0.2505217737321043	0.121453521535472	-0.013987998207447538	0.014946621987218914
0.2584741884830806	0.1007827831738329	-0.01158114283860642	0.010291292253712019
0.2666790399760988	0.08302279973664414	-0.009518847309268873	0.006983393730208095
0.2751443414135297	0.06788115001347739	-0.007765340936232691	0.004668151047008152
0.2838783603640915	0.05507379079833757	-0.006286126566943108	0.0030726378201146798
0.292889626837306	0.044328700931708605	-0.0050483836626205375	0.001990519903897877
0.3021869416142627	0.03538886595731205	-0.004021290068837668	0.001268542607562332
0.3117793848428319	0.02801458870484923	-0.0031762623253316457	0.0007949058226611874
0.3216763249057174	0.0219851339882822	-0.002487116946600341	0.0004895318671887878
0.3318874275700134	0.01709973652102376	-0.001930157391534964	0.00029612649664453086
0.3424226654271972	0.013178019300769388	-0.0014841933586659892	0.00017586302261735873
0.3532923276327816	0.010059884482055996	-0.0011305005387684812	0.00010247930726046685
0.3645070299551355	0.00760494970818041	-0.0008527299964586046	5.8562408510813595e-05
0.376077725143289	0.005691609808814328	-0.0006367769284894837	3.279990707244797e-05
0.3880157136238479	0.004215806702180433	-0.0004706186734950232	1.7994508085991673e-05
0.4003326545374649	0.003089589501231119	-0.00034413156230942387	9.663989818295079e-06
0.4130405771256451	0.0022395426310944174	-0.0002488955547012468	5.0775001936393475e-06
0.426151892479009	0.0016051527910120342	-0.0001779946768346556	2.6081975874751966e-06
0.439679405658484	0.001137176513811516	-0.00012582013280034948	1.3090011293824107e-06
0.4536363282012645	0.0007960596173428979	-8.788169578224194e-05	6.414341068176836e-07
0.4680362910237539	0.0005504487333043225	-6.063167059808356e-05	3.0667000747584766e-07
0.4828933577340895	0.00037582401604098985	-4.130443341946208e-05	1.4294974725328098e-07
0.4982220383672527	0.0002532716596028081	-2.7773359402544763e-05	6.491789305046361e-08
0.514037303556178	0.0001684054646382974	-1.8425891857729992e-05	2.8699914010793597e-08
0.5303545991527017	0.00011043869213553324	-1.205662276821785e-05	1.2342066873182201e-08
0.5471898613126293	7.140101634882696e-05	-7.777559801494568e-06	5.158595572111278e-09
0.5645595320596534	4.549071628313846e-05	-4.944239344154834e-06	2.093850770645287e-09
0.5824805753433256	2.8548818506542683e-05	-3.0960357832751303e-06	8.246204756908341e-10
0.6009704936067608	1.764022525900748e-05	-1.9088441208524296e-06	3.148212330662384e-10
0.620047344880257	1.072691983076336e-05	-1.158216726779011e-06	1.164082750418149e-10
0.6397297604175277	6.41655639579323e-06	-6.912756427124157e-07	4.165005799460247e-11
0.6600369628917646	3.773278037657484e-06	-4.056766280063821e-07	1.4402200675978944e-11
0.6809887851693079	2.181140235018844e-06	-2.338956368595227e-07	4.812079893759981e-12
0.7026056896792561	1.2391948009166073e-06	-1.3238540461416756e-07	1.5531296499736068e-12
0.7249087883979329	6.895368289805925e-07	-7.368087951890637e-08	4.808899105272904e-13
0.7479198634677293	3.7973493997020556e-07	-3.992503970301203e-08	1.4579263342946272e-13
0.7716613884704586	2.074671519005885e-07	-2.1063445248447096e-08	4.348628784347619e-14
0.7961565503759997	1.1042106834803828e-07	-1.0826784127685636e-08	1.2310031589669648e-14
0.821429272187665	5.635214722474029e-08	-5.5253272066775966e-09	3.2060937375796565e-15
0.8475042363064093	2.8151103739896056e-08	-2.7602153077099184e-09	8.001034303193058e-16
0.8744069086366995	1.3756642302884675e-08	-1.3488385754942446e-09	1.9106457295225751e-16
0.9021635634575847	6.571398484376177e-09	-6.443255247548549e-10	4.3598433422312136e-17
