r	P	Q	rho
8.217008535470081e-05	2.2799914477371564e-08	-2.2964513277691065e-09	5.251097888762699e-16
8.477844385835114e-05	2.499191857931574e-08	-2.5172177438452963e-09	6.309323794450769e-16
8.746960054888657e-05	2.7394602672887553e-08	-2.7592005160550193e-09	7.580774430931761e-16
9.02461837228936e-05	3.00282078162517e-08	-3.0244377210846097e-09	9.108404881847194e-16
9.311090510804833e-05	3.2914918675274274e-08	-3.315163100902634e-09	1.0943821777855056e-15
9.606656251150336e-05	3.607904987023267e-08	-3.633824817790963e-09	1.3149025223451297e-15
9.911604255234403e-05	3.954725075377369e-08	-3.983106063721268e-09	1.5798501760967068e-15
0.0001022623234807815	4.334872899754403e-08	-4.365947560732045e-09	1.898173803805577e-15
0.000105508478086837	4.751549611005368e-08	-4.7855722705003115e-09	2.2806240725407076e-15
0.0001088576767013576	5.2082636391527454e-08	-5.245512458567219e-09	2.7401164144450437e-15
0.0001123131902922944	5.708860162884388e-08	-5.749639349677283e-09	3.2921667885881936e-15
0.00011587839365926694	6.257553403038814e-08	-6.3021956228608835e-09	3.955415128857071e-15
0.00011955676872953447	6.858962009056388e-08	-6.907831017765924e-09	4.7522541135378936e-15
0.00012335190795859208	7.518147834243556e-08	-7.57164134927747e-09	5.709584438476195e-15
0.00012726751783871348	8.240658423892838e-08	-8.299211256228193e-09	6.859722033403105e-15
0.00013130742251886708	9.03257357112121e-08	-9.096661040847464e-09	8.24148777386381e-15
0.00013547556753954032	9.900556329151241e-08	-9.97069798962636e-09	9.901516381070008e-15
0.00013977602368612016	1.0851908905813421e-07	-1.09286726034764e-08	1.189582857488124e-14
0.0001442129909645929	1.1894633906620809e-07	-1.197864020579676e-08	1.429171939843327e-14
0.0001487908027034464	1.3037501437194553e-07	-1.3129428441665116e-08	1.7170026263689808e-14
0.00015351392978578046	1.4290122624462628e-07	-1.4390711230195221e-08	2.0627853031928736e-14
0.00015838698501575914	1.5663030169312748e-07	-1.5773089785558327e-08	2.478184176986342e-14
0.00016341472762366864	1.716776660168947e-07	-1.7288181380681455e-08	2.977210222445978e-14
0.00016860206791398163	1.8816980972961633e-07	-1.8948716591689795e-08	3.576693115415219e-14
0.00017395407206096652	2.0624534790269674e-07	-2.0768645831273957e-08	4.296848018116931e-14
0.00017947596705652607	2.2605618074063406e-07	-2.2763256055905163e-08	5.161956267730891e-14
0.00018517314581509688	2.477687650378179e-07	-2.4949298615815e-08	6.201182842978653e-14
0.00019105117244059628	2.7156550708288333e-07	-2.734512930858175e-08	7.44955807340866e-14
0.00019711578766055943	2.97646288580035e-07	-2.9970861797766225e-08	8.949156566237026e-14
0.0002033729144327752	3.2623013825482065e-07	-3.284853566812924e-08	1.0750512940129975e-13
0.00020982866372989487	3.5755706301359373e-07	-3.600230050942819e-08	1.2914321895287822e-13
0.00021648934050766516	3.9189005384106674e-07	-3.945861755260251e-08	1.5513479679871673e-13
0.00022336144986261197	4.2951728305955683e-07	-4.32464805263767e-08	1.8635535452478177e-13
0.00023045170338519124	4.7075451114836116e-07	-4.7397657560093084e-08	2.2385634770871632e-13
0.00023776702571460967	5.159477230448661e-07	-5.1946956131199786e-08	2.6890053916647864e-13
0.00024531456130171816	5.65476015734333e-07	-5.693251324464309e-08	3.2300443543512715e-13
0.00025310168138658224	6.197547609979672e-07	-6.239611323795573e-08	3.8798923872685123e-13
0.0002611359911975446	6.792390694453764e-07	-6.838353583174168e-08	4.660420214338721e-13
0.0002694253373788103	7.444275844259407e-07	-7.494493729232835e-08	5.597891720799921e-13
0.0002779778156538091	8.15866637113626e-07	-8.21352678435551e-08	6.723845717788296e-13
0.0002868017787318184	8.941547970129421e-07	-9.001472876012941e-08	8.076154524150154e-13
0.00029590584446557	9.799478553635245e-07	-9.864927289804874e-08	9.70029478274885e-13
0.0003052989042678067	1.0739642824528956e-06	-1.0811115277080595e-07	1.1650873013379956e-12
0.0003149901317950092	1.1769912037092913e-06	-1.1847952066624648e-07	1.39934569042635e-12
0.00032498899190677423	1.2898909436695666e-06	-1.2984108572106522e-07	1.68067735410199e-12
0.00033530524990959355	1.4136081915344673e-06	-1.4229083333132082e-07	2.018534800423469e-12
0.0003459489810940622	1.549177847071264e-06	-1.559328127816153e-07	2.4242670439583427e-12
0.0003569305805748304	1.697733611141587e-06	-1.7088099952666513e-07	2.9114997303990855e-12
0.0003682607734429085	1.8605173911634444e-06	-1.8726023916116122e-07	3.496591359992325e-12
0.0003799506252402415	2.0388895984080224e-06	-2.0520728077174482e-07	4.199180822578161e-12
0.0003920115527667813	2.2343404212352964e-06	-2.248719080837024e-07	5.042844493011127e-12
0.0004044553352306133	2.448502166243708e-06	-2.4641817760013635e-07	6.055884776351903e-12
0.0004172941257520248	2.68316276790919e-06	-2.700257737889376e-07	7.272276357604421e-12
0.00043054046323275314	2.9402805766841166e-06	-2.958914923094311e-07	8.732801644846983e-12
0.0004442072846020029	3.2220005457896566e-06	-3.2423086329322644e-07	1.0486413169780715e-11
0.00045830793745119407	3.530671948144346e-06	-3.552799278103705e-07	1.2591868232518335e-11
0.00047285619306978066	3.8688677671133e-06	-3.892971818708073e-07	1.5119690095220803e-11
0.00048786625989486897	4.239405918129633e-06	-4.2656570364161297e-07	1.8154520838195826e-11
0.0005033527973877748	4.645372472834094e-06	-4.673954810124817e-07	2.1797943947035636e-11
0.0005193309303510684	5.090147073311019e-06	-5.121259582263626e-07	2.6171870225026003e-11
0.0005358162637000905	5.577430741388841e-06	-5.61128822020797e-07	3.142259922989173e-11
0.0005528248977033689	6.1112763069520655e-06	-6.148110496112016e-07	3.77256907266377e-11
0.0005703734437068168	6.696121699920974e-06	-6.736182429040157e-07	4.529180735732565e-11
0.0005884790403570689	7.336826373149768e-06	-7.380382755704081e-07	5.4373721725952916e-11
0.0006071593703398042	8.038711148140726e-06	-8.086052820564874e-07	6.527471942541165e-11
0.0006264326776493992	8.807601802353766e-06	-8.859040202715269e-07	7.835867544195857e-11
0.000646317785406778	9.649876746204546e-06	-9.70574642600835e-07	9.406213635379897e-11
0.0006668341142428632	1.057251916980484e-05	-1.0633179130555092e-06	1.1290880658011555e-10
0.0006880017012655774	1.15831740743387e-05	-1.1649009118200574e-06	1.3552691577079138e-10
0.0007098412196289265	1.2690210640938716e-05	-1.2761632722152437e-06	1.6267003880874534e-10
0.0007323739987232675	1.3902790431302474e-05	-1.3980239991841013e-06	1.9524205287901036e-10
0.0007556220450064876	1.5230941959365346e-05	-1.5314889228625137e-06	2.3432705129040646e-10
0.0007796080634964338	1.6685642222443042e-05	-1.677658845643187e-06	2.8122519557773884e-10
0.0008043554799455875	1.82789058337227e-05	-1.8377384464167075e-06	3.374956810755399e-10
0.0008298884637196365	2.0023882456190008e-05	-2.01304601141199e-06	4.050082228633757e-10
0.0008562319514022932	2.1934963301437784e-05	-2.2050240672998097e-06	4.860047461727938e-10
0.000883411671149408	2.402789752574696e-05	-2.4152509990095065e-06	5.831732968960132e-10
0.000911454167816167	2.6319919430838007e-05	-2.645453742085779e-06	6.997365843473197e-10
0.0009403868288819112	2.8829887458270436e-05	-2.897521647428763e-06	8.395580425538574e-10
0.0009702379111978986	3.157843605517152e-05	-3.173521624969007e-06	1.0072688631947025e-09
0.0010010365685841317	3.458814158539833e-05	-3.4757146822862384e-06	1.2084201308842213e-09
0.0010328128803022013	3.788370356501827e-05	-3.8065739844479337e-06	1.4496650013012536e-09
0.001065597880431956	4.149214261482429e-05	-4.168804572486059e-06	1.7389768303324983e-09
0.0010994235881806875	4.544301664622184e-05	-4.56536489001823e-06	2.0859103184878068e-09
0.0011343230391544327	4.976865693103352e-05	-4.999490280628173e-06	2.5019141157850063e-09
0.0011703303176219325	5.4504425851420606e-05	-5.474718632830375e-06	3.000704981501667e-09
0.0012074805898027595	5.968899828413685e-05	-5.9949183648413994e-06	3.598715562364804e-09
0.0012458101382121255	6.53646687446934e-05	-6.564318958057646e-06	4.315630203486613e-09
0.0012853563970959066	7.157768660278133e-05	-7.187544266194639e-06	5.175026011984488e-09
0.0013261579889905005	7.837862188159474e-05	-7.869648846581014e-06	6.205139741026496e-09
0.0013682547624432164	8.582276437173368e-05	-8.616157581232819e-06	7.439785055870756e-09
0.0014116878309300392	9.397055902642355e-05	-9.433108878178808e-06	8.919449506846129e-09
0.001456499613008776	0.00010288808086024342	-1.03271017681914e-05	1.069260621403457e-08
0.0015027338737467989	0.00011264755284986584	-1.1305347238733292e-05	1.2817282039251653e-08
0.0015504357674638487	0.0001233279106340317	-1.2375724175698087e-05	1.5362932090228667e-08
0.0015996518818316376	0.00013501541813275845	-1.3546840314552653e-05	1.8412680016071588e-08
0.0016504302833733255	0.00014780433855435913	-1.4828098635936224e-05	2.2065995004648668e-08
0.0017028205644073046	0.0001617976656350762	-1.6229769676800762e-05	2.644189002872192e-08
0.0017568738914811375	0.0001771079203619562	-1.776307026696115e-05	3.1682742120246025e-08
0.0018126430553429573	0.0001938580188670664	-1.9440249242642384e-05	3.795885476967993e-08
0.001870182522499128	0.00021218221765243212	-2.1274680733451918e-05	4.547390552821439e-08
0.0019295484884085173	0.00023222714281242348	-2.328096566736281e-05	5.4471449221226655e-08
0.0019907989323653466	0.0002541529104660972	-2.547504218996986e-05	6.524267967296877e-08
0.0020539936741241975	0.0002781343461986741	-2.78743057496822e-05	7.813569145639065e-08
0.0021191944323225016	0.0003043623119414588	-3.049773965985625e-05	9.356652905471023e-08
0.0021864648847575445	0.00033304514939573246	-3.336605701236778e-05	1.1203236529657832e-07
0.0022558707305768816	0.0003644102498312031	-3.650185488499067e-05	1.3412721559208477e-07
0.002327479754442882	0.0003987057608662675	-3.992978185741401e-05	1.6056067122712998e-07
0.002401361892734074	0.000436202441668492	-4.3676719928006485e-05	1.9218022598122365e-07
0.002477589301847948	0.0004771956789022132	-4.777198200574564e-05	2.299978782277014e-07
0.0025562364286719247	0.0005220076766989475	-5.224752623927834e-05	2.75221818530757e-07
0.0026373800832913087	0.0005709898349382149	-5.713818853807024e-05	3.292941641921819e-07
0.0027210995140052414	0.0006245253312043427	-6.248193473922317e-05	3.9393588148465053e-07
0.0028074764847239204	0.0006830319229315521	-6.832013397796232e-05	4.7120024845034046e-07
0.00289659535482266	0.0007469649874678307	-7.469785493016684e-05	5.635364620339848e-07
0.002988543161530804	0.0008168208190802509	-8.166418671176067e-05	6.738652898742252e-07
0.0030834097049359326	0.0008931402032927475	-8.927258634237683e-05	8.056690174100674e-07
0.003181287635686402	0.0009765122903939464	-9.75812548095065e-05	9.630983545806291e-07
0.003282272545477852	0.0010675787914789707	-0.00010665354390433056	1.1510994544430527e-06
0.0033864630604120726	0.0011670385219964745	-0.00011655839614154256	1.3755647715348045e-06
0.0034939609373193918	0.0012756523194609893	-0.00012737082022256624	1.6435121659903712e-06
0.003604871163138668	0.0013942483637609947	-0.00013917240465442554	1.963297458067506e-06
0.0037193020574519424	0.0015237279303440202	-0.00015205187229482033	2.344866577578832e-06
0.0038373653782738898	0.0016650716084897874	-0.00016610567875726656	2.80005455791418e-06
0.003959176431199387	0.0018193460188879417	-0.00018143865777791029	3.3429399229796524e-06
0.004084854182015792	0.001987711066814147	-0.00019816471681711727	3.9902645401266436e-06
0.004214521372889933	0.00217142776934147	-0.00021640758634329467	4.7619308008942025e-06
0.004348304642243256	0.0023718666972257444	-0.00023630162642255005	5.681590088058504e-06
0.004486334648432224	0.002590517074354516	-0.00025799269441446166	6.777338942893515e-06
0.004628746197354751	0.002828996579937699	-0.0002816390777498884	8.082542219415004e-06
0.004775678374107304	0.003089061900930029	-0.00030741249593960337	9.636805870437261e-06
0.004927274678821245	0.003372620084493787	-0.0003354991761304939	1.1487125931515121e-05
0.005083683166811078	0.003681740742614764	-0.0003661010066866956	1.3689244842926526e-05
0.005245056593171491	0.004018669163251292	-0.0003994367734235224	1.6309251579629832e-05
0.005411552561964388	0.004385840384597196	-0.0004357434832592017	1.9425468262366546e-05
0.005583333680141638	0.004785894291142461	-0.0004752777801695524	2.313067313431289e-05
0.005760567716353838	0.00522169179218262	-0.000518317458429704	2.7534718160260373e-05
0.005943427764800233	0.005696332145216273	-0.0005651630782000368	3.2767609213584764e-05
0.006132092414279767	0.006213171488230601	-0.0006161396885554454	3.8983128057974865e-05
0.006326745922608406	0.006775842646151331	-0.0006715986630618744	4.636308832962957e-05
0.006527578396573052	0.007388276277662862	-0.0007319196529652288	5.512233273347254e-05
0.006734785977597809	0.008054723429115174	-0.0007975126629679101	6.551459596713107e-05
0.006948571033303939	0.008779779562246412	-0.0008688202544192325	7.78393777961289e-05
0.007169142355150567	0.0095684101218744	-0.0009463198805289065	9.244999357667273e-05
0.007396715362349189	0.010425977708447233	-0.0010305263579178255	0.00010976299575140198
0.00763151231225111	0.01135827091828216	-0.001121994478436813	0.00013026918986273696
0.007873762517413318	0.012371534911341207	-0.00122132176470013	0.00015454650291546454
0.00812370256955473	0.013472503762357582	-0.0013291513721837506	0.00018327500099691714
0.008381576570621612	0.014668434645891484	-0.0014461751400150443	0.00021725439749638716
0.008647636371187786	0.01596714389929758	-0.0015731367917159128	0.00025742444366632614
0.00892214181642246	0.017377044999454416	-0.0017108352861400224	0.00030488865028936555
0.009205360999865943	0.01890718847925013	-0.0018601283176499016	0.00036094185354801193
0.009497570525261033	0.020567303798035706	-0.002021935963193872	0.00042710221055995066
0.009799055776695865	0.022367843166328776	-0.002197244472347665	0.0005051482911847433
0.010110111197321955	0.02432002730874604	-0.0023871101945620765	0.0005971620233791354
0.010431040576919789	0.0264358931302132	-0.002592663635786334	0.0007055783503203823
0.010762157348592628	0.028728343228689897	-0.002815113634296978	0.0008332425694394174
0.011103784894878463	0.031211197172680196	-0.0030557516429334506	0.0009834764470552108
0.011456256863578974	0.03389924443339494	-0.0033159561020040494	0.0011601543380254757
0.011819917493613953	0.03680829882929927	-0.003597196883859365	0.0013677906881282417
0.012195121951219513	0.03995525430461924	-0.003901039786515588	0.001611640457962772
0.012582236676818327	0.043358141822895616	-0.0042291510497290685	0.0018978141809357545
0.012981639742900723	0.04703618711156165	-0.0045833018625598245	0.0022334095539571826
0.013393721223266168	0.051009868943490494	-0.004965372826701228	0.002626661656940219
0.013818883573985688	0.05530097758622746	-0.005377358334684701	0.0030871141046520346
0.014257542026457367	0.0599326729889258	-0.005821370816484234	0.0036258136497805305
0.014710124992938788	0.06492954221060876	-0.006299644802043044	0.004255530976311132
0.01517707448495238	0.07031765552107909	-0.006814540740825697	0.004991010643489518
0.015658846544972457	0.07612462052743667	-0.00736854851267241	0.005849253357629839
0.016155911691815433	0.08237963359464448	-0.00796429055701365	0.006849833955264414
0.016668755380168248	0.08911352773787148	-0.008604524539916975	0.008015258668446424
0.01719787847470379	0.09635881606750014	-0.00929214547051816	0.009371365401375594
0.017743797739246357	0.1041497297648637	-0.010030187170179224	0.010947770864762963
0.018307046341464912	0.1125222494582621	-0.010821822989273613	0.012778368475958536
0.01888817437358699	0.121514128754998	-0.011670365657892236	0.014901880921675142
0.019487749389641873	0.131164908566666	-0.01257926614807681	0.017362471176126
0.02010635695975766	0.1415159207424621	-0.01355211141651676	0.0202104155474325
0.020744601242053667	0.1526102793998368	-0.014592620888107524	0.02350284196288028
0.021403105572686567	0.1644928582145858	-0.015704641532491362	0.027304536169267882
0.022082513074626674	0.1772102518049228	-0.016892141377836064	0.03168881778509295
0.022783487285758807	0.1908107192179593	-0.018159201298817637	0.03673848716028589
0.023506712806921275	0.2053441074043918	-0.01951000490924518	0.04254684273726517
0.024252895970515755	0.2208617524504992	-0.020948826384203152	0.04921876702238107
0.02502276553034118	0.2374163562285584	-0.022480016032209407	0.05687187732565413
0.0258170733733253	0.2550618360307163	-0.02410798343493888	0.0656377350646593
0.026636595253849	0.2738531446708397	-0.02583717797080161	0.07566310461160274
0.02748213155138059	0.2938460584779971	-0.02767206653937039	0.08711124934961384
0.028354508052160013	0.3150969305685966	-0.02961710830662604	0.10016324875819742
0.02925457675569632	0.3376624067768764	-0.03167672629654829	0.11501931593921919
0.03018321670686616	0.361599101651014	-0.03385527566306839	0.1319000900050427
0.031141334854425936	0.3869632319906709	-0.03615700848818185	0.15104787217548024
0.03212986693677599	0.4138102055179188	-0.03858603496748839	0.17272776828529443
0.03314977839584202	0.4421941624442517	-0.041146280864000594	0.19722869372871246
0.03420206531996618	0.472167467929269	-0.04384144113519736	0.22486418973154826
0.035287755416728794	0.503780153729455	-0.04667492966747999	0.25597299235113746
0.03640790901665068	0.5370793077163842	-0.049649825086945966	0.29091928790827487
0.03756362010875648	0.5721084104108751	-0.05276881265629527	0.33009258085201354
0.03875601740901023	0.6089066182412868	-0.056034122315333904	0.3739070926016899
0.03998626546266675	0.6475079938982213	-0.059447462977584895	0.42280060301657035
0.04125556578161548	0.6879406849317441	-0.0630099532586275	0.4772326401940116
0.042565158017827336	0.7302260526273692	-0.06672204888364698	0.5376819197429811
0.04391632117405092	0.7743777542087181	-0.07058346710295743	0.6046429320416121
0.04531037485294029	0.8204007825514252	-0.07459310853557835	0.6786215758519915
0.046748680545834274	0.8682904688557523	-0.07874897696281974	0.760129739678433
0.04823264296244607	0.9180314551127532	-0.08304809770661149	0.8496787391091258
0.0497637114027617	0.9695966447054596	-0.08748643535109962	0.9477715297945274
0.05134338117248732	1.022946141102846	-0.09205881170057469	1.0548936324089255
0.05297319504342735	1.078026186315671	-0.09675882501137748	1.1715027285998922
0.0546547447602203	1.1347681125693077	-0.101578771688728	1.2980169161618995
0.05638967259490343	1.193087322482445	-0.1065095717993978	1.4348016479532208
0.058179672950824414	1.2528823148881587	-0.1115406999148656	1.5821554226970094
0.06002649401746696	1.314033775253724	-0.1166601229631453	1.7402943467973302
0.06193193947780587	1.3764037513984302	-0.1218542469258244	1.9093357443575314
0.06389787026985963	1.4398349368174774	-0.1271078743638078	2.0892810570054747
0.06592620640416057	1.5041500853304568	-0.1324041748834679	2.2799983447261924
0.0680189288389178	1.5691515819141062	-0.1377246707558751	2.4812047719583563
0.07017808141470404	1.6346211953750207	-0.1430492399661261	2.6924495374241477
0.07240577285055619	1.7003200388896156	-0.1483561389873894	2.913097778624829
0.07470417880343885	1.7659887643058227	-0.1536220475347829	3.1423160491431856
0.07707554399308224	1.8313480153858648	-0.1588221374473867	3.379060024801102
0.07952218439426967	1.8960991637996767	-0.163930167663217	3.622065138831924
0.08204648949871576	1.959925349591124	-0.1689186069839757	3.8698408717552963
0.08465092464874435	2.0224928449845048	-0.1737587859682462	4.120669423714674
0.08733803344504526	2.0834527567447143	-0.1784210788409489	4.372609470961918
0.0901104402308616	2.1424430778397427	-0.1828751157644718	4.623505649749299
0.09297085265503335	2.1990910938924695	-0.1870900251884505	4.8710043167621935
0.09592206431640111	2.253016143890222	-0.1910347052909851	5.11257600325558
0.09896695749215176	2.3038327279144277	-0.1946781227593612	5.345544809690742
0.1021085059527715	2.3511539473566003	-0.1979896363531247	5.567124780273765
0.1053497778663549	2.3945952553263496	-0.2009393418710152	5.774463055943023
0.1086939387951065	2.4337784868827845	-0.2034984343336026	5.964689335989683
0.1121442547869621	2.4683361305046807	-0.2056395824256143	6.1349708910150005
0.1157040955653478	2.4979157940452494	-0.2073373095467284	6.282572074070784
0.1193769378201938	2.5221848104932074	-0.2085683752269435	6.404916985427464
0.1231663686034152	2.5408349213857977	-0.2093121501995896	6.499653673954748
0.1270760888321781	2.553586968892536	-0.2095509781141572	6.56471802012637
0.1311099169033701	2.560195521604032	-0.2092705167287422	6.598395258013257
0.1352717924228073	2.56045335410008	-0.2084600514570779	6.599376971575836
0.1395657800528185	2.5541956966023447	-0.2071127743588776	6.566811357844569
0.1439960734819653	2.541304168591169	-0.2052260220475163	6.5003445974242995
0.148566999520774	2.521710309320372	-0.2028014665315433	6.400151318959991
0.153283022327481	2.4953986188231627	-0.1998452536857183	6.266952392245257
0.1581487477679162	2.4624090253819992	-0.1963680848387112	6.102018633025951
0.163168927913786	2.422838699644715	-0.1923852378421802	5.9071594442356865
0.168348465683745	2.3768431417131164	-0.1879165249244745	5.684695940648369
0.1736924196317928	2.3246364757077216	-0.1829861856100682	5.4374186883149385
0.17920600888767	2.2664908966119794	-0.1776227139869935	5.16853081294908
0.1848946182540791	2.2027352266899523	-0.171858620620036	4.8815778643822565
0.1907638034657094	2.133752553486568	-0.1657301304356883	4.580366435644679
0.1968192966152001	2.0599769383375777	-0.1592768189507988	4.2688740915377466
0.2030670117513432	1.9818892033359472	-0.1525411902899191	3.951153629034661
0.2095130506549911	1.9000118256153389	-0.1455682015469293	3.63123503877974
0.2161637087983127	1.8149029940580557	-0.1384047394863392	3.3130287497531765
0.2230254814932148	1.7271498843497826	-0.131099055091483	3.000233685255347
0.2301050702349376	1.6373612891146845	-0.1237001668926639	2.696253722380574
0.2374093892470148	1.5461596875109025	-0.1162572397005875	2.4041255250666116
0.2449455722339959	1.4541729177364249	-0.1088189506988328	2.126460438709262
0.2527209793485205	1.3620256128089374	-0.1014328543034884	1.8654023938797142
0.2607432043795529	1.2703305798549789	-0.09414475838228442	1.6226030176455455
0.2690200821687949	1.179680314496131	-0.08699812506746675	1.399214318174945
0.277559696262521	1.0906388475205242	-0.0800335096779523	1.1958984583922683
0.2863703868063094	1.0037341200378167	-0.07328805110314579	1.0128533221625875
0.2954607586903778	0.9194510751747516	-0.06679502632738134	0.8498518551820823
0.3048396899534804	0.8382256388682625	-0.06058348055129204	0.7062925797718157
0.3145163404535739	0.7604397396522343	-0.054677942590171946	0.5812582750482521
0.3245001608137182	0.6864174881455412	-0.04909823293628412	0.4735796045094997
0.3348009016519524	0.616422602287843	-0.04385936913981411	0.3819004688726587
0.3454286231041573	0.5506571256684302	-0.03897157010839839	0.3047420533261311
0.3563937046492066	0.489261445282545	-0.034440357696840014	0.24056290007825107
0.3677068552460012	0.4323155736436243	-0.030266750725541445	0.18781283141429797
0.3793791237922885	0.3798416203538106	-0.026447543505567266	0.14497912911048724
0.3914219099154797	0.3318073418831211	-0.02297565822956961	0.11062399299862441
0.4038469751060038	0.2881306271173391	-0.019840558359888176	0.08341290603906323
0.4166664542040736	0.248684751570032	-0.01702870852283516	0.062134082577404215
0.4298928672510797	0.2133042159757269	-0.014524065474876072	0.045709637030938034
0.4435391317171884	0.1817909757938353	-0.012308584468370088	0.03319946013168981
0.4576185751170853	0.1539208669964432	-0.010362725791315542	0.023799019382762753
0.4721449480261857	0.1294500399874755	-0.00866594732409384	0.01683241149578298
0.4871324375100235	0.1081212268230414	-0.0071971705485622175	0.011741998953624658
0.5025956809799355	0.0896696859872432	-0.005935209438386648	0.008075879296128314
0.5185497804885704	0.07382869252978477	-0.004859153918303159	0.0054742872174592585
0.5350103174791894	0.0603344679854598	-0.003948701966067089	0.0036558402743052955
0.5519933680031556	0.04893047274655501	-0.003184436814146132	0.0024043318010246516
0.5695155184204819	0.03937101208511306	-0.002548047974520272	0.0015565691410865754
0.587593881598766	0.03142413458798366	-0.0020224968662992744	0.0009915667281779014
0.606246113626335	0.02487382731296153	-0.0015921296032319968	0.0006212421618685187
0.6254904310559231	0.019521534643240666	-0.001242740952013516	0.000382634719901057
0.6453456286957207	0.015187046973168607	-0.0009615945809242493	0.00023157105990329264
0.6658310979651735	0.011708820586333584	-0.0007374054803126965	0.00013764024636534435
0.6869668458334571	0.008943801187293484	-0.0005602908669688673	8.030550553344106e-05
0.7087735143591218	0.006766830521484017	-0.00042169601178429614	4.596782283284244e-05
0.7312724008499945	0.005069718544601532	-0.0003143012918488504	2.5800831423534536e-05
0.7544854786630228	0.0037600630199691536	-0.00023191640816093287	1.419185913451382e-05
0.7784354186643789	0.0027598946936813946	-0.000169367175578354	7.645703960374108e-06
0.8031456113707767	0.00200421988178785	-0.00012237963063192427	4.0318741085473095e-06
0.8286401897936353	0.0014395240207829712	-8.746546229974005e-05	2.0798796135064794e-06
0.8549440530083884	0.0010222901261674835	-6.181199477471992e-05	1.0488978247575593e-06
0.8820828904719682	0.0007175758065098745	-4.317917912144892e-05	5.16779479597899e-07
0.9100832071122062	0.00049768208014166	-2.980531625596988e-05	2.48575809771248e-07
0.9389723492136592	0.00034093725486940074	-2.0322563892322423e-05	1.1665121836104024e-07
0.9687785311251382	0.00023060997707639264	-1.368269484961477e-05	5.336817766552201e-08
0.9995308628150256	0.00015395754472138787	-9.093085959803389e-06	2.378560978891052e-08
1.0312593783012929	0.0001014089246806654	-5.962530419760816e-06	1.0319321773895442e-08
1.063995064983982	6.587666591821138e-05	-3.856182343385412e-06	4.35460525476507e-09
1.0977698939088023	4.218807714972791e-05	-2.45875308936e-06	1.7858793203458313e-09
1.1326168509913963	2.662365970129548e-05	-1.5449690609906743e-06	7.112061852898033e-10
1.168569969232767	1.6549223591378848e-05	-9.562759603603188e-07	2.7479126518981323e-10
1.2056643619573364	1.0127952386333254e-05	-5.827913604893133e-07	1.0291506530969444e-10
1.2439362571060937	6.099693236265185e-06	-3.4954526853457905e-07	3.7328439471294153e-11
1.2834230326183211	3.6136087074399967e-06	-2.062236853944803e-07	1.3100696098903845e-11
1.3241632529364584	2.104361448603609e-06	-1.1963714242331465e-07	4.442650152216296e-12
1.3661967066697578	1.204839505969505e-06	-6.81801062444309e-08	1.4562867620323427e-12
1.409564445453508	6.782001371689325e-07	-3.813489496114705e-08	4.614096962696565e-13
1.4543088240417854	3.7332899565122405e-07	-2.0994602049346776e-08	1.398153123091621e-13
1.5004735416728847	2.0464436424155494e-07	-1.1213472062568052e-08	4.20050577715282e-14
1.548103684747829	1.1182064857734049e-07	-5.801592328005527e-09	1.2537515921797453e-14
1.5972457708636414	5.969846364324764e-08	-2.9304344859239804e-09	3.572494007640453e-15
1.6479477942443843	3.0229826476642384e-08	-1.4838995948042371e-09	9.160443668153691e-16
1.7002592726143313	1.4980527428380228e-08	-7.353531651299182e-10	2.2495694630991893e-16
1.754231295559056	7.260051769717406e-09	-3.563761071425779e-10	5.2835355628718934e-17
1.8099165744216656	3.438478042989474e-09	-1.6878549331660154e-10	1.1851619794874852e-17
