r	P
0.0002693476307166791	2.593704729166273e-07
0.00028671906042055875	3.1273742551893893e-07
0.0003052108510838197	3.770753696683728e-07
0.00032489525978033	4.546369724203833e-07
0.0003458492037648398	5.481366713649691e-07
0.0003681545610288257	6.608451145321965e-07
0.00039189849024052185	7.967028532744527e-07
0.0004171737713193103	9.604571956413528e-07
0.0004440791679752721	1.1578269159249552e-06
0.0004727198136305304	1.3957004617493833e-06
0.0005032076222303829	1.6823744344450326e-06
0.000535661725549474	2.027840478616512e-06
0.0005702089387017944	2.4441303470831e-06
0.0006069842556734933	2.9457308605446766e-06
0.000646131376814815	3.550082820295693e-06
0.0006878032703523379	4.27818073191225e-06
0.0007321627701156462	5.155293547040191e-06
0.0007793832118140558	6.211830634869907e-06
0.0008296491103496669	7.48438197992697e-06
0.0008831568808133521	9.016967316925866e-06
0.0009401156059809936	1.0862535732322317e-05
0.0010007478533089736	1.3084765393445267e-05
0.001065290544621345	1.576022275458108e-05
0.0011339958818870103	1.8980952123521065e-05
0.001207132332704394	2.285758019089032e-05
0.0012849856793444175	2.752303642577111e-05
0.0013678601354509335	3.3137009590271114e-05
0.0014560795347621515	3.989128356640143e-05
0.0015499885964980048	4.801612285403485e-05
0.001649954272357996	5.778791022396126e-05
0.0017563671803929356	6.953827694596796e-05
0.0018696431313534648	8.366501073956227e-05
0.0019902247534795987	0.00010064507924113996
0.0021185832220801952	0.00012105016863405904
0.002255220100660713	0.00014556520961181034
0.002400669300793506	0.0001750104476947833
0.0025554991683888998	0.000210367713956372
0.002720314704519181	0.0002528116675036274
0.002895759929473442	0.00030374691488352053
0.00308252039928085	0.00036485206643628674
0.0032813258845357327	0.0004381319681668898
0.003492953221992032	0.0005259795527786176
0.003718229350069801	0.0006312489880229267
0.0039580345401350565	0.0007573420673792014
0.004213305836179265	0.0009083100900670136
0.004485040716339107	0.0010889738169769666
0.004774300990563966	0.0013050644681873572
0.00508221694966139	0.0015633891473249418
0.005409991781932975	0.0018720245378211404
0.005758906274658809	0.0022405432139303437
0.006130323818801593	0.002680277440463792
0.006525695736486469	0.003204625891354999
0.006946566952073746	0.003829409285692208
0.007394582028984425	0.004573281502177726
0.007871491595867504	0.005458203263145891
0.008379159187219456	0.006509985942075254
0.008919568525185786	0.007758913397344915
0.009494831270998413	0.00924044990934715
0.010107195276337829	0.010996042220984097
0.010759053366862378	0.013074023256643922
0.011452952692226542	0.01553062420323219
0.012191604679123535	0.018431100134863487
0.012977895626244053	0.021850972079070392
0.013814897982551116	0.025877385156608736
0.014705882352941176	0.030610577949950053
0.015654330278203815	0.03616545231147304
0.016663947839218034	0.0426732251340544
0.017738680138543832	0.050283133885649055
0.018882726715996195	0.059164155671186464
0.02010055795843818	0.0695066849725241
0.021396932567914723	0.08152409783218202
0.02277691615638431	0.09545410999230522
0.02424590103970777	0.1115598134347595
0.025809627308239685	0.1301302501693933
0.02747420525635621	0.1514803545588077
0.02924613925856312	0.175950066902058
0.03113235318548051	0.203902392844624
0.033140217459017775	0.2357201574033498
0.035277577852457324	0.2718011815737568
0.03755278614798423	0.3125515968609801
0.03997473277145654	0.3583770125412481
0.04255288153193766	0.4096712665228839
0.04529730660173576	0.4668025283300775
0.04821873188145108	0.5300965872731253
0.05132857290385061	0.5998172556075351
0.054638981440310354	0.676143950372419
0.058162892984126136	0.7591466927275968
0.061914077296234715	0.8487589825598943
0.0659071922108539	0.944749269117618
0.07015784091128828	1.0466920421841663
0.07468263289970707	1.1539399046060763
0.0794992488991348	1.2655983409263152
0.08462650994126075	1.380505244839209
0.0900844509100292	1.4972175760807722
0.095894398828384	1.6140077395879695
0.102079056194074	1.7288723599331808
0.1086625896901566	1.8395559987018533
0.1156707246168366	1.9435919686530876
0.1231308454136362	2.038361685501979
0.1310721026646873	2.12117294263109
0.1395255270052724	2.189356115363746
0.1485241503747066	2.240375672989707
0.1581031350893581	2.2719526276309288
0.1682999112401635	2.2821918523054
0.1791543229515216	2.2697067476234984
0.1907087840730754	2.2337327037402077
0.2030084439127513	2.1742203226257235
0.2161013636586608	2.0918995085323884
0.2300387041792378	1.9883063302866448
0.2448749259354433	1.8657660281610935
0.2606680017862006	1.727327732297986
0.2774796435186012	1.5766494713860937
0.2953755429880539	1.4178359608910045
0.3144256288106374	1.255236419273003
0.3347043396106871	1.093214932009549
0.3562909148913379	0.9359109363214668
0.3792697046646038	0.7870111437390763
0.4037304990508838	0.64955543932864
0.4297688791358079	0.525797065843914
0.4574865904554067	0.4171315072995985
0.4869919405690045	0.324099693778337
0.5184002222733609	0.2464611117966472
0.5518341641117794	0.1833232212733245
0.5874244099385578	0.1333071518697787
0.6253100294126879	0.09472710646125405
0.66563906141557	0.06576232052149449
0.708569092516159	0.04460495896813762
0.7542678727439073	0.029573577760850088
0.8029139710756505	0.019188270009083425
0.8546974731977643	0.012209195345865596
0.909820724270116	0.0076441790294343795
0.968499119594172	0.004733259769143168
1.0309619462748214	0.002918615552916189
1.0974532791647194	0.0018075697799693508
1.1682329345920783	0.0011348297545868242
1.2435774855986177	0.0007281898936683733
1.3237813426547325	0.00048003394683583905
1.409157904074807	0.0003253790832909928
1.5000407806279366	0.00022607530858678336
1.5967850991292587	0.00016013413720797947
1.6997688901057009	0.00011493857000615589
1.8093945649584784	8.315466502834592e-05
1.9260904883943912	6.0386964198844126e-05
2.050312652270223	4.3884898549244635e-05
2.182546457390832	3.184521771509412e-05
2.3233086102233447	2.3036083460734337e-05
2.473149141938904	1.6589240445566533e-05
2.6326535576714214	1.187937917651779e-05
2.802445124391617	8.449815678573475e-06
2.9831873063362484	5.964081138561267e-06
3.175586357509031	4.1729827165221646e-06
3.3803940813835123	2.8914817618129327e-06
3.598410768591476	1.982101508928519e-06
3.8304883240759824	1.3428265773142378e-06
4.077533595928441	8.981705256919195e-07
4.34051191891724	5.925218053764049e-07
4.620450886554327	3.8515399079617746e-07
4.918444366439192	2.464666425081212e-07
5.23565677457028	1.5514483324669078e-07
5.573327625325817	9.600967464814272e-08
5.932776374893163	5.839200040988817e-08
6.315407577072556	3.4904466467920286e-08
6.722716371601601	2.0518641941814625e-08
7.1562943264462815	1.1876444115095245e-08
7.617835656887382	6.781866803565959e-09
8.109143845703512	3.831093385919507e-09
8.632138690319248	2.148100385439565e-09
9.188863804455309	1.1997095497017907e-09
9.781494603593556	6.694370023876806e-10
10.412346805460285	3.738677220062247e-10
11.083885478743548	2.089364696632637e-10
11.798734675402631	1.1656343102116244e-10
12.559687684208113	6.463730313952169e-11
13.369717945578415	3.5452779825976353e-11
14.23199067036289	1.8986496452763884e-11
15.149875207971968	1.066468142084874e-11
