r	P
0.00027750968013233603	0.0442527478261698
0.00029540751679693925	0.047050909638920606
0.0003144596647530264	0.05002215173158737
0.00033474057068276427	0.05317666507707664
0.00035632948266680465	0.056525170908499255
0.00037931075984788096	0.06007893849555184
0.00040377420206599217	0.06384980198006401
0.0004298154007532288	0.0678501759522296
0.0004575361124593712	0.07209306939823541
0.0004870446564678192	0.07659209759268983
0.0005184563380555459	0.08136149144475167
0.0005518938990509732	0.08641610373443015
0.0005874879974503335	0.09177141159438129
0.0006253777179666295	0.09744351450183424
0.0006657111155061729	0.1034491269441686
0.0007086457936963482	0.109805564809238
0.0007543495207252114	0.1165307244268686
0.0008030008848993302	0.1236430530501488
0.000854789992481475	0.1311615094132576
0.0009099192105349688	0.1391055128358259
0.0009686039576773873	0.1474948791614167
0.0010310735458334878	0.1563497416190484
0.0010975720762765372	0.1656904544813212
0.0011683593934593442	0.1755374771605273
0.0012437121003621033	0.1859112361352988
0.0013239246393245514	0.1968319618355942
0.0014093104425858104	0.2083194973344053
0.0015002031570276711	0.2203930754025564
0.0015969579479070354	0.233071060181358
0.0016999528866718748	0.2463706494208992
0.0018095904282836304	0.2603075329250239
0.0019262989838187208	0.274895502544995
0.002050534594494132	0.2901460087820046
0.002182782713658383	0.306067658806154
0.0023235601037110373	0.3226656504913388
0.002473416855363006	0.3399411369203048
0.0026329385371279567	0.3578905157546876
0.0028027484834440043	0.3765046379186604
0.0029835102303665765	0.3957679302448428
0.003175930108349967	0.4156574271165653
0.0033807600022489367	0.4361417067575271
0.0035988002893251234	0.4571797287221858
0.003830902966738583	0.4787195703899976
0.00407797498074521	0.5006970619351288
0.004340981770608941	0.5230343214109433
0.004620951041076656	0.5456381943455915
0.004918976778156814	0.5683986056906349
0.0052362235238935535	0.591186836206767
0.005573930926840036	0.6138537405239863
0.005933418586012105	0.6362279302973987
0.006316091207250127	0.658113953213995
0.006723444092137574	0.679290507205807
0.007157068980924465	0.6995087391942943
0.007618660272286984	0.7184906891121015
0.008110021644227125	0.7359279528699822
0.008633073101983682	0.7514806523582351
0.009189858480494445	0.7647768164239876
0.009782553430725635	0.7754122938868095
0.010413473921075335	0.7829513377633756
0.011085085287070333	0.786928018532421
0.011800011864718256	0.7868486428580233
0.01256104724515758	0.7821953718443645
0.013371165190675688	0.7724312484828452
0.014233531254749634	0.7570068560145734
0.015151515151515152	0.7353688356418011
0.016128703922997867	0.7069704911510609
0.017168915955557973	0.6712846968988426
0.018276215900317888	0.6278193011669005
0.01945493055587487	0.5761351756253916
0.02070966577536055	0.5158669997316015
0.022045324463912136	0.4467467823402063
0.023467125736880805	0.3686300076518846
0.024980625313638306	0.281524145293778
0.02659173722667119	0.1856190820411205
0.02830675693079125	0.08131881408600261
0.030132385902762	-0.030726515415116295
0.03207575782746477	-0.1495894348337502
0.034144466472927404	-0.2740363302887681
0.03634659536313785	-0.4025028336289973
0.0386907493645898	-0.5330755625963719
0.041186088309985526	-0.6634826498490619
0.04384236279048123	-0.791095723106707
0.0466699522563338	-0.9129461269768574
0.04967990557482838	-1.025758166459956
0.052883984203967296	-1.126001958096452
0.056294708150622784	-1.2099680523859453
0.05992540489273602	-1.2738652991652537
0.06379026145672667	-1.3139424328768927
0.06790437985360703	-1.3266325373982173
0.07228383609041822	-1.3087179103656823
0.07694574298757699	-1.257510911580619
0.08190831704759342	-1.171044210882976
0.08719094963645047	-1.0482615533694777
0.09281428275578767	-0.8891978922533151
0.0988002897019714	-0.6951357199480863
0.1051723609272278	-0.468722935200292
0.1119553954383431	-0.2140369491564118
0.1191758980900741	0.06341968763063198
0.1268620831534434	0.3568047288387508
0.1350439845636172	0.6581114251002425
0.1437535732781594	0.9584363843648492
0.1530248822042432	1.248335613743856
0.162894139182975	1.518255723813614
0.1733999085504715	1.7590184412177148
0.1845832418288405	1.962328490412032
0.1964878381358959	2.1212686935488034
0.2091602149404105	2.2307427966339968
0.2226498898301354	2.2878267547156894
0.237009574002851	2.2919932892938206
0.2522953782365173	2.245182361136364
0.2685670321433582	2.1517013715734783
0.2858881175646194	2.0179528032111023
0.3043263170179949	1.8520028355056488
0.3239536781685354	1.66302110430662
0.3448468953564656	1.460637573154655
0.3670876092819845	1.2542751572416129
0.3907627260180767	1.052523546183418
0.4159647565978802	0.8626180540801706
0.4427921785035597	0.6900758930261641
0.4713498204692069	0.5385217235358484
0.5017492721013986	0.4097078614475749
0.5341093199180081	0.3037072380610976
0.568556411509106	0.2192347958992105
0.6052251496336656	0.154039954062336
0.6442588181827694	0.1053110570518002
0.6858099420645267	0.07004133714335974
0.7300408831984669	0.04532154248464475
0.7771244749482682	0.028542626500072204
0.8272446974718823	0.017508685461740597
0.8805973966279997	0.010472863882915526
0.9373910492479982	0.006116028096190295
0.9978475777636924	0.0034898750913397126
1.0622032173740583	0.0019439908292847633
1.1307094391394077	0.0010518120771939967
1.2036339326100205	0.0005450560748186129
1.2812616518288789	0.00026120272998548166
1.363895928795785	0.00010480007808333866
1.4518596587437405	2.0981095014226807e-05
1.545496561859086	-2.149397255046333e-05
1.6451725263756	-4.0470638443558367e-05
1.751277038290722	-4.62773032388292e-05
1.8642247032905537	-4.49858419684578e-05
1.9844568668305849	-4.019699868889312e-05
2.112443338702654	-3.403123505684391e-05
2.248684228826918	-2.7699554331756065e-05
2.3937119014422343	-2.1848395971988696e-05
2.5480930553309915	-1.677653140900121e-05
2.712430938206919	-1.2574451907699757e-05
2.887367703918636	-9.214203774288784e-06
3.073586921679771	-6.606621036128439e-06
3.2718162471305168	-4.636960560847572e-06
3.4828302656678614	-3.1863016309575297e-06
3.7074535191548543	-2.1436486699034648e-06
3.94656372783586	-1.4120286345146186e-06
4.201095220047485	-9.107706389498065e-07
4.472042583126853	-5.754310341158448e-07
4.7604645497832445	-3.563554392411236e-07
5.067488135119168	-2.1655582481773066e-07
5.39431304046635	-1.2936250780676638e-07
5.742216341244781	-7.615044138604547e-08
6.112557477162653	-4.431722152286358e-08
6.506783564256574	-2.559811124719117e-08
6.926435049528924	-1.4737069606665541e-08
7.373151730277987	-8.48929450509785e-09
7.848679161641545	-4.906608097874505e-09
8.354875477391497	-2.847844184621797e-09
8.89371865063195	-1.6576351460218167e-09
9.467314222772137	-9.643732508318985e-10
10.07790353097518	-5.581502831613267e-10
10.727872466231808	-3.1969926154354963e-10
11.419760796281231	-1.8030325139089083e-10
12.156272089808771	-9.966486110126097e-11
12.940284280699268	-5.377860713429536e-11
13.774860913626249	-2.8245439729623907e-11
14.663263114919342	-1.4304644799882314e-11
15.60896233548627	-7.499043374211391e-12
