r	P
0.00027750968013233603	0.021207227859168273
0.00029540751679693925	0.02254818579554323
0.0003144596647530264	0.02397208782672218
0.00033474057068276427	0.025483817526858486
0.00035632948266680465	0.02708851253619429
0.00037931075984788096	0.02879157306976904
0.00040377420206599217	0.030598669973183185
0.0004298154007532288	0.03251575217237774
0.0004575361124593712	0.03454905333996289
0.0004870446564678192	0.03670509757306568
0.0005184563380555459	0.03899070384664101
0.0005518938990509732	0.04141298897134156
0.0005874879974503335	0.04397936874599144
0.0006253777179666295	0.0466975569510513
0.0006657111155061729	0.0495755617807762
0.0007086457936963482	0.05262167925761412
0.0007543495207252114	0.05584448311232724
0.0008030008848993302	0.05925281054688664
0.000854789992481475	0.06285574322396145
0.0009099192105349688	0.06666258274637231
0.0009686039576773873	0.07068281980183728
0.0010310735458334878	0.07492609605239027
0.0010975720762765372	0.07940215774378177
0.0011683593934593442	0.08412079989788503
0.0012437121003621033	0.08909179983070732
0.0013239246393245514	0.09432483861035212
0.0014093104425858104	0.09982940893377656
0.0015002031570276711	0.1056147077594082
0.0015969579479070354	0.1116895118860285
0.0016999528866718748	0.1180620345187841
0.0018095904282836304	0.1247397607134363
0.0019262989838187208	0.1317292594435084
0.002050534594494132	0.1390359698964166
0.002182782713658383	0.1466639594797142
0.0023235601037110373	0.1546156509144912
0.002473416855363006	0.1628915157186724
0.0026329385371279567	0.1714897313493968
0.0028027484834440043	0.180405799294105
0.0029835102303665765	0.1896321214903289
0.003175930108349967	0.1991575326334512
0.0033807600022489367	0.2089667862222539
0.0035988002893251234	0.2190399926200964
0.003830902966738583	0.2293520080053893
0.00407797498074521	0.2398717738835205
0.004340981770608941	0.2505616078730729
0.004620951041076656	0.2613764478065219
0.004918976778156814	0.2722630528488074
0.0052362235238935535	0.2831591673900208
0.005573930926840036	0.2939926559684935
0.005933418586012105	0.3046806204882541
0.006316091207250127	0.3151285145715264
0.006723444092137574	0.3252292740928953
0.007157068980924465	0.3348624878323441
0.007618660272286984	0.3438936378059361
0.008110021644227125	0.3521734452166752
0.008633073101983682	0.3595373651228639
0.009189858480494445	0.3658052808238865
0.009782553430725635	0.3707814575473449
0.010413473921075335	0.3742548241629492
0.011085085287070333	0.3759996611500596
0.011800011864718256	0.3757767826168448
0.01256104724515758	0.3733353094051521
0.013371165190675688	0.368415138673673
0.014233531254749634	0.3607502221275866
0.015151515151515152	0.3500727693621393
0.016128703922997867	0.3361184935067483
0.017168915955557973	0.3186330121621124
0.018276215900317888	0.2973795059450649
0.01945493055587487	0.2721477179912699
0.02070966577536055	0.2427643485063446
0.022045324463912136	0.2091048567447326
0.023467125736880805	0.1711066264250811
0.024980625313638306	0.1287833774490144
0.02659173722667119	0.0822406150706587
0.02830675693079125	0.03169179614295899
0.030132385902762	-0.022525239544720188
0.03207575782746477	-0.07993217545692985
0.034144466472927404	-0.1398952314002112
0.03634659536313785	-0.2016122304967918
0.0386907493645898	-0.2641028474283272
0.041186088309985526	-0.3262033371616428
0.04384236279048123	-0.3865671917456093
0.0466699522563338	-0.4436732792327455
0.04967990557482838	-0.4958430615393261
0.052883984203967296	-0.5412684426124736
0.056294708150622784	-0.5780516384377248
0.05992540489273602	-0.6042581597938887
0.06379026145672667	-0.617983532550245
0.06790437985360703	-0.6174337281649716
0.07228383609041822	-0.6010184255790281
0.07694574298757699	-0.5674551727564324
0.08190831704759342	-0.5158812757060613
0.08719094963645047	-0.4459688513424102
0.09281428275578767	-0.3580370041347004
0.0988002897019714	-0.2531536285062682
0.1051723609272278	-0.1332180456664963
0.1119553954383431	-0.0010147449159062614
0.1191758980900741	0.1397718594390966
0.1268620831534434	0.2845912850236817
0.1350439845636172	0.4281175888106542
0.1437535732781594	0.564402193341413
0.1530248822042432	0.6870905409655362
0.162894139182975	0.789699289147264
0.1733999085504715	0.8659451628187776
0.1845832418288405	0.9101107706672874
0.1964878381358959	0.9174272393615848
0.2091602149404105	0.8844489723982366
0.2226498898301354	0.8093926429962616
0.237009574002851	0.6924109922174909
0.2522953782365173	0.535772347633648
0.2685670321433582	0.3439192573167057
0.2858881175646194	0.1233846425376823
0.3043263170179949	-0.1174480523933191
0.3239536781685354	-0.3687426118618125
0.3448468953564656	-0.6197524183411848
0.3670876092819845	-0.8594763749610804
0.3907627260180767	-1.077379215100315
0.4159647565978802	-1.2641120873995493
0.4427921785035597	-1.4121614581154698
0.4713498204692069	-1.5163567978969157
0.5017492721013986	-1.5741813235629325
0.5341093199180081	-1.5858535312680475
0.568556411509106	-1.5541760775469893
0.6052251496336656	-1.4841770706100168
0.6442588181827694	-1.3825917447084153
0.6858099420645267	-1.2572464258717555
0.7300408831984669	-1.1164108421360113
0.7771244749482682	-0.9681805735537464
0.8272446974718823	-0.8199413140265784
0.8805973966279997	-0.6779531675761062
0.9373910492479982	-0.5470782624332039
0.9978475777636924	-0.4306596189366198
1.0622032173740583	-0.3305442126893498
1.1307094391394077	-0.2472294936463135
1.2036339326100205	-0.1801016366939144
1.2812616518288789	-0.1277270718002327
1.363895928795785	-0.088157542195772
1.4518596587437405	-0.059213270862210635
1.545496561859086	-0.038717763929038015
1.6451725263756	-0.02466932689542845
1.751277038290722	-0.015346081485173533
1.8642247032905537	-0.009350988587635785
1.9844568668305849	-0.0056097465546092636
2.112443338702654	-0.0033370796259814474
2.248684228826918	-0.0019863589139613
2.3937119014422343	-0.001194737927112146
2.5480930553309915	-0.0007322112276801529
2.712430938206919	-0.00045923124731449456
2.887367703918636	-0.0002944226640147407
3.073586921679771	-0.00019182284432442997
3.2718162471305168	-0.0001259483229281109
3.4828302656678614	-8.264195510685241e-05
3.7074535191548543	-5.381543522557773e-05
3.94656372783586	-3.4604095763245094e-05
4.201095220047485	-2.1900362821978764e-05
4.472042583126853	-1.3617254260424832e-05
4.7604645497832445	-8.312694951552291e-06
5.067488135119168	-4.98328969991966e-06
5.39431304046635	-2.936993223987352e-06
5.742216341244781	-1.7052353837371742e-06
6.112557477162653	-9.782377282818494e-07
6.506783564256574	-5.565906216432932e-07
6.926435049528924	-3.154648959460762e-07
7.373151730277987	-1.7887964020166098e-07
7.848679161641545	-1.0182194266386703e-07
8.354875477391497	-5.827584143560541e-08
8.89371865063195	-3.351051751158987e-08
9.467314222772137	-1.9302118361669576e-08
10.07790353097518	-1.1084694591907856e-08
10.727872466231808	-6.311908636257705e-09
11.419760796281231	-3.5443658624211188e-09
12.156272089808771	-1.9529517800356056e-09
12.940284280699268	-1.0513453264900855e-09
13.774860913626249	-5.509405300056865e-10
14.663263114919342	-2.8014776902027477e-10
15.60896233548627	-1.378625855628878e-10
16.615653915582705	-6.526346877867414e-11
17.687271524434625	-3.1127150853045e-11
