r	P
0.00045789097221835446	0.07133555368903069
0.0004874224027149498	0.07584627576226668
0.0005188584468424935	0.08063602450567538
0.000552321941626561	0.08572123235191043
0.0005879436464002277	0.09111918746164192
0.0006258627537490037	0.09684806257224694
0.0006662274334088872	0.1029269423688268
0.0007091954112428275	0.1093758488719223
0.0007549345855579625	0.1162157642559342
0.0008036236831719018	0.123468650421697
0.0008554529577916509	0.1311574645448447
0.0009106249334341059	0.1393061697074422
0.0009693551957930503	0.1479397395926254
0.0010318732346449389	0.1570841560794536
0.0010984233405851856	0.1667663984165303
0.0011692655595989744	0.1770144224768603
0.0012446767091965987	0.1878571284015532
0.001324951460083895	0.1993243147250265
0.0014104034875944338	0.2114466168380733
0.0015013666973826983	0.2242554273863723
0.0015981965301676891	0.2377827959197898
0.0017012713506252548	0.252061304801426
0.0018109939258562865	0.2671239180544418
0.0019277929992079176	0.2830037994693865
0.0020521249655974694	0.299734095915766
0.002184475654885509	0.3173476814004991
0.002325362230266587	0.3358768569952519
0.0024753352090956574	0.3553530013182493
0.002634980614046608	0.3758061658094291
0.0028049222630085933	0.39726460858804
0.0029858242066679907	0.4197542602386155
0.00317839332330089	0.4432981144471345
0.0033833820809153177	0.4679155360198134
0.003601591477536332	0.4936214784821083
0.003833874171123212	0.5204256031993587
0.0040811378113489605	0.5483312918127462
0.004344348586261129	0.5773345437805961
0.004624534997682607	0.6074227509982784
0.004922791880104851	0.6385733418906334
0.005240284678777444	0.6707522880883083
0.005578254003710746	0.703912467882469
0.005938020477386454	0.737991882180222
0.0063209898951186606	0.7729117207456278
0.006728658718229597	0.8085742792094823
0.007162619921504752	0.8448607307768579
0.007624569217776481	0.8816287608769237
0.008116311683958743	0.9187100783153184
0.008639768814424366	0.9559078229423512
0.009196986029286057	0.9929938975794634
0.009790140666919977	1.0297062610879828
0.01042155049196271	1.0657462301434626
0.011093682752026997	1.1007758496013385
0.011809163818525368	1.1344154053772226
0.012570789449273524	1.1662411695417594
0.013381535712974756	1.1957834848004512
0.014244570618273077	1.2225253145570936
0.015163266492815837	1.2459014050887274
0.0161412131606973	1.2652982275828613
0.017182231969774305	1.2800548893076338
0.018290390723666044	1.2894652241794309
0.01947001957678512	1.2927812923662143
0.02072572795451001	1.289218534913866
0.022062422564614888	1.2779628409493549
0.023485326570336897	1.2581797896581397
0.025	1.2290263244074726
0.02661236147294648	1.1896650991441893
0.028328711326670655	1.1392817042131602
0.030155756235524515	1.0771049264041237
0.032100635417193525	1.0024301225572758
0.03417094852934491	0.9146456837074868
0.03637478536545504	0.8132624341348985
0.03872075746585333	0.6979456441940041
0.0412180317675032	0.5685491360903
0.043876366424007454	0.4251507285098687
0.04670614893580556	0.2680880025726891
0.049718436739557295	0.09799308497306639
0.05292500041531687	-0.08417515414530152
0.056338369680330215	-0.2771033843539307
0.059971882349177455	-0.4791027408026857
0.06383973645157318	-0.6880967646321123
0.06795704571147612	-0.9016208508231608
0.07233989860429403	-1.116835691050982
0.07700542122295077	-1.3305570289929962
0.08197184419846684	-1.5393036745489903
0.08725857393654604	-1.739365122425249
0.09288626844852761	-1.9268892725823688
0.09887691807301444	-2.097989655873895
0.105253931403599	-2.2488702511620096
0.1120422267584516	-2.3759644900516457
0.11926832954919	-2.476083460281091
0.126960475929502	-2.5465667450494403
0.1351487231285291	-2.5854279050765183
0.1438650669001432	-2.5914854757916745
0.1531435665470496	-2.5644696804932003
0.1630204780082528	-2.5050950227329456
0.1735343955299258	-2.415089679540016
0.1847264024732662	-2.2971743047679367
0.1966402318486222	-2.154985546064304
0.2093224372031816	-1.992943264785892
0.2228225745299684	-1.8160649773604949
0.2371933959089631	-1.6297360906094258
0.2524910556370013	-1.439449576484698
0.2687753296519088	-1.2505331519979028
0.286109849108278	-1.0678850369928334
0.3045623490175868	-0.8957402396512024
0.3242049329242283	-0.7374875689629634
0.3451143546516773	-0.5955530855717949
0.3673723182197235	-0.4713588693334369
0.3910657971047042	-0.3653576973464907
0.4162873740902536	-0.2771357496712458
0.443135603036541	-0.2055681635732307
0.4717153939816221	-0.1490073198511293
0.5021384230796917	-0.1054818836368572
0.5345235689780836	-0.07288594173610109
0.5689973773381682	-0.04914158136386117
0.6056945553152745	-0.03232399792484899
0.6447584979298265	-0.020744560077267896
0.6863418483865024	-0.012993115057898463
0.7306070945308735	-0.00794536325225448
0.7777272037741915	-0.004743916024510164
0.8278862989673078	-0.0027626073892401577
0.8812803778647134	-0.0015630135536598198
0.938118078990025	-0.0008504139727690678
0.9986214968955484	-0.00043415923950027897
1.0630270500015695	-0.00019511639486770609
1.1315864044064692	-6.0934596758473295e-05
1.2045674572774705	1.1471351160724586e-05
1.2822553836646426	4.7549272192618456e-05
1.3649537508286058	6.238902910428794e-05
1.4529857044361996	6.505636540757972e-05
1.5466952312591973	6.108016616408635e-05
1.6464485033100924	5.385753350458608e-05
1.7526353086671964	4.545702404245464e-05
1.8656705745800228	3.7096271191113374e-05
1.9859959888065333	2.944166294233503e-05
2.11408172551765	2.280548975043196e-05
2.2504282825130453	1.72791462491952e-05
2.395568436927172	1.2823490209747422e-05
2.5500693270674923	9.329298655609935e-06
2.71453466851974	6.656630256485158e-06
2.889607113179692	4.6594300472375166e-06
3.075970760429413	3.1999835070608206e-06
3.274353830270465	2.156534463167931e-06
3.485531508859379	1.4264158600120469e-06
3.7103289775644153	9.26340012220789e-07
3.9496246373796864	5.909959342032844e-07
4.204353541296136	3.707495097336219e-07
4.475511048041417	2.289910256055034e-07
4.76415671146575	1.3949035094834138e-07
5.071418420771622	8.398177161244079e-08
5.398496807765353	5.0096363114384475e-08
5.746669938351971	2.968357690692806e-08
6.11729830660551	1.7511409871846925e-08
6.511830150929169	1.0302618621225596e-08
6.9318071130783485	6.048959034431756e-09
7.378870262159308	3.5421584558607976e-09
7.854766507142355	2.0650383056910303e-09
8.361355422946625	1.1952444081166004e-09
8.900616516769478	6.845272169961951e-10
9.474656963053889	3.865230516801817e-10
10.085719837318376	2.144338819959422e-10
10.736192881023348	1.1650355650775298e-10
11.428617831722724	6.180804925492221e-11
12.16570035495868	3.1933829331265285e-11
12.950320616708549	1.603660693367579e-11
13.785544537695968	7.763517936217172e-12
14.674635773542722	3.880638283825813e-12
