r	P
0.00045789097221835446	0.0029678917400544117
0.0004874224027149498	0.0031555562299664
0.0005188584468424935	0.003354828835859656
0.000552321941626561	0.003566393071150072
0.0005879436464002277	0.0037909680198404544
0.0006258627537490037	0.0040293095302978265
0.0006662274334088872	0.004282211346249178
0.0007091954112428275	0.0045505061536988255
0.0007549345855579625	0.004835066519076058
0.0008036236831719018	0.005136805690092776
0.0008554529577916509	0.005456678226482518
0.0009106249334341059	0.0057956804229555604
0.0009693551957930503	0.006154850481287477
0.0010318732346449389	0.006535268382405593
0.0010984233405851856	0.006938055402591572
0.0011692655595989744	0.007364373210419582
0.0012446767091965987	0.007815422472737754
0.001324951460083895	0.008292440888815344
0.0014104034875944338	0.008796700561661232
0.0015013666973826983	0.009329504604415331
0.0015981965301676891	0.009892182867575232
0.0017012713506252548	0.010486086659606077
0.0018109939258562865	0.011112582319166684
0.0019277929992079176	0.011773043481761829
0.0020521249655974694	0.01246884186711564
0.002184475654885509	0.013201336396004609
0.002325362230266587	0.01397186042677792
0.0024753352090956574	0.014781706882471103
0.002634980614046608	0.01563211101948962
0.0028049222630085933	0.01652423056858701
0.0029858242066679907	0.01745912295866842
0.00317839332330089	0.01843771931431288
0.0033833820809153177	0.019460794899464832
0.003601591477536332	0.020528935663305357
0.003833874171123212	0.021642500530879
0.0040811378113489605	0.02280157907186324
0.004344348586261129	0.024005944177429815
0.004624534997682607	0.02525499937928241
0.004922791880104851	0.026547720458836584
0.005240284678777444	0.0278825910207146
0.005578254003710746	0.02925753174628372
0.005938020477386454	0.030669823103393418
0.0063209898951186606	0.03211602137181768
0.006728658718229597	0.03359186795481264
0.007162619921504752	0.03509219209086755
0.007624569217776481	0.036610807261977935
0.008116311683958743	0.038140401821978656
0.008639768814424366	0.03967242464754683
0.009196986029286057	0.04119696695271639
0.009790140666919977	0.04270264181269171
0.01042155049196271	0.04417646342193696
0.011093682752026997	0.04560372867215783
0.011809163818525368	0.04696790428425396
0.012570789449273524	0.04825052346959662
0.013381535712974756	0.04943109693284856
0.014244570618273077	0.0504870439606506
0.015163266492815837	0.051393650363119686
0.0161412131606973	0.05212406113776411
0.017182231969774305	0.05264931689009762
0.018290390723666044	0.05293844424446873
0.01947001957678512	0.05295861167313151
0.02072572795451001	0.05267536330788208
0.022062422564614888	0.05205294430611626
0.023485326570336897	0.051054732131672165
0.025	0.04964378856747973
0.02661236147294648	0.047783547264263856
0.028328711326670655	0.045438650983183275
0.030155756235524515	0.04257595121941609
0.032100635417193525	0.039165680381958966
0.03417094852934491	0.03518280291503601
0.03637478536545504	0.03060854642828568
0.03872075746585333	0.02543210680655473
0.0412180317675032	0.019652512165558605
0.043876366424007454	0.013280619223470493
0.04670614893580556	0.006341202068555214
0.049718436739557295	-0.0011249225583765086
0.05292500041531687	-0.009058807284471802
0.056338369680330215	-0.017381416833906895
0.059971882349177455	-0.025991915406287303
0.06383973645157318	-0.03476633309870633
0.06795704571147612	-0.04355676475659053
0.07233989860429403	-0.0521912704316844
0.07700542122295077	-0.06047465716774332
0.08197184419846684	-0.06819032482966146
0.08725857393654604	-0.07510335171990086
0.09288626844852761	-0.08096497639670584
0.09887691807301444	-0.08551859823543893
0.105253931403599	-0.08850736905195491
0.1120422267584516	-0.0896833802729228
0.11926832954919	-0.08881836411698317
0.126960475929502	-0.08571572329884454
0.1351487231285291	-0.08022358316967367
0.1438650669001432	-0.07224842559666529
0.1531435665470496	-0.06176871978215915
0.1630204780082528	-0.048847818812849095
0.1735343955299258	-0.03364525282174435
0.1847264024732662	-0.016425435565120782
0.1966402318486222	0.0024372688306089764
0.2093224372031816	0.022458173929149252
0.2228225745299684	0.043047556517272975
0.2371933959089631	0.06352235360161398
0.2524910556370013	0.08312468774861406
0.2687753296519088	0.1010471778895487
0.286109849108278	0.1164644401449129
0.3045623490175868	0.1285695935849341
0.3242049329242283	0.1366140357241422
0.3451143546516773	0.1399483263516519
0.3673723182197235	0.1380617888736797
0.3910657971047042	0.1306184459978215
0.4162873740902536	0.1174871433946698
0.443135603036541	0.0987641212917048
0.4717153939816221	0.07478677124443661
0.5021384230796917	0.04613775419391368
0.5345235689780836	0.013638972502647692
0.5689973773381682	-0.021664941892936995
0.6056945553152745	-0.05853388654214244
0.6447584979298265	-0.0955704560280994
0.6863418483865024	-0.1312688919114944
0.7306070945308735	-0.1640740800124426
0.7777272037741915	-0.1924488784101764
0.8278862989673078	-0.2149467884366438
0.8812803778647134	-0.2302856487301054
0.938118078990025	-0.2374169724582861
0.9986214968955484	-0.2355851089775851
1.0630270500015695	-0.224370843434744
1.1315864044064692	-0.2037154029507151
1.2045674572774705	-0.1739229267428399
1.2822553836646426	-0.1356418859665141
1.3649537508286058	-0.08982821686684232
1.4529857044361996	-0.03769461298763847
1.5466952312591973	0.01934876741839951
1.6464485033100924	0.07975702813367827
1.7526353086671964	0.1419123922617083
1.8656705745800228	0.2041821580043658
1.9859959888065333	0.2649710617587982
2.11408172551765	0.3227674703066565
2.2504282825130453	0.3761835315026529
2.395568436927172	0.4239896760632779
2.5500693270674923	0.4651437610355206
2.71453466851974	0.4988148314698956
2.889607113179692	0.5244011248137365
3.075970760429413	0.541541699807429
3.274353830270465	0.5501210259722447
3.485531508859379	0.5502660371720987
3.7103289775644153	0.5423354856413032
3.9496246373796864	0.5269018440628664
4.204353541296136	0.5047263974201358
4.475511048041417	0.4767284699241611
4.76415671146575	0.4439499135868949
5.071418420771622	0.4075160592757504
5.398496807765353	0.3685943505804381
5.746669938351971	0.3283519129518092
6.11729830660551	0.2879134106611862
6.511830150929169	0.2483207309563697
6.9318071130783485	0.2104962760550298
7.378870262159308	0.1752118572249887
7.854766507142355	0.1430652575634743
8.361355422946625	0.1144663485166003
8.900616516769478	0.0896341356877396
9.474656963053889	0.06860526909932271
10.085719837318376	0.05125346520986272
10.736192881023348	0.03731811441020302
11.428617831722724	0.026439296761437133
12.16570035495868	0.01819570752848459
12.950320616708549	0.012141757075834694
13.785544537695968	0.007840417904294848
14.674635773542722	0.004889193602977353
15.621068467574023	0.002937725562428112
16.628540826109045	0.001696810949215268
17.700989569282484	0.0009397426759636403
18.842605313864038	0.0004977040866651125
20.057848948184475	0.00025134933449531214
21.351469063153793	0.00012067165783519716
22.728520507483307	5.489650830656474e-05
24.194384139616915	2.3582824576509306e-05
25.754787853552347	9.53150909841269e-06
27.415828960711465	3.6102980994755874e-06
29.183998015317133	1.2762417554542654e-06
31.066204176374896	4.1919027592681533e-07
33.06980220536194	1.273327943742729e-07
35.20262120511739	3.559285017399251e-08
37.4729952122318	9.107561771506312e-09
39.88979576247623	2.121624011263916e-09
42.46246655652105	4.4736205815287087e-10
45.20106036140158	8.506484489476745e-11
