r	P
0.00032132699804796803	3.58774477084554e-05
0.00034205080892277186	4.063045790500414e-05
0.00036411119076666215	4.601138786447406e-05
0.0003875943450010955	5.210283088234706e-05
0.0004125920325615633	5.899816980355215e-05
0.0004392019324554412	6.680297119613187e-05
0.00046752802344483303	7.563655651242382e-05
0.0004976809903458439	8.563377205058388e-05
0.0005297786565319036	9.694698208090525e-05
0.0005639464443311592	0.00010974831232214928
0.000600317865116948	0.00012423217406520151
0.00063903504100639	0.00014061810266705838
0.0006802492602056493	0.00015915394789950903
0.0007241215681718867	0.00018011945775513603
0.0007708233969018845	0.00020383030180803929
0.0008205372348062978	0.00023064258511495725
0.0008734573397870867	0.00026095790893722527
0.0009297904983044877	0.0002952290402726935
0.0009897568333996026	0.00033396625830911443
0.001053590664829964	0.00037774445243622873
0.00112154142467908	0.00042721105335923954
0.0011938746320177228	0.00048309488610094576
0.0012708729304254645	0.0005462160412013211
0.0013528371924266091	0.0006174968681325369
0.0014400876951561194	0.0006979742027213942
0.0015329653718494803	0.0007888129480454477
0.001631833144046728	0.000891321135628528
0.0017370773397162509	0.0010069666005288957
0.0018491092028397249	0.00113739540973735
0.0019683665003569074	0.0012844521877421594
0.002095315232749467	0.001450202485624964
0.002230451454947993	0.00163695733995257
0.002374303214677416	0.0018473001642006876
0.00252743261581497	0.002084116107489904
0.0026904380148233065	0.0023506240018318094
0.0028639563588413754	0.002650410998441344
0.003048665674569213	0.0029874699642702114
0.0032452877176720046	0.0033662396697532585
0.003454590793056036	0.00379164774549328
0.003677392757036804	0.004269156316521161
0.003914564213130347	0.00480481013472736
0.004167031913955406	0.005405286919493131
0.004435782382539412	0.006077949479414236
0.004721865767178664	0.006830899019784268
0.005026399944915615	0.007673028836192328
0.005350574889667707	0.008614077348747846
0.005695657322076312	0.009664679138248592
0.006062995659245167	0.010836412298956398
0.006454025283709515	0.012141840016331123
0.006870274152224544	0.013594543806024094
0.007313368766289621	0.015209145307046472
0.007785040527738243	0.017001312902633296
0.008287132504228328	0.01898774874377535
0.008821606631069139	0.02118615097184796
0.009390551377526144	0.023615145080670887
0.00999618990756005	0.026294177431634983
0.010640888766888306	0.029243362951178048
0.011327167130313896	0.03248327801862934
0.012057706645455654	0.03603468852493868
0.012835361911344594	0.03991820209211647
0.013663171632831664	0.044153832547557205
0.014544370494392988	0.04876046402326687
0.015482401799729744	0.05375520159531511
0.016480930926552208	0.059152595316318016
0.017543859649122806	0.06496372497398613
0.01867534138452385	0.07119513411260323
0.019879797422225023	0.07784760399424678
0.021161934200368084	0.08491476149631488
0.022526761696276165	0.09238151971320281
0.023979613003049054	0.100222356545481
0.02552616516874037	0.1083994451212057
0.027172461379546195	0.1168606607926301
0.028924934573686455	0.1255375029423435
0.03079043257825085	0.1343429860974724
0.03277624486723197	0.1431695739512636
0.03489013104530337	0.1518872517143566
0.03714035116864342	0.1603418564081741
0.03953569802128436	0.1683538106024758
0.04208553147310699	0.1757174316364294
0.04479981505373556	0.1822010140463865
0.04768915488524641	0.1875479057537495
0.050764841125820366	0.1914788160193868
0.05403889208628125	0.1936956022105219
0.05752410119190656	0.1938867795550945
0.06123408697301476	0.1917349794192432
0.06518334627966849	0.1869265431639083
0.06938731092843117	0.1791633762272329
0.07386240800252561	0.1681770968849966
0.0786261240410187	0.1537453928652079
0.08369707336785268	0.1357103443349917
0.08909507082772072	0.1139982830470973
0.09484120921300292	0.08864053641274601
0.100957941684311	0.05979415739144758
0.1074691695067015	0.027761476919535587
0.1144003354443879	-0.006992947558530128
0.1217785231788953	-0.043829650639911295
0.1296325631391342	-0.08192768419357571
0.1379931451569279	-0.1202860638732457
0.1468929383881976	-0.1577350808822209
0.1563667189683989	-0.1929590664200133
0.1664515059010267	-0.22453172715893
0.1771867057101763	-0.2509644858703258
0.1886142664223921	-0.2707673912314047
0.2007788414794933	-0.2825211673944717
0.2137279642228679	-0.284957944382808
0.2275122336310374	-0.2770472383263893
0.2421855120362648	-0.2580829113241913
0.2578051355927884	-0.227766170413841
0.2744321383190907	-0.1862791548339742
0.2921314905896516	-0.1343432760460436
0.310972353008099	-0.07325620190151813
0.3310283466537699	-0.004901281383387948
0.3523778407576783	0.06827651710388045
0.3751042589319884	0.1433331149993249
0.3992964051495917	0.2169292235674283
0.425048810747561	0.2854752591835276
0.4524621038104045	0.3453123415163204
0.4816434023764929	0.3929191709176916
0.5127067330041217	0.4251295871252769
0.5457734763327659	0.4393421470689033
0.5809728413805668	0.4337022457568267
0.6184423704313778	0.4072396807930587
0.6583284764842281	0.359949785407608
0.700787015365297	0.2928131195459183
0.7459838947379435	0.207755519189142
0.7940957223905046	0.107555483060142
0.8453104963350669	-0.004291462657603456
0.8998283394137842	-0.1237415358026968
0.9578622812832323	-0.2463959129721976
1.0196390908324209	-0.3677109327315263
1.085400162287156	-0.4832179273969348
1.1554024584632228	-0.5887438115469082
1.2299195148541728	-0.6806209122715385
1.309242508477209	-0.7558719839451413
1.3936813956537075	-0.8123553850341944
1.4835661231702808	-0.8488570903695478
1.5792479175530143	-0.8651207739700509
1.6811006574927525	-0.8618138262754674
1.7895223347842053	-0.8404343591113805
1.9049366094875368	-0.8031703615225944
2.027794465389257	-0.7527260127548051
2.1585759722311675	-0.6921313495467729
2.297792161593309	-0.6245504303291634
2.445987023760968	-0.5531007288093914
2.6037396333785368	-0.4806936653101105
2.771666412196271	-0.4099035844985674
2.9504235377516745	-0.3428702989684714
3.1407095073974856	-0.2812383507953037
3.343267867695263	-0.226134062156669
3.558890119839735	-0.1781790244358247
3.788418812466914	-0.1375359617852284
4.032750833931208	-0.1039802417621283
4.292840916916147	-0.07698820295679835
4.569705369073102	-0.05583240866506705
4.8644260442655085	-0.03967418570123073
5.178154569936356	-0.0276453298792061
5.512116847117443	-0.01891332589061314
5.867617840664299	-0.01272732950864509
6.246046678434721	-0.008444952132647154
6.6488820793360635	-0.005542131107945465
7.077698131451493	-0.0036098068518916186
7.5341704428234015	-0.0023417045317580053
8.020082688928227	-0.0015173474920780888
8.537333582427145	-0.000983731130046533
9.087944292427053	-0.0006381152305999708
9.674066342242783	-0.00041338381245814907
10.297990016521208	-0.0002665480970478398
10.96215331057826	-0.0001703277971264441
11.669151456918629	-0.0001073630464495232
12.421747066163146	-6.645270510656815e-05
13.222880922009848	-4.022161587103396e-05
14.075683472410155	-2.371911295932961e-05
14.983487061862307	-1.3583530483220428e-05
15.949838952619864	-7.5321262937021774e-06
16.978515185696082	-4.0328077733963385e-06
18.073535335826207	-2.079255236460082e-06
19.239178218043133	-1.0295250295186964e-06
20.479998607240088	-4.881782811739385e-07
21.80084503605256	-2.210352193965424e-07
23.206878740604868	-9.52679117832278e-08
24.70359382815256	-3.8959753950493056e-08
26.296838745425827	-1.5064886098993164e-08
27.992839131562267	-5.487817256696756e-09
29.798222144927056	-1.8759510808503303e-09
31.720042358878302	-5.992822440661166e-10
33.76580932766574	-1.7806054082852766e-10
35.943516930177154	-4.9217837844778807e-11
