r	P	Q	rho
9.908745586890391e-05	5.241616770570162e-13	-3.262793999139848e-14	2.7581004616330608e-25
0.0001022328293585999	5.933484408972991e-13	-3.693428804889074e-14	3.534265139489341e-25
0.00010547804772071615	6.716663923618824e-13	-4.1808919096439204e-14	4.528837283444388e-25
0.00010882628037172466	7.603204659416087e-13	-4.732681198892601e-14	5.803270380627002e-25
0.0001122807973361759	8.606745653192921e-13	-5.35728358788133e-14	7.436307561316505e-25
0.00011584497244034232	9.742725010581602e-13	-6.064305255898448e-14	9.528844861417944e-25
0.0001195222866072384	1.1028618040375282e-12	-6.864619763646343e-14	1.2210164592548556e-24
0.00012331633125623652	1.2484205158896013e-12	-7.770534675623943e-14	1.5645919054085656e-24
0.00012723081181059757	1.413187608788168e-12	-8.795980759623051e-14	2.004836145384786e-24
0.000131269551316343	1.5996974017003193e-12	-9.95672602340728e-14	2.568945416317272e-24
0.00013543649417600205	1.8108185061263962e-12	-1.1270617917752457e-13	3.2917663449546292e-24
0.00013973571000088072	2.04979790825248e-12	-1.2757857468944276e-13	4.2179477573960325e-24
0.00014417139758561513	2.3203108615651643e-12	-1.4441309532697781e-13	5.4046976363991936e-24
0.00014874788900889045	2.6265173554724384e-12	-1.634685392526034e-13	6.925315381923312e-24
0.00015346965386433094	2.9731260265087278e-12	-1.8503782816208933e-13	8.87371736735452e-24
0.00015834130362569267	3.365466492456812e-12	-2.0945250473486234e-13	1.1370235063589267e-23
0.00016336759615062215	3.809571218842441e-12	-2.3708782253017426e-13	1.456904350702478e-23
0.0001685534403273802	4.3122681733021325e-12	-2.683685063193221e-13	1.8667678453658574e-23
0.00017390390086906792	4.881285688556908e-12	-3.03775271101497e-13	2.3919229388643274e-23
0.0001794242032600383	5.525371141694586e-12	-3.438521996564048e-13	3.064796058867988e-23
0.00018511973885932352	6.254425269013733e-12	-3.8921509161682305e-13	3.92693238332198e-23
0.00019099607016606247	7.079654175042075e-12	-4.4056091189872387e-13	5.031559715528372e-23
0.000197058936252071	8.013741365163136e-12	-4.986784831317113e-13	6.446873089726527e-23
0.0002033142583668602	9.071042437696627e-12	-5.644605857440327e-13	8.260242665935165e-23
0.00020976814572057728	1.0267805417951955e-11	-6.389176508635392e-13	1.0583604386550852e-22
0.00021642690145051672	1.1622420108992796e-11	-7.231932555257632e-13	1.3560365767475807e-22
0.00022329702877702865	1.3155700277589956e-11	-8.185816572025602e-13	1.7374252572328893e-22
0.00023038523735483668	1.489120299585623e-11	-9.265476357977182e-13	2.2260641718519986e-22
0.00023769844982596876	1.6855590026994006e-11	-1.048748946472388e-12	2.852107895108267e-22
0.0002452438085806995	1.907903678608579e-11	-1.1870617264977504e-12	3.654187602273307e-22
0.0002530286827331086	2.159569513369328e-11	-1.343609244389404e-12	4.681793341090323e-22
0.0002610606753180668	2.444421708225408e-11	-1.520794430540917e-12	5.9983256446432645e-22
0.0002693476307166791	2.7668347425373283e-11	-1.7213366862152945e-12	7.68500449238471e-22
0.00027789764231743653	3.1317594352230806e-11	-1.9483135329461226e-12	9.8458764163354e-22
0.00028671906042055875	3.544798829944228e-11	-2.2052077381320015e-12	1.2614228156457141e-21
0.0002958205003932484	4.0122940638885325e-11	-2.4959606359944866e-12	1.6160801850079495e-21
0.0003052108510838197	4.5414215322658715e-11	-2.8250324573723287e-12	2.0704317617580167e-21
0.0003148992835029214	5.140302832856881e-11	-3.197470588468944e-12	2.6524951395117712e-21
0.00032489525978033	5.8181291697439255e-11	-3.6189867992668137e-12	3.398159769035782e-21
0.0003352085424060639	6.585302115662435e-11	-4.096044618692739e-12	4.353397976973136e-21
0.0003458492037648398	7.453592881573047e-11	-4.635958187819097e-12	5.577096792742846e-21
0.0003568276359731873	8.436322523841731e-11	-5.247004096743541e-12	7.144684824619174e-21
0.0003681545610288257	9.548565838087766e-11	-5.938547907930221e-12	9.152777307684456e-21
0.00037984104128221697	1.0807382049134808e-10	-6.721187291687699e-12	1.1725125034206073e-20
0.00039189849024052185	1.2232075814022002e-10	-7.606913951456205e-12	1.5020233011863062e-20
0.0004043386837145098	1.3844492515852095e-10	-8.609296801468176e-12	1.9241117293564237e-20
0.0004171737713193103	1.5669352347323786e-10	-9.74368918141097e-12	2.4647799777322092e-20
0.0004304162883402367	1.773462827197209e-10	-1.1027463256793851e-11	3.1573308940383117e-20
0.0004440791679752721	2.007197361729939e-10	-1.248027516526276e-11	4.0444169757556953e-20
0.0004581757539661736	2.2717205807150047e-10	-1.4124364934283302e-11	5.1806641653237994e-20
0.0004727198136305304	2.5710853592194133e-10	-1.598489572138912e-11	6.636031613514788e-20
0.00048772555130750426	2.9098776100040246e-10	-1.8090337522433636e-11	8.500113736370291e-20
0.0005032076222303829	3.2932863114754274e-10	-2.0472901164868317e-11	1.0887648697562074e-19
0.0005191811468394965	3.7271827225752197e-10	-2.316902916202608e-11	1.3945571438694309e-19
0.000535661725549474	4.2182099876609277e-10	-2.6219950862032518e-11	1.7862044082323143e-19
0.0005526654539852635	4.773884491611897e-10	-2.967231029407809e-11	2.2878017739071387e-19
0.0005702089387017944	5.402710503047211e-10	-3.357887620978254e-11	2.930203487248784e-19
0.0005883093134026362	6.114309844327873e-10	-3.799934505454625e-11	3.752917989490219e-19
0.0006069842556734933	6.919568553932215e-10	-4.300124900148067e-11	4.80653397141363e-19
0.0006262520042468766	7.830802763228605e-10	-4.866098275946966e-11	6.155826104090048e-19
0.000646131376814815	8.861946299447244e-10	-5.506496465052149e-11	7.883730724748303e-19
0.0006666417884070039	1.0028762854088994e-09	-6.231094946621281e-11	1.009643498258933e-18
0.0006878032703523379	1.1349085925976415e-09	-7.050951288846216e-11	1.2929891049597276e-18
0.0007096364898423477	1.2843090166148771e-09	-7.978572982967114e-11	1.655815412842726e-18
0.0007321627701156462	1.453359822403443e-09	-9.028107194929536e-11	2.1204054453288816e-18
0.000755404111283099	1.6446427727802543e-09	-1.0215555288084215e-10	2.7152856070427136e-18
0.0007793832118140558	1.8610783634401851e-09	-1.1559015340327286e-10	3.47697375842899e-18
0.000804123490704629	2.1059701865450524e-09	-1.3078956296807414e-10	4.452216336397983e-18
0.0008296491103496669	2.383055091390082e-09	-1.4798527870901623e-10	5.700851211314778e-18
0.0008559850001407643	2.6965598974606114e-09	-1.6743910838476962e-10	7.299471135609469e-18
0.0008831568808133521	3.0512655132353677e-09	-1.8944712971277814e-10	9.346111447215902e-18
0.0009111912895666467	3.4525794248015407e-09	-2.1434416533360127e-10	1.1966248105775496e-17
0.0009401156059809936	3.906617643346905e-09	-2.425088402969288e-10	1.5320471948931486e-17
0.0009699580787579144	4.420297341718388e-09	-2.7436929759467597e-10	1.9614307100665246e-17
0.0010007478533089736	5.001441569550719e-09	-3.104096570080304e-10	2.51107719287938e-17
0.0010325150002204124	5.658897616301552e-09	-3.5117731352484125e-10	3.214644773731791e-17
0.001065290544621345	6.4026707945045905e-09	-3.972911839798096e-10	4.1152033587670124e-17
0.0010991064964842015	7.244075644625779e-09	-4.494510245509434e-10	5.2678638168530286e-17
0.0011339958818870103	8.195906821409932e-09	-5.084479575124431e-10	6.743140795073243e-17
0.0011699927752680543	9.272632213286795e-09	-5.751763634224124e-10	8.63125360119238e-17
0.001207132332704394	1.049061117549062e-08	-6.506473149676313e-10	1.1047626476380328e-16
0.001245450826246772	1.1868341128791666e-08	-7.360037512827652e-10	1.4139922267127014e-16
0.0012849856793444175	1.3426736194495323e-08	-8.325376170290873e-10	1.8097036372033924e-16
0.0013257755033943585	1.5189442008661133e-08	-9.417092192191612e-10	2.3160596478804197e-16
0.0013678601354509335	1.7183191391110373e-08	-1.065169087114802e-09	2.9639665156767464e-16
0.0014112806771323305	1.9438206145356903e-08	-1.2047826569620095e-09	3.792953593999073e-16
0.0014560795347621515	2.1988650942693288e-08	-1.3626581443706146e-09	4.85357607498026e-16
0.0015023004607852104	2.4873146006944278e-08	-1.5411780133733324e-09	6.210486219516734e-16
0.0015499885964980048	2.8135346176714364e-08	-1.743034503254493e-09	7.946358737630912e-16
0.0015991905161356031	3.182459489150456e-08	-1.971269732847737e-09	1.0166907443680197e-15
0.001649954272357996	3.5996662740564386e-08	-2.229320967977616e-09	1.300729600436201e-15
0.0017023294431803414	4.0714581444183766e-08	-2.521071711974567e-09	1.6640329447519914e-15
0.0017563671803929356	4.604958552361788e-08	-2.850909362748997e-09	2.1286920110916075e-15
0.0018121202595181983	5.2082175477409046e-08	-3.2237902739148856e-09	2.7229458261898166e-15
0.0018696431313534648	5.8903318040338644e-08	-3.6453131631913374e-09	3.4828891842190196e-15
0.001928991975149916	6.661580108109493e-08	-4.121801930221327e-09	4.454654204827985e-15
0.0019902247534795987	7.533576292345582e-08	-4.6603990796423265e-09	5.697196494840672e-15
0.002053401268844102	8.51944183841761e-08	-5.2691710955279645e-09	7.28585308785199e-15
0.0021185832220801952	9.634000664339937e-08	-5.957227282212283e-09	9.316885436942169e-15
0.002185834272619449	1.0893998923902611e-07	-6.734853776266761e-09	1.191327951078682e-14
0.002255220100660713	1.2318353004847928e-07	-7.613664647549942e-09	1.523214996456995e-14
0.0023268084713161533	1.3928429313835285e-07	-8.606772246611703e-09	1.9474190843555653e-14
0.002400669300793506	1.5748359887897488e-07	-9.728979224460883e-09	2.489573695262385e-14
0.00247687472467918	1.780539837979357e-07	-1.0996994952315427e-08	3.18241550442968e-14
0.0025554991683888998	2.013032153523477e-07	-1.2429679407375321e-08	4.0677481441363804e-14
0.0026366194198546855	2.2757881921033563e-07	-1.4048317970271592e-08	5.198947419096448e-14
0.002720314704519181	2.572731838333208e-07	-1.587693100553257e-08	6.644156805788812e-14
0.0028066667627105342	2.90829315237431e-07	-1.7942622573613477e-08	8.490362830629215e-14
0.002895759929473442	3.287473238913483e-07	-2.027597315781649e-08	1.0848591805321955e-13
0.0029876812169342903	3.7159173589805133e-07	-2.2911481888529915e-08	1.3860535419005557e-13
0.00308252039928085	4.199997320419536e-07	-2.588806441813811e-08	1.7706996679463046e-13
0.003180370100439519	4.746904311089418e-07	-2.9249613351035378e-08	2.2618654526757806e-13
0.0032813258845357327	5.364753482698645e-07	-3.3045628973679875e-08	2.888978128955385e-13
0.003385486349225904	6.062701754420238e-07	-3.7331928969826695e-08	3.689571985511105e-13
0.003492953221992032	6.851080486130314e-07	-4.217144685738733e-08	4.711514692044012e-13
0.003603831459493028	7.74154487354954e-07	-4.763513005841416e-08	6.015842759074938e-13
0.003718229350069801	8.747242144275476e-07	-5.380294982650167e-08	7.680372087159234e-13
0.0038362586195041914	9.88300088749425e-07	-6.076503672192109e-08	9.804294551099377e-13
0.0039580345401350565	1.1165544134182447e-06	-6.862295696118843e-08	1.2514028683458576e-12
0.004083676043438088	1.261372912232999e-06	-7.749114679342581e-08	1.5970665015465171e-12
0.004213305836179265	1.4248817036986073e-06	-8.749852409169048e-08	2.03794386125327e-12
0.004347050520255452	1.6094776412025708e-06	-9.879029861643418e-08	2.6001778006317154e-12
0.004485040716339107	1.8178624324184352e-06	-1.1153000493576653e-07	3.317062765199242e-12
0.0046274111914479275	2.053081000534824e-06	-1.259017848011214e-07	4.230992854173181e-12
0.004774300990563966	2.318564605210552e-06	-1.4211294890790962e-07	5.395937918782465e-12
0.0049258535724308085	2.618179302855052e-06	-1.603968514524214e-07	6.880590011854417e-12
0.00508221694966139	2.9562803946344694e-06	-1.8101611476548893e-07	8.772360605504926e-12
0.005243543833293338	3.3377735872847344e-06	-2.0426624560058638e-07	1.1182457219067363e-11
0.005409991781932975	3.768183677230037e-06	-2.304796894232549e-07	1.4252329112579523e-11
0.00558172335563367	4.253731663600052e-06	-2.6003037433813345e-07	1.8161848861492096e-11
0.005758906274658809	4.801421301546498e-06	-2.933388021519212e-07	2.3139694167792387e-11
0.005941713583284443	5.419136224914536e-06	-3.308777505623643e-07	2.947651750999818e-11
0.006130323818801593	6.115748898070678e-06	-3.731786576468088e-07	3.7541646894775784e-11
0.006324921185883269	6.901242801887699e-06	-4.2083876776614747e-07	4.7804257479061704e-11
0.006525695736486469	7.786849420025355e-06	-4.7452912677371654e-07	6.086020178230583e-11
0.006732843555464916	8.785201770346031e-06	-5.350035241022158e-07	7.746599891649284e-11
0.006946566952073746	9.910506424333416e-06	-6.031084899793453e-07	9.858187743743906e-11
0.0071670746575532235	1.1178736176660746e-05	-6.797944677850782e-07	1.2542626302581493e-10
0.007394582028984425	1.2607845769667045e-05	-7.661282945072053e-07	1.595447275153557e-10
0.007629311259616019	1.421801334570182e-05	-8.633071364803095e-07	2.028972027104529e-10
0.007871491595867504	1.6031910596529325e-05	-9.726740432165905e-07	2.5796825216945657e-10
0.008121359561220886	1.8075004905870603e-05	-1.0957352992712938e-06	3.2790643819331555e-10
0.008379159187219456	2.0375897141531454e-05	-1.2341797728536655e-06	4.1670038403399085e-10
0.008645142251799213	2.296669915044661e-05	-1.3899004804251617e-06	5.294010932126111e-10
0.008919568525185786	2.588345544660381e-05	-1.5650186089545428e-06	6.724025491026985e-10
0.009202706023596928	2.9166614061647303e-05	-1.7619102619639905e-06	8.537957035922963e-10
0.009494831270998413	3.286155205466145e-05	-1.983236222145145e-06	1.0838148293540526e-09
0.009796229569168936	3.701916175507624e-05	-2.231975052295803e-06	1.3754000496825701e-09
0.010107195276337829	4.169650444489532e-05	-2.5114598877752887e-06	1.7449059136910796e-09
0.010428032094667625	4.695753887779473e-05	-2.825419307747668e-06	2.212993451724197e-09
0.010759053366862378	5.287393278752792e-05	-3.178022709322987e-06	2.8057525967609925e-09
0.011100582382191283	5.9525966361103026e-05	-3.5739306484588403e-06	3.5561136515031625e-09
0.011452952692226542	6.700353754810425e-05	-4.0183506542807815e-06	4.505621185940975e-09
0.011816508436603836	7.540728005112845e-05	-4.517099069441584e-06	5.706662068712465e-09
0.012191604679123535	8.484980589845894e-05	-5.076669518370965e-06	7.225262134404914e-09
0.01257860775452092	9.545708564363753e-05	-5.704308657852259e-06	9.144594336840798e-09
0.012977895626244053	0.00010736998047226532	-6.408099920356233e-06	1.1569376451203904e-08
0.013389858255588735	0.000120745941828725	-7.197056019985667e-06	1.4631380083460655e-08
0.013814897982551116	0.00013576089560883768	-8.081221053715706e-06	1.849632691023274e-08
0.014253429918769768	0.00015261132950261105	-9.071783096780674e-06	2.3372515141109556e-08
0.014705882352941176	0.00017151660371749	-1.0181198260422553e-05	2.9521602148800538e-08
0.015172697169104452	0.00019272150706945907	-1.1423327252570568e-05	3.727207169264288e-08
0.015654330278203815	0.00021649908229859623	-1.2813585557069649e-05	4.703604061096269e-08
0.01615125206335038	0.00024315374644772345	-1.4369108424422692e-05	5.93302156884766e-08
0.016663947839218034	0.0002730247342366991	-1.6108931946145325e-05	7.480200319346571e-08
0.017192918326022124	0.00030648989456800784	-1.8054191565108808e-05	9.426200930537821e-08
0.017738680138543832	0.00034396987260693323	-2.0228339454871855e-05	1.1872445897833141e-07
0.01830176629067787	0.00038593271228464513	-2.26573822810117e-05	1.4945741538321058e-07
0.018882726715996195	0.00043289891656507273	-2.5370140935704892e-05	1.8804511601431132e-07
0.019482128804836255	0.00048544700538324215	-2.839853391191497e-05	2.3646527176390373e-07
0.02010055795843818	0.0005442196137868369	-3.177788605392107e-05	2.971848220723499e-07
0.020738618160672212	0.0006099301754727281	-3.554726448472019e-05	3.732784269645395e-07
0.021396932567914723	0.0006833702395798363	-3.9749843565930855e-05	4.685749344069189e-07
0.022076144117648865	0.0007654174712470131	-4.443330078980067e-05	5.87838223509249e-07
0.02277691615638431	0.0008570443890315124	-4.965024553303853e-05	7.369902316518894e-07
0.023499933087509316	0.0009593278947648224	-5.545868261539249e-05	9.23385675151341e-07
0.02424590103970777	0.001073459653745115	-6.192251259876188e-05	1.156150025785126e-06
0.025015548556594127	0.0012007573852677183	-6.91120707313991e-05	1.4465947765957498e-06
0.025809627308239685	0.0013426771253056348	-7.710470638228554e-05	1.8087269985653018e-06
0.026628912825285105	0.0015008265245898113	-8.598540471855055e-05	2.2598737467369445e-06
0.02747420525635621	0.0016769792463108956	-9.584745224896425e-05	2.8214461266600767e-06
0.02834633014952272	0.0018730905280658905	-0.00010679314768383613	3.519872902722378e-06
0.02924613925856312	0.0020913139723867965	-0.00011893455934049792	4.3877395605057615e-06
0.030174511374823187	0.002334019629082828	-0.00013239433004800998	5.465175887572804e-06
0.03113235318548051	0.0026038134305573658	-0.00014730653016856442	6.80154359498122e-06
0.03212060015905321	0.002903558038065113	-0.00016381755894973008	8.457485473032775e-06
0.033140217459017775	0.0032363951523780056	-0.00018208709394440368	1.0507409292116973e-05
0.03419220088642825	0.0036057693363390144	-0.00020228908767708096	1.304249338187592e-05
0.035277577852457324	0.004015453389094319	-0.00022461281008864296	1.617431683444497e-05
0.0363974083818092	0.004469575302184553	-0.000249263934549917	2.0039235890965445e-05
0.03755278614798423	0.004972646815909139	-0.0002764656643893834	2.480364961935756e-05
0.03874483954140633	0.005529593580204976	-0.0003064598959250725	3.0670322830054494e-05
0.03997473277145654	0.006145786907442839	-0.00033950841291749374	3.788596267413757e-05
0.04124366700348863	0.0068270770847732015	-0.0003758941061620125	4.6750277900482694e-05
0.04255288153193766	0.007579828190676196	-0.0004159222106083768	5.762678668544693e-05
0.043903654990667	0.008410954333915133	-0.0004599215509253801	7.095568064021138e-05
0.04529730660173576	0.009327957202893322	-0.0005082457848138952	8.72690993567905e-05
0.04673519746380645	0.010338964779215969	-0.0005612746316066014	0.00010720922191795344
0.04821873188145108	0.011452771030831055	-0.00061941507177391	0.0001315496393157837
0.049749358736653954	0.01267887635726444	-0.0006831025008810592	0.00016122053470950918
0.05132857290385061	0.014027528512019	-0.0007528018193119626	0.00019733826673466536
0.052957916709884936	0.01550976367507528	-0.0008290084366956437	0.00024124002424479718
0.054638981440310354	0.017137447291585825	-0.0009122491674502733	0.000294524298215396
0.05637340889350603	0.018923314231359224	-0.0010030829912134652	0.0003590979969860243
0.058162892984126136	0.020881007757754318	-0.0011021016491790665	0.0004372311130245192
0.06000918139744794	0.023025116724447056	-0.001209930044543447	0.0005316199308871005
0.061914077296234715	0.025371210344636703	-0.0013272264124235317	0.000645459844301635
0.06387944108178004	0.027935869800233284	-0.0014546822218037855	0.000782528921862018
0.0659071922108539	0.03073671587920616	-0.00159302176937564	0.0009472834213967489
0.06799931107032471	0.03379243174856214	-0.0017430014226439835	0.0011449664974405693
0.07015784091128828	0.037122779889554175	-0.0019054084675043288	0.001381731368156325
0.07238488984459251	0.04074861214210218	-0.0020810595137739528	0.0016647802002073464
0.07468263289970707	0.044691871728643376	-0.0022707984110427	0.002002519924033107
0.07705331414894835	0.04897558605552176	-0.0024754936268631595	0.0024047360981784578
0.0794992488991348	0.05362384902453946	-0.0026960350399070757	0.002882785789143009
0.08202282595281264	0.05866179153052562	-0.002933330102462541	0.0034498102110608604
0.08462650994126075	0.06411553877491151	-0.0031882993297191195	0.004120967565013069
0.08731284373155304	0.07001215299254004	-0.003461871077854292	0.004913686118010518
0.0900844509100292	0.07637956017145164	-0.0037549755791341823	0.005847937053584296
0.09294403834459916	0.0832464593452342	-0.004068538210166801	0.006946525996685318
0.095894398828384	0.09064221305658704	-0.004403471979125662	0.008235401353266664
0.09893841380727487	0.09859671763067852	-0.004760669229140726	0.00974397669905304
0.102079056194074	0.1071402519590554	-0.005140992567977826	0.011505463394433877
0.1053193932719663	0.1163033035803974	-0.005545265048329424	0.013557208388170301
0.1086625896901566	0.126116370954161	-0.005974259638130018	0.015941030800871333
0.112111910554599	0.1366097409578273	-0.006428688035780122	0.018703549354426058
0.1156707246168366	0.1478132407987386	-0.006909188900395992	0.021896491046687235
0.1193425075640653	0.1597559637182416	-0.007416315581496842	0.02557696968034848
0.1231308454136362	0.1724659680803571	-0.007950523445150785	0.029807720968946648
0.1270394380153103	0.1859699496815304	-0.008512156903787885	0.03465727899970566
0.1310721026646873	0.2002928873952993	-0.009101436263993696	0.04020007688321359
0.1352327778313366	0.2154576625805226	-0.009718444510115616	0.04651645252835852
0.1395255270052724	0.2314846530403307	-0.010363114141185703	0.053692538727905526
0.1439545426655278	0.2483913027292909	-0.011035214174552742	0.061820015223432494
0.1485241503747066	0.2661916688783142	-0.0117343374221912	0.07099569925495991
0.1532388130035089	0.2848959487520744	-0.012459888135843146	0.08132095042770233
0.1581031350893581	0.304509988884708	-0.013211070106362813	0.0929008657039202
0.1631218673333853	0.3250347803689531	-0.013986875292753366	0.10584324112994863
0.1682999112401635	0.3464659446130974	-0.014786073049693036	0.12025727873287671
0.1736423239047229	0.368793214937598	-0.01560720002140094	0.13625202007651735
0.1791543229515216	0.3919999204623454	-0.01644855077713809	0.1539344924651532
0.1848412916301976	0.4160624799320641	-0.017308169281967677	0.17340755993111248
0.1907087840730754	0.4409499144269066	-0.018183841327654507	0.1947674791185256
0.1967625307195655	0.4666233892807532	-0.01907308809403648	0.2181011701133002
0.2030084439127513	0.4930357969389372	-0.019973161071018333	0.24348322422638172
0.2094526236736326	0.5201313938711238	-0.020881038644270683	0.27097268466518165
0.2161013636586608	0.5478455059374858	-0.021793424730858078	0.30060965173739934
0.2229611573063895	0.5761043176937075	-0.022706749939643785	0.3324117813581538
0.2300387041792378	0.6048247619044435	-0.023617175818877924	0.3663707636064265
0.2373409165065648	0.6339145258964594	-0.024520602831646584	0.4024488861057602
0.2448749259354433	0.6632721911976068	-0.02541268275929672	0.44057580406109936
0.2526480904957246	0.6927875220547791	-0.02628883626323771	0.48064565362687633
0.2606680017862006	0.7223419167941652	-0.027144276326297248	0.522514656495147
0.2689424923888768	0.7518090334951893	-0.02797403823656939	0.5659993696602318
0.2774796435186012	0.7810555980442544	-0.028773016661926262	0.6108757337240954
0.2862877929155179	0.8099423983114545	-0.029536010187139288	0.6568790644802857
0.2953755429880539	0.8383254630026982	-0.030257773447247838	0.7037051147726732
0.3047517692143924	0.8660574177944415	-0.030933076694091947	0.7510123061505383
0.3144256288106374	0.8929890048382362	-0.03155677228654906	0.7984251926391285
0.324406569674135	0.9189707448708352	-0.03212386721337188	0.8455391727732
0.3347043396106871	0.9438547142864708	-0.03262960035933378	0.8919264125004053
0.3453289958546672	0.96749640296958	-0.03306952283386217	0.9371428830995352
0.3562909148913379	0.9897566128268784	-0.03343957932217485	0.9807363580997793
0.3676008025909617	1.010503352181503	-0.03373618811897667	1.0222551551588537
0.3792697046646038	1.0296136778635208	-0.03395631728986368	1.0612573571275359
0.3913090174518366	1.046975435267829	-0.03409755429846895	1.0973202052633972
0.4037304990508838	1.0624888470951095	-0.0341581664556254	1.130049330537105
0.4165462808020721	1.0760679040875745	-0.03413714970093942	1.1590874791971297
0.4297688791358079	1.0876415158437382	-0.034034263519253864	1.1841223980801627
0.4434112077966485	1.0971543866391844	-0.033850050217328814	1.2048935740213207
0.4574865904554067	1.104567589854076	-0.03358583732307295	1.2211975690247345
0.4720087737216078	1.1098588247442105	-0.033243722495771115	1.232891755947976
0.4869919405690045	1.113022350416344	-0.032826541017844824	1.2398963343215188
0.5024507241872653	1.1140686034188831	-0.0323378166394414	1.2421945875087068
0.5184002222733609	1.113023516728631	-0.03178169722593603	1.2398314250695304
0.5348560117766095	1.1099275684925765	-0.031162877274588375	1.232910332219874
0.5518341641117794	1.1048345980890075	-0.030486509884083527	1.2215889164194111
0.5693512608551063	1.0978104344119046	-0.029758111148133797	1.2060732950827595
0.5874244099385578	1.0889313863694956	-0.02898346018018588	1.186611605184608
0.6060712623581574	1.078282648190388	-0.028168498048033685	1.163486933670758
0.6253100294126879	1.0659566721674056	-0.027319228805188375	1.1370099672007201
0.6451595004896109	1.0520515590373367	-0.026441625559719125	1.107511642435131
0.66563906141557	1.0366695115373854	-0.02554154414224413	1.0753360466283315
0.6867687133894047	1.0199153901808844	-0.024624646451361327	1.04083377634068
0.708569092516159	1.0018954024388833	-0.023696335001819568	1.0043559137206906
0.7310614899611688	0.9827159478445132	-0.022761699615558205	0.966248729117329
0.7542678727439073	0.9624826326135703	-0.021825476615572676	0.9268491695122457
0.7782109051918986	0.9412994587327402	-0.02089202034138232	0.8864811475244945
0.8029139710756505	0.9192681845664928	-0.0199652863316598	0.8454526078144807
0.8284011964462276	0.8964878434757783	-0.019048825063450094	0.8040533112361494
0.8546974731977643	0.8730544242393155	-0.018145785287800698	0.7625532972075535
0.8818284833779345	0.8490606563699757	-0.01725892472323516	0.7212018686780164
0.909820724270116	0.8245959164535844	-0.016390627277717888	0.6802270780944838
0.938701534271751	0.7997462143943673	-0.015542924859913834	0.6398355899513223
0.968499119594172	0.7745942409256646	-0.014717522381278254	0.6002128435402501
0.999242581809972	0.7492194552991817	-0.013915824621865565	0.5615234423737089
1.0309619462748214	0.7236981940199237	-0.013138963814479493	0.5239117083978174
1.0636881914514913	0.6981037839619966	-0.012387827002263657	0.487502351439896
1.0974532791647194	0.6725066459612729	-0.011663082427802353	0.4524012163537985
1.1322901858164711	0.6469743778531581	-0.01096520440354798	0.41869608130609265
1.1682329345920783	0.62157180878668	-0.010294496286284066	0.3864574901321333
1.2053166286887074	0.5963610194146198	-0.009651111327820537	0.35573960942710653
1.2435774855986177	0.5714013251736161	-0.009035071297533432	0.32658110692351605
1.283052872480684	0.5467492223152746	-0.00844628287273447	0.29900605179672374
1.3237813426547325	0.5224582985935534	-0.007884551870903676	0.2730248399274756
1.3658026732543307	0.4985791125495495	-0.0073495954584622625	0.2486351480240994
1.409157904074807	0.4751590471167871	-0.006841052515527896	0.2258229200564533
1.453889377654435	0.4522421447789437	-0.006358492369642023	0.20456338793947387
1.5000407806279366	0.4298689326666606	-0.0059014221324059455	0.18482212605515883
1.5476571863926811	0.408076246776811	-0.0054692928862394834	0.1665561363481242
1.5967850991292587	0.3868970648380024	-0.005061504969822334	0.14971495761282097
1.647472499219414	0.3663603572619014	-0.004677412605049586	0.13424178956174593
1.6997688901057009	0.3464909650562783	-0.004316328091927054	0.12007461955382823
1.7537253466386236	0.3273095125984139	-0.003977525774128083	0.10714733774869512
1.8093945649584784	0.3088323617975928	-0.003660245946386105	0.09539082509386732
1.8668309139606167	0.2910716125138979	-0.003363698838527844	0.08473399808131704
1.9260904883943912	0.2740351522289166	-0.003087068771112102	0.07510479465072308
1.98723116364764	0.257726755991002	-0.0028295185365451534	0.06643108692879413
2.050312652270223	0.2421462357086239	-0.002590194020877805	0.05864150857292223
2.1153965622918034	0.2272896360132161	-0.0023682290453118475	0.051666187147831326
2.182546457390832	0.2131494722883053	-0.0021627503769528194	0.045437375025976036
2.2518279189735124	0.1997150050935097	-0.0019728828344453783	0.03988997552617905
2.3233086102233447	0.1869725441878744	-0.001797754398455784	0.03496196420096381
2.3970583421838385	0.174905774678912	-0.0016365012284443251	0.03059470815230103
2.473149141938904	0.163496097502413	-0.0014882724856186578	0.02673318885350999
2.5516553229575263	0.1527229764663034	-0.0013522348672525373	0.023326136079863273
2.6326535576714214	0.142564284420258	-0.0012275767676090414	0.020326082136980592
2.716222952356548	0.1329966417075264	-0.0011135119949438142	0.017689346614443033
2.802445124391617	0.1239957408551882	-0.0010092829909415608	0.015375962402382794
2.8914042819690544	0.1155366524083955	-0.0009141635171799821	0.013349553744674544
2.9831873063362484	0.1075941078439084	-0.0008274607913479518	0.011577176734087808
3.0778838366474304	0.1001427565657022	-0.0007485170735481602	0.010029131970386886
3.175586357509031	0.0931573950269524	-0.0006767107187513832	0.008678758185604528
3.2763902893040315	0.0866131669960955	-0.0006114567247081107	0.007502214576419718
3.3803940813835123	0.08048573487192481	-0.0005522068157319762	0.006478258450241115
3.487699308216424	0.07475142270064014	-0.0004984491104184209	0.005588023647285455
3.598410768591476	0.06938733217635126	-0.00044970742679398094	0.004814804103321025
3.7126365879680354	0.06437143338179575	-0.0004055402808236633	0.004143845898546339
3.8304883240759824	0.05968263236849917	-0.00036553963440874674	0.003562150225657748
3.9520810758676808	0.055300817890880136	-0.0003293294473735572	0.003058288917285196
4.077533595928441	0.05120688970330861	-0.0002965640844725512	0.0026222335033430125
4.206968406455279	0.04738277083697832	-0.00026692662413098947	0.0022451982220122726
4.34051191891724	0.043811406192459386	-0.0002401271102180816	0.0019194969735897302
4.478294557514141	0.04047674965687048	-0.00021590078270619957	0.0016384138759329378
4.620450886554327	0.037363741776264205	-0.0001940063172191042	0.001396086837974472
4.767119741875811	0.03445827982257984	-0.00017422409803242731	0.001187403402367548
4.918444366439192	0.03174718188466293	-0.00015635454379603158	0.001007908004361236
5.074572550224737	0.029218146412228488	-0.0001402165006508857	0.0008537197404334752
5.23565677457028	0.02685970844416785	-0.00012564571321833448	0.0007214597245509519
5.401854361090903	0.024661193575641786	-0.00011249338044341856	0.0006081871233359192
5.573327625325817	0.02261267055424137	-0.00010062480025347796	0.0005113429949450808
5.75024403526254	0.020704903258036585	-8.991810469933621e-05	0.00042870110419020673
5.932776374893163	0.01892930268179534	-8.026308525191798e-05	0.00035832494218187845
6.1211029129624475	0.0172778794588996	-7.156010655532756e-05	0.00029853023944511486
6.315407577072556	0.015743197355530484	-6.371910576930794e-05	0.00024785232309962205
6.515880133314492	0.014318328106308934	-5.665867395467567e-05	0.00020501772996525067
6.722716371601601	0.01299680789721813	-5.030521537163604e-05	0.00016891954613188517
6.9361182968862405	0.011772595756865211	-4.459218030408201e-05	0.00013859599931710507
7.1562943264462815	0.010640034073288642	-3.945936681440668e-05	0.00011321188212237269
7.383459493434183	0.009593811422149313	-3.4852286844014766e-05	9.204243228566086e-05
7.617835656887382	0.008628927862718615	-3.072159213433623e-05	7.445933987622492e-05
7.8596517184051535	0.007740662829392296	-2.7022555518127053e-05	5.991859125684227e-05
8.109143845703512	0.006924545725694412	-2.3714603368293364e-05	4.794989588964567e-05
8.366555703266517	0.006176329299479561	-2.076089513080972e-05	3.8147474630376315e-05
8.632138690319248	0.005491965855102514	-1.812794611119111e-05	3.0162017576042096e-05
8.906152186354822	0.004867586329987842	-1.578528989001025e-05	2.369364585526142e-05
9.188863804455309	0.0042994822345196635	-1.3705176959041857e-05	1.8485735316825675e-05
9.480549652653888	0.0037840904217494808	-1.1862306367006011e-05	1.4319481034288509e-05
9.781494603593556	0.003317980619842024	-1.0233587364318092e-05	1.1009100119957605e-05
10.0919925727457	0.002897845624587128	-8.797928217893346e-06	8.39758666747969e-06
10.412346805460285	0.0025204940110835038	-7.5360495138070605e-06	6.352946851950084e-06
10.742870173127992	0.0021828451883552434	-6.4303194429839805e-06	4.764854465333777e-06
11.083885478743548	0.001881926582886382	-5.464608689853009e-06	3.541677525322548e-06
11.435725772168691	0.0016148727050727197	-4.624162691892564e-06	2.6078352364694843e-06
11.798734675402631	0.001378925821739668	-3.895489156774841e-06	1.9014515966961894e-06
12.173266718177732	0.001171437934699076	-3.2662588638413755e-06	1.3722775032990022e-06
12.559687684208113	0.0009898737476151272	-2.7252179053533498e-06	9.79857463030248e-07
12.958374968429393	0.0008318142934290148	-2.262109650842972e-06	6.919201358928835e-07
13.369717945578415	0.0006949608948822495	-1.8676048684412536e-06	4.829741333634816e-07
13.794118350472978	0.0005771391382614473	-1.533238574000896e-06	3.3309193573369073e-07
14.23199067036289	0.00047630255932728616	-1.2513523371024713e-06	2.2686569390439453e-07
14.683762549735649	0.00039053576724390335	-1.0150409283425402e-06	1.5251921580487048e-07
15.149875207971968	0.00031805676821075737	-8.181023548169518e-07	1.011607770961344e-07
15.630783870259176	0.0002572182934278564	-6.549904943073313e-07	6.616167948648649e-08
16.12695821218321	0.0002065079846535923	-5.207697007220426e-07	4.264581892676951e-08
16.638882818433547	0.00016454734297933454	-4.1107091071047885e-07	2.7075997060852388e-08
17.167057656068902	0.000130089400382294	-3.2204893032091626e-07	1.6923355807338316e-08
17.711998562806087	0.00010201512683811474	-2.50340717442465e-07	1.0407148774271447e-08
18.27423775080876	7.932863599877744e-05	-1.930245971530487e-07	6.293069747921635e-09
18.854324326468166	6.115129753312872e-05	-1.4758045003568613e-07	3.739502969974467e-09
19.452824826683493	4.6714902273674015e-05	-1.1185099560112833e-07	2.182294605084131e-09
20.070323772165565	3.535405596141809e-05	-8.400435330463974e-08	1.2499163296544562e-09
20.70742423830435	2.649799742130221e-05	-6.249810071996089e-08	7.021477733519321e-10
21.36474844415764	1.9662047232209784e-05	-4.604506437318144e-08	3.8659822150960154e-10
22.042938360136358	1.4438893297086968e-05	-3.358107387696697e-08	2.084827673331857e-10
22.742656334979763	1.0489910879848249e-05	-2.423488724553418e-08	1.1003881759691846e-10
23.46458574263308	7.536697888797658e-06	-1.7300458485732334e-08	5.6802114372870886e-11
24.209431649659116	5.352982820851917e-06	-1.2211670605404674e-08	2.8654574205234722e-11
24.977921503835915	3.757034780725265e-06	-8.519602805951065e-09	1.411538292721131e-11
25.770805844612777	2.6046742188446423e-06	-5.872343656950237e-09	6.784362270733973e-12
26.588859036118578	1.7829514049909945e-06	-3.9973063608986755e-09	3.178931691017504e-12
27.432880023438287	1.2045290524587666e-06	-2.6859509005375165e-09	1.4508974525494542e-12
28.303693112896283	8.027772822385902e-07	-1.7807739383391858e-09	6.444545360341965e-13
29.20214877710849	5.275644955025741e-07	-1.1643928848118643e-09	2.783256527256757e-13
30.129124485589674	3.4170857651154477e-07	-7.505239726362989e-10	1.1676531454777975e-13
31.085525561726936	2.1803570395946253e-07	-4.766413950236088e-10	4.7539795388117834e-14
32.07228606695661	1.3698504084882478e-07	-2.9810160116326407e-10	1.8764990280918813e-14
33.0903697130078	8.469918150708685e-08	-1.835087326576344e-10	7.173985023425406e-15
34.14077080310378	5.1514845129311466e-08	-1.111300595107922e-10	2.6537916185870722e-15
35.22451520304017	3.079718868229891e-08	-6.617211178453068e-11	9.484712094814983e-16
36.34266134308861	1.8098040100462932e-08	-3.87094143588438e-11	3.275405538967243e-16
37.49630125170415	1.045798128471346e-08	-2.2233315570555697e-11	1.0936986687173825e-16
38.68656162204611	5.9094895460918776e-09	-1.2551561601841898e-11	3.4922224237067833e-17
39.914604912353866	3.307578011316655e-09	-6.8745666942887686e-12	1.0940119560612673e-17
41.1816304812524	1.863873083936372e-09	-3.704845505434036e-12	3.474036598902701e-18
42.48887575909627	9.8381511344766e-10	-1.8719994493870408e-12	9.678956818299705e-19
43.837617456496005	4.869043068546265e-10	-9.264795609226347e-13	2.370766623979611e-19
45.22917281120733	2.356552326096549e-10	-4.4840383082193684e-13	5.553358972230605e-20
46.664900874600825	1.1145667922053003e-10	-2.1207932189632962e-13	1.2422636320506907e-20
48.14620383896851	5.1476981881456794e-11	-9.795019452435004e-14	2.6498892578644383e-21
