r	P	Q	rho
9.908745586890391e-05	0.03593344672302073	-0.009564880376892007	0.001382699530020423
0.0001022328293585999	0.03691301236891644	-0.009826293478894558	0.0014591265256811438
0.00010547804772071615	0.03791899733382351	-0.010094797432912353	0.0015397552940140484
0.00010882628037172466	0.03895209702519962	-0.010370581346731874	0.001624814820129748
0.0001122807973361759	0.040013024114355325	-0.010653839176059774	0.0017145463879653267
0.00011584497244034232	0.041102508900522375	-0.010944769837086818	0.0018092042247043263
0.0001195222866072384	0.04222129967847507	-0.011243577320690068	0.0019090561775059354
0.00012331633125623652	0.043370163109868895	-0.01155047080665602	0.0020143844240320457
0.00012723081181059757	0.044549884596070885	-0.011865664784383294	0.0021254862182985878
0.000131269551316343	0.045761268655091177	-0.012189379170170551	0.002242674673477618
0.00013543649417600205	0.047005139299608575	-0.012521839429600076	0.002366279583276294
0.00013973571000088072	0.04828234041721374	-0.012863276700051177	0.002496648283625791
0.00014417139758561513	0.049593736151780414	-0.013213927915382777	0.0026341465564453438
0.00014874788900889045	0.05094021128563002	-0.013574035932062307	0.0027791595773095463
0.00015346965386433094	0.052322671621937385	-0.013943849656824362	0.0029320929089092125
0.00015834130362569267	0.05374204436677986	-0.0143236241757612	0.0030933735422493855
0.00016336759615062215	0.05519927851019443	-0.014713620884768509	0.0032634509875867092
0.0001685534403273802	0.056695345205550605	-0.015114107621255004	0.0034427984171634283
0.00017390390086906792	0.058231238146490526	-0.015525358797015908	0.0036319138618493728
0.0001794242032600383	0.059807973940628	-0.01594765553215966	0.0038313214638552606
0.00018511973885932352	0.06142659247913423	-0.016381285789966168	0.004041572787730177
0.00019099607016606247	0.06308815730126993	-0.01682654451254303	0.004263248191902371
0.000197058936252071	0.06479375595285206	-0.017283733757133452	0.004496958263065226
0.0002033142583668602	0.0665445003375661	-0.017753162832916086	0.004743345315748369
0.00020976814572057728	0.06834152705995453	-0.018235148438122656	0.005003084959446864
0.00021642690145051672	0.07018599775882538	-0.018730014797283933	0.005276887735708316
0.00022329702877702865	0.07207909942973409	-0.019238093798398224	0.005565500827597461
0.00023038523735483668	0.07402204473509466	-0.019759725129799274	0.0058697098439695755
0.00023769844982596876	0.07601607230037402	-0.020295256416482096	0.0061903406809864486
0.0002452438085806995	0.07806244699471494	-0.020845043355625408	0.006528261463300583
0.0002530286827331086	0.08016246019421783	-0.021409449851028887	0.006884384567313278
0.0002610606753180668	0.08231743002599062	-0.021988848146161016	0.007259668728878791
0.0002693476307166791	0.08452870159094705	-0.02258361895549002	0.0076551212377781435
0.00027789764231743653	0.08679764716319793	-0.023194151593745535	0.00807180022122065
0.00028671906042055875	0.08912566636373644	-0.02382084410273211	0.008510817018546727
0.0002958205003932484	0.09151418630596692	-0.024464103375287864	0.008973338649199993
0.0003052108510838197	0.0939646617104662	-0.025124345275951847	0.009460590375907598
0.0003148992835029214	0.09647857498619752	-0.025801994757872513	0.009973858364852619
0.00032489525978033	0.09905743627521944	-0.026497485975456137	0.010514492444438655
0.0003352085424060639	0.1017027834577425	-0.02721126239221951	0.011083908964030682
0.0003458492037648398	0.1044161821141907	-0.027943776883273447	0.011683593753806005
0.0003568276359731873	0.1071992254407125	-0.02869549183182493	0.012315105186559035
0.0003681545610288257	0.1100535341143706	-0.029466879219044017	0.012980077341972663
0.00037984104128221697	0.1129807561040037	-0.03025842070659807	0.01368022327348985
0.00039189849024052185	0.1159825664225141	-0.031070607711109373	0.014417338377490544
0.0004043386837145098	0.1190606668160753	-0.03190394146974396	0.015193303863993342
0.0004171737713193103	0.122216785385488	-0.03275893309608763	0.01601009032755638
0.0004304162883402367	0.1254526761346281	-0.0336361036254115	0.016869761416439307
0.0004440791679752721	0.1287701184406341	-0.034535984048372034	0.01777447759740434
0.0004581757539661736	0.1321709164401724	-0.035459115332130725	0.018726500012772384
0.0004727198136305304	0.1356568983257877	-0.03640604842781559	0.019728194425501555
0.00048772555130750426	0.1392299155460105	-0.03737734426317992	0.020782035247117484
0.0005032076222303829	0.1428918419025298	-0.03837357371924439	0.021890609642283853
0.0005191811468394965	0.1466445725373693	-0.03939531758963504	0.023056621702655974
0.000535661725549474	0.1504900228026097	-0.04044316652125322	0.024282896681395806
0.0005526654539852635	0.1544301270047948	-0.041517720934832254	0.02557238527833966
0.0005702089387017944	0.1584668370157289	-0.04261959092385188	0.026928167964286064
0.0005883093134026362	0.1626021207409291	-0.04374939613019224	0.02835345933120417
0.0006069842556734933	0.1668379604365311	-0.04490776559481709	0.029851612453340552
0.0006262520042468766	0.171176350864965	-0.046095337581678573	0.03142612324221451
0.000646131376814815	0.1756192972792134	-0.04731275937293465	0.03308063477632595
0.0006666417884070039	0.1801688132249429	-0.048560687033464646	0.03481894158404646
0.0006878032703523379	0.1848269181492563	-0.04983978514255781	0.03664499385560822
0.0007096364898423477	0.1895956348042545	-0.05115072649053455	0.038562901557337714
0.0007321627701156462	0.1944769864330083	-0.052494191737940475	0.04057693841828415
0.000755404111283099	0.1994729937249457	-0.05387086903482815	0.042691545756159834
0.0007793832118140558	0.2045856715270349	-0.0552814535975124	0.04491133610602174
0.000804123490704629	0.2098170252965011	-0.05672664724004968	0.04724109661136961
0.0008296491103496669	0.2151690472801601	-0.05820715785755312	0.04968579213330587
0.0008559850001407643	0.2206437124047691	-0.059723698858309526	0.052250568029076495
0.0008831568808133521	0.2262429738621031	-0.06127698854151584	0.05494075254668533
0.0009111912895666467	0.2319687583717529	-0.06286774941729732	0.05776185877732877
0.0009401156059809936	0.237822961103914	-0.06449670746551063	0.06071958610212544
0.0009699580787579144	0.2438074402436945	-0.0661645913296712	0.06381982106400506
0.0010007478533089736	0.2499240111777225	-0.06787213144217515	0.06706863758966626
0.0010325150002204124	0.2561744402830666	-0.06962005907681311	0.0704722964802014
0.001065290544621345	0.2625604382977196	-0.07140910532439644	0.07403724408232135
0.0010991064964842015	0.2690836532511194	-0.07323999998713475	0.07777011004508415
0.0011339958818870103	0.2757456629324097	-0.07511347038721984	0.08167770405964586
0.0011699927752680543	0.2825479668733711	-0.07703024008488314	0.08576701147181033
0.001207132332704394	0.2894919778221899	-0.07899102750100429	0.09004518764906769
0.001245450826246772	0.2965790126834793	-0.08099654443915598	0.09451955097539154
0.0012849856793444175	0.3038102828992337	-0.08304749450177787	0.09919757433833522
0.0013257755033943585	0.3111868842446861	-0.08514457139497798	0.10408687496395017
0.0013678601354509335	0.318709786012354	-0.08728845711626787	0.10919520244577902
0.0014112806771323305	0.3263798195569215	-0.08947982001934546	0.11453042480470312
0.0014560795347621515	0.3341976661730029	-0.09171931274985086	0.12010051240678683
0.0015023004607852104	0.3421638442772946	-0.09400757004583599	0.12591351955653948
0.0015499885964980048	0.3502786958661458	-0.096345206396508	0.1319775635732736
0.0015991905161356031	0.3585423722191814	-0.09873281355263577	0.13830080114857754
0.001649954272357996	0.3669548188193018	-0.101170957881843	0.1448914017734363
0.0017023294431803414	0.3755157594591814	-0.1036601775618607	0.15175751801436227
0.0017563671803929356	0.3842246795043053	-0.1062009796046699	0.1589072524091776
0.0018121202595181983	0.3930808082826331	-0.1087938367043436	0.16634862074497953
0.0018696431313534648	0.4020831005711871	-0.111439183901289	0.1740895114735247
0.001928991975149916	0.4112302171502456	-0.1141374150555069	0.18213764101299118
0.0019902247534795987	0.4205205043963934	-0.116888879121426	0.19050050468006044
0.002053401268844102	0.4299519728864885	-0.1196938762168359	0.19918532299279498
0.0021185832220801952	0.4395222749856364	-0.1225526534784437	0.20819898308315687
0.002185834272619449	0.449228681393589	-0.1254654006966144	0.21754797495858472
0.002255220100660713	0.4590680566255981	-0.1284322457219325	0.22723832235518218
0.0023268084713161533	0.4690368334057128	-0.1314532496363431	0.2372755079312131
0.002400669300793506	0.479130985952833	-0.1345284016818093	0.2476643925591961
0.00247687472467918	0.4893460021425666	-0.1376576139396452	0.25840912848846925
0.0025554991683888998	0.4996768545311193	-0.1408407157539882	0.2695130661682091
0.0026366194198546855	0.5101179702311157	-0.1440774478932281	0.2809786545441393
0.002720314704519181	0.5206631996334636	-0.1473674564436604	0.2928073346712301
0.0028066667627105342	0.5313057839741631	-0.1507102864301527	0.3049994265202587
0.002895759929473442	0.5420383217503971	-0.1541053751592343	0.3175540088989554
0.0029876812169342903	0.5528527339963591	-0.1575520452807409	0.3304687924593937
0.00308252039928085	0.5637402284361512	-0.1610494975649799	0.3437399858231765
0.003180370100439519	0.5746912625387653	-0.1645968033933345	0.35736215492570417
0.0032813258845357327	0.5856955055087195	-0.1681928969613138	0.37132807576135357
0.003385486349225904	0.5967417992554239	-0.1718365671942809	0.38562858080371526
0.003492953221992032	0.6078181183948584	-0.1755264493774768	0.4002523994801301
0.003603831459493028	0.6189115293487434	-0.1792610165035047	0.4151859931986702
0.003718229350069801	0.6300081486191381	-0.1830385703421667	0.4304133855594183
0.0038362586195041914	0.6410931003303905	-0.1868572322394626	0.44591598853142456
0.0039580345401350565	0.6521504731456744	-0.1907149336546865	0.46167242554303844
0.004083676043438088	0.663163276682041	-0.1946094064468911	0.4776583526172725
0.004213305836179265	0.6741133975661021	-0.1985381729245716	0.49384627888634075
0.004347050520255452	0.6849815552921827	-0.2024985356752326	0.510205388041111
0.004485040716339107	0.6957472580661653	-0.2064875671945867	0.5267013625125262
0.0046274111914479275	0.7063887588413263	-0.2105020993384827	0.543296212443298
0.004774300990563966	0.716883011777349	-0.2145387126243072	0.5599481117894579
0.0049258535724308085	0.7272056293804396	-0.2185937254125444	0.5766112441923362
0.00508221694966139	0.7373308406111415	-0.2226631830034388	0.5932356615815555
0.005243543833293338	0.7472314502771098	-0.226742846688289	0.6097671588075417
0.005409991781932975	0.7568788000607991	-0.2308281827998246	0.6261471679561443
0.00558172335563367	0.7662427315668037	-0.2349143518113874	0.642312676365921
0.005758906274658809	0.7752915518104603	-0.2389961975402661	0.6581961727473775
0.005941713583284443	0.7839920016083233	-0.2430682365165178	0.6737256261890749
0.006130323818801593	0.7923092273722124	-0.2471246475849688	0.6888245032231473
0.006324921185883269	0.8002067568516957	-0.2511592618148	0.7034118285064641
0.006525695736486469	0.8076464794150567	-0.2551655527982156	0.7174022950463546
0.006732843555464916	0.8145886315058793	-0.2591366274271295	0.7307064302529283
0.006946566952073746	0.8209917879612989	-0.2630652172445992	0.7432308244238386
0.0071670746575532235	0.8268128599284954	-0.2669436704758615	0.7548784285502631
0.007394582028984425	0.8320071001679876	-0.2707639448522588	0.7655489285619008
0.007629311259616019	0.8365281165854263	-0.274517601350067	0.7751392032889548
0.007871491595867504	0.8403278948876136	-0.27819579897521	0.7835438734937037
0.008121359561220886	0.8433568313129726	-0.2817892907340251	0.7906559492946427
0.008379159187219456	0.8455637764412692	-0.285288420939586	0.7963675831518231
0.008645142251799213	0.8468960911414741	-0.2886831240125274	0.8005709352803404
0.008919568525185786	0.8472997157697022	-0.2919629249447859	0.8031591578857328
0.009202706023596928	0.8467192537804419	-0.2951169416040836	0.8040275039442564
0.009494831270998413	0.8450980709630403	-0.2981338890662521	0.8030745653552204
0.009796229569168936	0.8423784115607181	-0.3010020861715063	0.8002036441431576
0.010107195276337829	0.8385015325702728	-0.3037094645094206	0.7953242589552952
0.010428032094667625	0.833407857555935	-0.3062435800454825	0.7883537873550476
0.010759053366862378	0.8270371513393424	-0.3085916276095687	0.7792192423262171
0.011100582382191283	0.8193287169478785	-0.3107404584733122	0.767859178947661
0.011452952692226542	0.8102216162141718	-0.3126766012489403	0.7542257243492936
0.011816508436603836	0.7996549154186797	-0.3143862863465388	0.7382867207960238
0.012191604679123535	0.7875679573531672	-0.3158554742296201	0.7200279680502584
0.01257860775452092	0.773900661153557	-0.3170698877100937	0.6994555470264041
0.012977895626244053	0.7585938512039343	-0.318015048522983	0.676598202171492
0.013389858255588735	0.7415896163471649	-0.3186763184182252	0.6515097549945292
0.013814897982551116	0.7228317005492062	-0.3190389450013081	0.6242715157464049
0.014253429918769768	0.7022659260511722	-0.3190881125460207	0.5949946544606924
0.014705882352941176	0.6798406499029092	-0.3188089979908631	0.563822486460348
0.015172697169104452	0.6555072546014232	-0.3181868323153139	0.5309326210939488
0.015654330278203815	0.6292206733541263	-0.3172069674727984	0.49653891598950917
0.01615125206335038	0.6009399502476022	-0.3158549490334425	0.4608931726325092
0.016663947839218034	0.5706288353244948	-0.3141165946611166	0.4242865027452856
0.017192918326022124	0.5382564142512997	-0.3119780785154635	0.38705028895686744
0.017738680138543832	0.5037977718954396	-0.3094260216301291	0.3495566578286585
0.01830176629067787	0.4672346887183702	-0.3064475882728739	0.3122183787000131
0.018882726715996195	0.428556368430133	-0.3030305882412203	0.2754880983318439
0.019482128804836255	0.3877601948375673	-0.2991635849884217	0.2398568192835928
0.02010055795843818	0.3448525152515925	-0.2948360094084593	0.2058515297192549
0.020738618160672212	0.2998494471973004	-0.290038279035202	0.17403189429022836
0.021396932567914723	0.2527777044934536	-0.2847619223295525	0.14498592029780183
0.022076144117648865	0.2036754380355174	-0.2789997076392044	0.11932452092172141
0.02277691615638431	0.1525930858296047	-0.2727457763184911	0.0976749083425775
0.023499933087509316	0.09959422598582579	-0.2659957793907792	0.0806727645034238
0.02424590103970777	0.044756425491837566	-0.2587470170231757	0.06895315644119798
0.025015548556594127	-0.011827923344342954	-0.2509985799633454	0.06314018691425555
0.025809627308239685	-0.07005078786263641	-0.2427514919615696	0.06383539972974407
0.026628912825285105	-0.129787711509721	-0.2340088520686284	0.07160499290540778
0.02747420525635621	-0.190897072886385	-0.2247759755627166	0.08696593162676075
0.02834633014952272	-0.2532193995074285	-0.2150605321177631	0.11037109676167811
0.02924613925856312	-0.3165767494171326	-0.2048726796828671	0.14219365315195664
0.030174511374823187	-0.3807721747984989	-0.1942251924000706	0.18271087446362305
0.03113235318548051	-0.4455892826665124	-0.1831335807476984	0.23208771722473082
0.03212060015905321	-0.5107919086227137	-0.171616201961674	0.29036049469018477
0.033140217459017775	-0.5761239204458997	-0.1596943586606257	0.3574210598979819
0.03419220088642825	-0.641309168974775	-0.1473923834855946	0.43300196492068105
0.035277577852457324	-0.7060516042733542	-0.1347377074654647	0.5166631177100264
0.0363974083818092	-0.7700355754271033	-0.1217609097388403	0.6077805065637801
0.03755278614798423	-0.8329263324634155	-0.108495746206238	0.7055376022558046
0.03874483954140633	-0.8943707487885868	-0.09497915465751872	0.8089200761081143
0.03997473277145654	-0.9539982821483411	-0.08125123392296757	0.9167144853559908
0.04124366700348863	-1.0114221914128272	-0.06735519463677579	1.0275115715268837
0.04255288153193766	-1.0662410254225807	-0.053337279283251146	1.139714789655536
0.043903654990667	-1.118040398672722	-0.039246649322954	1.2515546325473383
0.04529730660173576	-1.166395066723818	-0.025135237371834436	1.3611092318353986
0.04673519746380645	-1.2108713118772725	-0.011057562634508996	1.466331603618803
0.04821873188145108	-1.2510296468124358	0.0029294919244080503	1.565083759126583
0.049749358736653954	-1.2864278405285228	0.016766941847770618	1.655177719225805
0.05132857290385061	-1.3166242670497603	0.030394003672473077	1.7344232560435608
0.052957916709884936	-1.3411815729274794	0.04374843796172574	1.8006819373843188
0.054638981440310354	-1.3596706546077393	0.0567669326999482	1.8519267736495988
0.05637340889350603	-1.3716749312376342	0.06938552630385239	1.886306468246231
0.058162892984126136	-1.376794892479975	0.08154006888972934	1.902212958793488
0.06000918139744794	-1.3746528944304652	0.09316671977775709	1.898350617840203
0.061914077296234715	-1.3648981698350748	0.1042024785150154	1.8738051705478092
0.06387944108178004	-1.3472120115560784	0.1145857459666278	1.8281100972597035
0.0659071922108539	-1.3213130807197349	0.1242569112669431	1.7613080372786776
0.06799931107032471	-1.2869627833031916	0.1331589596489005	1.674004514142275
0.07015784091128828	-1.2439706512104354	0.1412380953898058	1.5674111806622544
0.07238488984459251	-1.1921996562967458	0.1484443733369941	1.443375752449492
0.07468263289970707	-1.131571378500711	0.1547323317199306	1.3043958791214862
0.07705331414894835	-1.0620709424280357	0.1600616182303681	1.1536144083805
0.0794992488991348	-0.9837516306200228	0.1643976006751586	0.9947938418553026
0.08202282595281264	-0.8967390765705507	0.1677119528950763	0.8322682705924843
0.08462650994126075	-0.8012349365853103	0.1699832061176376	0.6708717139668975
0.08731284373155304	-0.6975199370768184	0.1711972554947907	0.5158425629085973
0.0900844509100292	-0.5859561931367993	0.1713478112922542	0.3727047327100159
0.09294403834459916	-0.4669886955028854	0.170436784073107	0.24712713909266953
0.095894398828384	-0.3411458666085032	0.1684745932825404	0.14476419088578407
0.09893841380727487	-0.2090390925212724	0.165480388922897	0.07108110132019033
0.102079056194074	-0.0713611464493016	0.1614821765372775	0.031168906561775126
0.1053193932719663	0.07111656871068178	0.1565168365230931	0.02955508646037777
0.1086625896901566	0.2175480164976502	0.1506300298968945	0.07001654538880123
0.112111910554599	0.36701780155412	0.1438759840450393	0.15540236544254782
0.1156707246168366	0.5185477419176677	0.1363171537285781	0.28747412704857295
0.1193425075640653	0.6711047344726737	0.1280237546607293	0.4667716463890685
0.1231308454136362	0.8236098831190317	0.119073169322836	0.6925116592239299
0.1270394380153103	0.9749488312417746	0.1095492272949901	0.9625262567406316
0.1310721026646873	1.123983210669342	0.09954136519843966	1.2732467412521313
0.1352327778313366	1.269563089177082	0.08914367430883186	1.6197370320701345
0.1395255270052724	1.4105402685192314	0.07845384691629155	1.9957788552102704
0.1439545426655278	1.545782255831749	0.06757203548043966	2.394008762423261
0.1485241503747066	1.6741867039675258	0.05659964144602511	2.8061046391534665
0.1532388130035089	1.7946960918504	0.0456380531335946	3.223016893996924
0.1581031350893581	1.9063123951905256	0.034787354287033855	3.63523710807533
0.1631218673333853	2.0081114817565666	0.024145026542006613	4.033094705469267
0.1682999112401635	2.099256954617503	0.013804670188021385	4.407070330428952
0.1736423239047229	2.1790131619843165	0.003854768065713848	4.748113219337729
0.1791543229515216	2.246757093976582	-0.0056224827694195114	5.047949051646588
0.1848412916301976	2.3019888951117218	-0.014552247884338836	5.299364641136173
0.1907087840730754	2.3443407366812457	-0.022868018639518074	5.496456435939663
0.1967625307195655	2.373583815372093	-0.03051244170661384	5.634831137695242
0.2030084439127513	2.3896332732728487	-0.03743799766389372	5.711748784401791
0.2094526236736326	2.392550869378911	-0.043607514560751306	5.726201277891949
0.2161013636586608	2.3825452733449515	-0.04899450583690737	5.678922441140572
0.2229611573063895	2.359969897875278	-0.05358332569911611	5.5723290916704284
0.2300387041792378	2.3253182360340494	-0.05736913889182709	5.410396116929693
0.2373409165065648	2.279216723037313	-0.06035770565296488	5.198471923204638
0.2448749259354433	2.2224151977909545	-0.06256498644204084	4.9430436889007
0.2526480904957246	2.1557750964776643	-0.06401657470264954	4.651464388429942
0.2606680017862006	2.080255567649038	-0.06474696942816205	4.331655396784953
0.2689424923888768	1.9968977541670836	-0.06479870260258774	3.9917995124565206
0.2774796435186012	1.9068075404120328	-0.06422133965811101	3.6400393766396686
0.2862877929155179	1.8111371117149768	-0.06307037389287994	3.284195509494256
0.2953755429880539	1.711065715119547	-0.061406038285273294	2.9315165829954593
0.3047517692143924	1.607780069343938	-0.05929206065157124	2.588472299835907
0.3144256288106374	1.5024547450378247	-0.0567943874212237	2.2605958633292267
0.324406569674135	1.3962332236670345	-0.05397990836619315	1.952381045378862
0.3347043396106871	1.2902098403146918	-0.05091520721493487	1.667233790370602
0.3453289958546672	1.1854131724945525	-0.04766536872481485	1.4074763768992722
0.3562909148913379	1.0827912550809626	-0.04429286934901544	1.1743987603549753
0.3676008025909617	0.983198977613496	-0.040856577002682304	0.9683494894645999
0.3792697046646038	0.88738795714945	-0.03741088247595117	0.7888569606215035
0.3913090174518366	0.795999103991556	-0.034004981170380706	0.634770912299758
0.4037304990508838	0.7095580116907015	-0.030682319140763005	0.5044139766623174
0.4165462808020721	0.6284732101759307	-0.027480212062335373	0.39573373796383055
0.4297688791358079	0.5530372257761997	-0.024429639931676937	0.3064469804014267
0.4434112077966485	0.4834302987296664	-0.02155521431508704	0.23416948099402382
0.4574865904554067	0.4197265220829761	-0.018875309080977704	0.1765266306327735
0.4720087737216078	0.3619020899966764	-0.0164023401019802	0.13124215950478346
0.4869919405690045	0.3098452821873248	-0.014143174682388964	0.09620412828383952
0.5024507241872653	0.2633677675225555	-0.01209964771232263	0.06950898244457715
0.5184002222733609	0.2222167855589291	-0.010269158964393043	0.04948575540997905
0.5348560117766095	0.1860877607978041	-0.008645324647403434	0.03470339635699976
0.5518341641117794	0.1546369201111963	-0.007218656342702458	0.02396468606087055
0.5693512608551063	0.1274935174534394	-0.005977241712410745	0.01629032441113904
0.5874244099385578	0.1042713188863631	-0.004907403743260105	0.010896590553800984
0.6060712623581574	0.08457906156972876	-0.003994318567069799	0.0071695722368312065
0.6253100294126879	0.0680296686589588	-0.0032225758232392234	0.004638420812784248
0.6451595004896109	0.05424807377283748	-0.0025766698201737438	0.002949492735425412
0.66563906141557	0.04287757973161444	-0.0020414141307380654	0.0018426542152941306
0.6867687133894047	0.033584742911789985	-0.0016022764622907384	0.0011305022463126385
0.708569092516159	0.026062833738238905	-0.0012456344544077248	0.0006808229076610918
0.7310614899611688	0.020033973241190942	-0.0009589563087258867	0.0004022796810307999
0.7542678727439073	0.0152500838075549	-0.0007309127355762691	0.00023309928956447576
0.7782109051918986	0.011492818674562592	-0.0005514285606786549	0.00013238895454390677
0.8029139710756505	0.008572649560436128	-0.0004116834762471893	7.36598037706607e-05
0.8284011964462276	0.0063272959851901674	-0.0003040718948196976	4.012713420142285e-05
0.8546974731977643	0.004619674705121272	-0.0002221317564948948	2.1390736898380817e-05
0.8818284833779345	0.00333553501466948	-0.0001604515595948284	1.1151538537062543e-05
0.909820724270116	0.002380927383946009	-0.000114563950717713	5.681940106428036e-06
0.938701534271751	0.0016796309459570738	-8.083304289967602e-05	2.8276940954410754e-06
0.968499119594172	0.0011706415603570171	-5.6341342253080594e-05	1.3735760096819905e-06
0.999242581809972	0.0008057981855036771	-3.87808517152612e-05	6.508146702207795e-07
1.0309619462748214	0.0005476024301280904	-2.6351664898680543e-05	3.0056283172512245e-07
1.0636881914514913	0.0003672654520327012	-1.7670223015408426e-05	1.351961490381986e-07
1.0974532791647194	0.00024299852933259056	-1.1688422540444388e-05	5.918490447928584e-08
1.1322901858164711	0.00015854901315005726	-7.623952809811005e-06	2.5195914227303255e-08
1.1682329345920783	0.00010197209830353378	-4.901616003483066e-06	1.0422334671871157e-08
1.2053166286887074	6.462086748084452e-05	-3.104925813052956e-06	4.185497078281432e-09
1.2435774855986177	4.0331798709849606e-05	-1.9369911479137864e-06	1.6304059218789225e-09
1.283052872480684	2.4780406213369365e-05	-1.1895276690912762e-06	6.154835081751288e-10
1.3237813426547325	1.4981484087334987e-05	-7.187688649079359e-07	2.2496149414023246e-10
1.3658026732543307	8.90801963922675e-06	-4.271311243012108e-07	7.95352548901963e-11
1.409157904074807	5.2065194332160736e-06	-2.495135514957353e-07	2.717010162083664e-11
1.453889377654435	2.9902781359485977e-06	-1.431861585990691e-07	8.962265606346579e-12
1.5000407806279366	1.6870384934812666e-06	-8.067042725687798e-08	2.852606596321349e-12
1.5476571863926811	9.331682428714765e-07	-4.4641718136154074e-08	8.727958525019868e-13
1.5967850991292587	5.081893328815222e-07	-2.413779609531568e-08	2.5883903125490566e-13
1.647472499219414	2.7294898022906764e-07	-1.2761853076393384e-08	7.466401070203141e-14
1.6997688901057009	1.4290500816956678e-07	-6.575002451002981e-09	2.0465072017174645e-14
1.7537253466386236	7.247412319112032e-08	-3.3345055132741525e-09	5.26361745933974e-15
1.8093945649584784	3.597149496130822e-08	-1.655034141674056e-09	1.296687587761529e-15
1.8668309139606167	1.7461312426518428e-08	-8.03388023083555e-10	3.0554286397212095e-16
1.9260904883943912	8.283838188736574e-09	-3.8113609237562254e-10	6.87672398580818e-17
