r	P	Q	rho
9.908745586890391e-05	-0.0023273990609005927	-0.008450375594782053	7.68256340815691e-05
0.0001022328293585999	-0.0023937517799208054	-0.008681467046663036	8.109791766617025e-05
0.00010547804772071615	-0.0024620696463495207	-0.008918835208566964	8.560740842104938e-05
0.00010882628037172466	-0.002532415084096693	-0.009162647980598113	9.036724417451913e-05
0.0001122807973361759	-0.00260485273228454	-0.009413077598102577	9.539128762479081e-05
0.00011584497244034232	-0.0026794495357176608	-0.009670300734056921	0.00010069416610155942
0.0001195222866072384	-0.002756274839462623	-0.009934498603279085	0.0001062913134892088
0.00012331633125623652	-0.002835400487512992	-0.010205857068598617	0.00011219901442925326
0.00012723081181059757	-0.0029169009271561414	-0.010484566748473615	0.00011843445092204295
0.000131269551316343	-0.003000853317030528	-0.010770823126774978	0.00012501575145860383
0.00013543649417600205	-0.0030873376411202683	-0.011064826664076462	0.0001319620428163355
0.00013973571000088072	-0.0031764368277959715	-0.011366782910799582	0.00013929350466222398
0.00014417139758561513	-0.0032682368746722945	-0.011676902622029818	0.00014703142711333455
0.00014874788900889045	-0.003362826979420036	-0.011995401874008991	0.0001551982714124937
0.00015346965386433094	-0.0034602996768777683	-0.012322502182260149	0.00016381773388560652
0.00015834130362569267	-0.0035607509827836115	-0.012658430621295954	0.00017291481335555752
0.00016336759615062215	-0.0036642805444722704	-0.013003419945857946	0.00018251588219693428
0.0001685534403273802	-0.0037709917988994015	-0.013357708713625934	0.00019264876122544473
0.00017390390086906792	-0.003880992138374928	-0.013721541409329435	0.00020334279862607043
0.0001794242032600383	-0.003994393084407166	-0.014095168570185146	0.00021462895313469497
0.00018511973885932352	-0.004111310470080938	-0.014478846912575512	0.00022653988169919455
0.00019099607016606247	-0.004231864631415285	-0.014872839459874576	0.0002391100318578259
0.000197058936252071	-0.004356180608169965	-0.015277415671317096	0.00025237573908520124
0.0002033142583668602	-0.004484388354594704	-0.01569285157179674	0.000266375329369268
0.00020976814572057728	-0.0046166229606411854	-0.0161194298824676	0.00028114922729650883
0.00021642690145051672	-0.0047530248841851485	-0.016557440152011566	0.00029674006993712806
0.00022329702877702865	-0.004893740194834692	-0.017007178888421116	0.0003131928268372976
0.00023038523735483668	-0.005038920829930997	-0.017468949691133676	0.00033055492644167185
0.00023769844982596876	-0.005188724863379427	-0.01794306338333902	0.00034887638928637334
0.0002452438085806995	-0.005343316787982112	-0.01842983814426595	0.00036820996832057166
0.0002530286827331086	-0.00550286781197801	-0.01892959964123789	0.00038861129673365736
0.0002610606753180668	-0.005667556170532996	-0.019442681161269897	0.00041013904368494597
0.0002693476307166791	-0.005837567452960785	-0.01996942374196064	0.0004328550783538483
0.00027789764231743653	-0.00601309494649571	-0.020510176301413715	0.000456824642750645
0.00028671906042055875	-0.006194339997480317	-0.021065295766901325	0.00048211653375141534
0.0002958205003932484	-0.0063815123908748566	-0.021635147201961497	0.0005088032948454317
0.0003052108510838197	-0.006574830749041721	-0.02222010393159633	0.0005369614181094872
0.0003148992835029214	-0.006774522950806108	-0.0228205476652139	0.0005666715569512984
0.00032489525978033	-0.006980826571844488	-0.02343686861693011	0.0005980187501934135
0.0003352085424060639	-0.007193989347505165	-0.02406946562281856	0.0006310926581000622
0.0003458492037648398	-0.007414269659220061	-0.0247187462546672	0.0006659878109822549
0.0003568276359731873	-0.007641937045724265	-0.025385126929769	0.0007028038710512962
0.0003681545610288257	-0.00787727274035971	-0.026069033016240768	0.0007416459082278653
0.00037984104128221697	-0.008120570235801598	-0.026770898933329148	0.0007826246906531105
0.00039189849024052185	-0.008372135877611209	-0.027491168246125994	0.000825856990689991
0.0004043386837145098	-0.008632289488086248	-0.028230293754075927	0.0008714659072475427
0.0004171737713193103	-0.008901365021950146	-0.028988737572617867	0.0009195812053081043
0.0004304162883402367	-0.009179711255494794	-0.029766971207258505	0.0009703396735880147
0.0004440791679752721	-0.009467692510866864	-0.030565475619330023	0.0010238855013161826
0.0004581757539661736	-0.009765689417266616	-0.03138474128263572	0.0010803706751724921
0.0004727198136305304	-0.010074099710909327	-0.032225268230136155	0.001139955397489566
0.00048772555130750426	-0.010393339075683896	-0.03308756608977501	0.0012028085268873672
0.0005032076222303829	-0.010723842026530109	-0.03397215410848696	0.0012691080425807609
0.0005191811468394965	-0.011066062837646044	-0.03487956116337046	0.0013390415336760318
0.000535661725549474	-0.011420476517729658	-0.03581032575894612	0.0014128067148538545
0.0005526654539852635	-0.01178757983455398	-0.036764996009355205	0.001490611969923888
0.0005702089387017944	-0.01216789239127331	-0.037744129604284256	0.001572676924830614
0.0005883093134026362	-0.012561957756958298	-0.03874829375732904	0.0016592330517918696
0.0006069842556734933	-0.012970344653960714	-0.039778065135435525	0.0017505243063614786
0.0006262520042468766	-0.013393648204813657	-0.04083402976797602	0.0018468077993262595
0.000646131376814815	-0.013832491241480298	-0.04191678293393478	0.0019483545054762355
0.0006666417884070039	-0.014287525679872876	-0.043026929025591264	0.0020554500114262947
0.0006878032703523379	-0.014759433962674188	-0.04416508138699684	0.002168395304818595
0.0007096364898423477	-0.015248930573605265	-0.045331862125446806	0.002287507607399152
0.0007321627701156462	-0.015756763626395193	-0.04652790189404913	0.002413121254640351
0.000755404111283099	-0.01628371653182161	-0.047753839643388224	0.002545588624775157
0.0007793832118140558	-0.016830609746302773	-0.049010322340173926	0.002685281120320093
0.000804123490704629	-0.01739830260563362	-0.05029800465065317	0.0028325902053943255
0.0008296491103496669	-0.017987695247568405	-0.05161754858644493	0.0029879285023933977
0.0008559850001407643	-0.018599730627060208	-0.052969623110337705	0.0031517309518504237
0.0008831568808133521	-0.019235396628072495	-0.05435490369946209	0.00332445603961706
0.0009111912895666467	-0.019895728275978432	-0.05577407186312072	0.0035065870958241223
0.0009401156059809936	-0.020581810054659345	-0.05722781461242213	0.0036986336704398323
0.0009699580787579144	-0.021294778332502713	-0.058716823878725385	0.0039011329906356827
0.0010007478533089736	-0.022035823901581573	-0.06024179587775727	0.004114651505598887
0.0010325150002204124	-0.022806194634369444	-0.06180343041611566	0.004339786524900392
0.001065290544621345	-0.023607198262405985	-0.06340243013671841	0.004577167957042003
0.0010991064964842015	-0.024440205281377272	-0.06503949969960028	0.004827460155370167
0.0011339958818870103	-0.02530665198710812	-0.06671534489429873	0.005091363879161835
0.0011699927752680543	-0.026208043646980296	-0.06843067167990378	0.0053696183783648105
0.001207132332704394	-0.02714595781128763	-0.07018618514867896	0.00566300361121685
0.001245450826246772	-0.02812204776901313	-0.07198258840898811	0.005972342604780446
0.0012849856793444175	-0.029138046152462727	-0.07382058138308839	0.006298503969320224
0.0013257755033943585	-0.030195768695109988	-0.07570085951517334	0.006642404578424595
0.0013678601354509335	-0.03129711814689459	-0.07762411238487113	0.007005012427839782
0.0014112806771323305	-0.03244408835106832	-0.07959102222122373	0.007387349687151257
0.0014560795347621515	-0.033638768486493144	-0.08160226231199419	0.007790495959723392
0.0015023004607852104	-0.0348833474790612	-0.0836584953029683	0.008215591767701695
0.0015499885964980048	-0.03618011858562036	-0.08576037138174161	0.008663842280403797
0.0015991905161356031	-0.037531484153447696	-0.08790852634030671	0.009136521306084895
0.001649954272357996	-0.038939960557907896	-0.09010357951058513	0.009634975568871761
0.0017023294431803414	-0.040408183320460526	-0.09234613156688264	0.010160629294627943
0.0017563671803929356	-0.04193891240862959	-0.09463676218908862	0.010714989131652818
0.0018121202595181983	-0.04353503771891486	-0.0969760275802876	0.011299649434440041
0.0018696431313534648	-0.04519958474289742	-0.09936445783231422	0.011916297941240116
0.001928991975149916	-0.046935720415963965	-0.1018025541326514	0.012566721878896955
0.0019902247534795987	-0.0487467591471343	-0.1042907858059628	0.013252814531373933
0.002053401268844102	-0.050636169027415134	-0.1068295871834493	0.013976582311559151
0.0021185832220801952	-0.05260757821290919	-0.1094193542931503	0.014740152379357307
0.002185834272619449	-0.054664781477568286	-0.1120604413642503	0.015545780852740871
0.002255220100660713	-0.05681174692898271	-0.1147531571384304	0.016395861662360078
0.0023268084713161533	-0.059052622878929234	-0.1174977609813042	0.017292936104500726
0.002400669300793506	-0.06139174485854587	-0.1202944587870167	0.018239703151638052
0.00247687472467918	-0.06383364276594393	-0.1231433986691564	0.019239030584560935
0.0025554991683888998	-0.06638304813179403	-0.1260446664312533	0.020293967015033998
0.0026366194198546855	-0.0690449014859114	-0.1289982808102952	0.02140775487321099
0.002720314704519181	-0.07182435980510338	-0.132004188486917	0.02258384443950246
0.0028066667627105342	-0.07472680401950382	-0.1350622588561915	0.023825909006306212
0.002895759929473442	-0.07775784655129032	-0.1381722785532932	0.025137861260902863
0.0029876812169342903	-0.0809233388560356	-0.1413339457287188	0.02652387098685719
0.00308252039928085	-0.08422937893296467	-0.1445468640682392	0.02798838418739497
0.003180370100439519	-0.0876823187660502	-0.1478105365533364	0.029536143740376435
0.0032813258845357327	-0.09128877165315782	-0.1511243589585493	0.031172211700574853
0.003385486349225904	-0.09505561937532422	-0.1544876130829255	0.03290199337088621
0.003492953221992032	-0.09899001915269369	-0.1578994597136649	0.03473126326971795
0.003603831459493028	-0.1030994103276223	-0.1613589313210425	0.03666619312697235
0.003718229350069801	-0.1073915207089629	-0.1648649244848401	0.03871338204557564
0.0038362586195041914	-0.1118743725045404	-0.1684161920537929	0.04087988896918472
0.0039580345401350565	-0.1165562877612925	-0.1720113350409858	0.04317326759927549
0.004083676043438088	-0.1214458932244581	-0.1756487942597339	0.045601603905984806
0.004213305836179265	-0.1265521245185257	-0.1793268417062459	0.048173556376489415
0.004347050520255452	-0.1318842295433805	-0.1830435716973289	0.05089839914196627
0.004485040716339107	-0.1374517709691912	-0.1867968917735471	0.05378606811882527
0.0046274111914479275	-0.1432646277030436	-0.1905845133806183	0.05684721029141876
0.004774300990563966	-0.1493329951891323	-0.1944039423444217	0.06009323625121065
0.0049258535724308085	-0.1556673843924621	-0.1982524691578235	0.06353637609076432
0.00508221694966139	-0.1622786193034749	-0.2021271591006076	0.06718973872912447
0.005243543833293338	-0.1691778327878036	-0.2060248422171422	0.07106737471737637
0.005409991781932975	-0.1763764605914679	-0.2099421031800324	0.07518434253842898
0.00558172335563367	-0.1838862332972789	-0.2138752710719166	0.07955677837234709
0.005758906274658809	-0.1917191660130278	-0.2178204091217648	0.08420196924670392
0.005941713583284443	-0.1998875455562331	-0.2217733044365531	0.08913842942920322
0.006130323818801593	-0.2084039148838452	-0.2257294577740153	0.09438597984586394
0.006324921185883269	-0.2172810544984177	-0.2296840734073242	0.09996583022092545
0.006525695736486469	-0.2265319605449176	-0.2336320491380423	0.10590066353276473
0.006732843555464916	-0.2361698192946433	-0.2375679665194935	0.11221472226187165
0.006946566952073746	-0.2462079776947621	-0.2414860813588613	0.11893389577060305
0.0071670746575532235	-0.2566599096438861	-0.2453803145728022	0.12608580799825514
0.007394582028984425	-0.2675391776360287	-0.2492442434781701	0.13369990447716784
0.007629311259616019	-0.2788593893973987	-0.25307109360658	0.1418075374743204
0.007871491595867504	-0.2906341491229967	-0.2568537311389659	0.15044204783645648
0.008121359561220886	-0.302877002903114	-0.2605846560640076	0.15963884186357005
0.008379159187219456	-0.315601377913871	-0.2642559961722725	0.1694354612541341
0.008645142251799213	-0.3288205149311715	-0.2678595020061273	0.17987164385457127
0.008919568525185786	-0.3425473937142439	-0.2713865428938595	0.19098937260430188
0.009202706023596928	-0.3567946507936821	-0.2748281042049944	0.2028329096958968
0.009494831270998413	-0.3715744891900258	-0.2781747859724062	0.21544881256762258
0.009796229569168936	-0.3868985795829229	-0.2814168030354727	0.22888592791398937
0.010107195276337829	-0.4027779524483435	-0.2845439868671069	0.2431953594407084
0.010428032094667625	-0.419222880682761	-0.28754578925595	0.25843040460677963
0.010759053366862378	-0.4362427522393447	-0.2904112880232055	0.2746464550926555
0.011100582382191283	-0.4538459323127453	-0.2931291949614439	0.29190085521556913
0.011452952692226542	-0.4720396146267749	-0.2956878661900574	0.31025271198902343
0.011816508436603836	-0.4908296614040477	-0.2980753151287688	0.32976265000312693
0.012191604679123535	-0.5102204316293683	-0.3002792282965253	0.3504925037984156
0.01257860775452092	-0.5302145972602974	-0.3022869841480592	0.37250493993322836
0.012977895626244053	-0.5508129470899551	-0.3040856751641777	0.3958630005219755
0.013389858255588735	-0.5720141780298088	-0.3056621334142345	0.42062955967045906
0.013814897982551116	-0.5938146736551189	-0.3070029598099991	0.4468666839802352
0.014253429918769768	-0.6162082699440474	-0.3080945572690203	0.4746348881662297
0.014705882352941176	-0.6391860082444386	-0.3089231680023035	0.503992276864039
0.015172697169104452	-0.6627358756211885	-0.3094749151353842	0.5349935639334368
0.015654330278203815	-0.6868425328732181	-0.3097358488633814	0.567688961034817
0.01615125206335038	-0.7114870306636034	-0.3096919973290026	0.6021229280121383
0.016663947839218034	-0.7366465143806155	-0.3093294223974214	0.6383327787098326
0.017192918326022124	-0.7622939185424673	-0.3086342804830798	0.6763471373361382
0.017738680138543832	-0.788397651775501	-0.3075928885604191	0.7161842424180666
0.01830176629067787	-0.8149212736353646	-0.3061917954629457	0.7578500978323071
0.018882726715996195	-0.8418231648041588	-0.3044178585425031	0.8013364734004932
0.019482128804836255	-0.8690561924841906	-0.3022583257227938	0.8466187611638651
0.02010055795843818	-0.8965673731211184	-0.2997009229377212	0.8936536977550248
0.020738618160672212	-0.9242975349258948	-0.2967339468956674	0.9423769683103665
0.021396932567914723	-0.9521809830255996	-0.2933463630551087	0.9927007131532569
0.022076144117648865	-0.9801451704571112	-0.2895279086347428	1.0445109650488076
0.02277691615638431	-1.0081103786231922	-0.2852692004123906	1.0976650521917206
0.023499933087509316	-1.0359894112559365	-0.2805618469912302	1.1519890102215524
0.02424590103970777	-1.063687306374916	-0.2753985651294206	1.207275055418468
0.025015548556594127	-1.0911010711833036	-0.2697732996399849	1.2632791807359978
0.025809627308239685	-1.118119445310339	-0.2636813462721847	1.319718946353012
0.026628912825285105	-1.1446226982774903	-0.2571194768839266	1.3762715468051065
0.02747420525635621	-1.170482467532195	-0.2500860661075642	1.4325722472614129
0.02834633014952272	-1.1955616438497312	-0.2425812185995491	1.4882132918619138
0.02924613925856312	-1.2197143113420177	-0.2346068958487276	1.5427433968723083
0.030174511374823187	-1.2427857497221728	-0.2261670413998496	1.5956679503280644
0.03113235318548051	-1.2646125068445149	-0.2172677032295176	1.6464500473341979
0.03212060015905321	-1.2850225498590553	-0.2079171518930166	1.6945124956975721
0.033140217459017775	-1.3038355035740334	-0.1981259929441895	1.7392409294602742
0.03419220088642825	-1.3208629847949351	-0.1879072720189303	1.7799881674789813
0.035277577852457324	-1.3359090414880483	-0.1772765708683906	1.8160799497083717
0.0363974083818092	-1.3487707055841776	-0.1662520925332876	1.846822174513737
0.03755278614798423	-1.359238668076136	-0.1548547337685955	1.8715097453639304
0.03874483954140633	-1.3670980847539005	-0.1431081427614098	1.8894371138624029
0.03997473277145654	-1.372129520445322	-0.1310387601370064	1.8999105775357537
0.04124366700348863	-1.3741100389694805	-0.118675841222254	1.9022623544865167
0.04255288153193766	-1.3728144451458335	-0.1060514575347669	1.8958664124463112
0.043903654990667	-1.3680166841176873	-0.09320047549360969	1.8801559766565872
0.04529730660173576	-1.3594914019267497	-0.08016051040599736	1.8546425793413093
0.04673519746380645	-1.3470156697018885	-0.06697185387703275	1.8189364436341537
0.04821873188145108	-1.330370871987101	-0.05367737291863245	1.7727679173951654
0.049749358736653954	-1.3093447576214985	-0.04032237920158369	1.7160095885753768
0.05132857290385061	-1.2837336491915456	-0.026954467102955328	1.6486986253634466
0.052957916709884936	-1.2533448044009532	-0.013623319451218975	1.5710587935517335
0.054638981440310354	-1.2179989197494974	-0.0003804801643127713	1.483521513276098
0.05637340889350603	-1.177532763687509	0.01272090668811374	1.3867452310245105
0.058162892984126136	-1.1318019229333582	0.025626391488038705	1.2816323046963456
0.06000918139744794	-1.0806836419301349	0.03828054700645896	1.1693425342144936
0.061914077296234715	-1.0240797315066734	0.050627328880967166	1.051302422912402
0.06387944108178004	-0.9619195187384362	0.06261046733815451	0.9292092311502868
0.0659071922108539	-0.894162805827513	0.07417388832737283	0.8050288890349322
0.06799931107032471	-0.8208028016016958	0.08526216166098022	0.6809868753282959
0.07015784091128828	-0.7418689850462143	0.0958209731556839	0.5595512498700025
0.07238488984459251	-0.6574298562175562	0.1057976171452478	0.44340715163984906
0.07468263289970707	-0.5675955260498117	0.1151415050931997	0.3354222473868898
0.07705331414894835	-0.4725200930670162	0.1238046853833641	0.2386028384749354
0.0794992488991348	-0.3724037519904172	0.1317423687160061	0.15604060621144425
0.08202282595281264	-0.2674945768203763	0.1389134529002089	0.09085029602497074
0.08462650994126075	-0.1580899193323824	0.1452810402233545	0.046099003242899124
0.08731284373155304	-0.04453736321696596	0.1508129400134177	0.024728119597810676
0.0900844509100292	0.07276482552019663	0.1554821485091502	0.0294694183380061
0.09294403834459916	0.1933678096345732	0.1592672977397224	0.06275718193218592
0.095894398828384	0.3167729078673357	0.1621530648139648	0.1266386915872894
0.09893841380727487	0.4424329883660957	0.16413053285674	0.2226857810103912
0.102079056194074	0.569754572048817	0.165197494833753	0.3519104846698784
0.1053193932719663	0.6981006815959908	0.16535869170344	0.5146880585666602
0.1086625896901566	0.826794461892817	0.1646259767506107	0.7106907944377254
0.112111910554599	0.9551235860913868	0.1630183986125352	0.9388360629942663
0.1156707246168366	1.0823454480982593	0.1605621964194557	1.1972518879380616
0.1193425075640653	1.207693127360757	0.157290701645314	1.4832630546984806
0.1231308454136362	1.3303820955459964	0.1532441426978974	1.7934002874205703
0.1270394380153103	1.449617617376748	0.1484693499559602	2.1234343844853854
0.1310721026646873	1.5646027798785849	0.1430193608564532	2.468436396383584
0.1352327778313366	1.6745470660417194	0.1369529267067129	2.8228639805224653
0.1395255270052724	1.7786753709029424	0.130333925090238	3.1806730070861473
0.1439545426655278	1.8762373408431057	0.1232306839849965	3.5354523606494186
0.1485241503747066	1.9665169010293508	0.1157152259456288	3.8805787355497294
0.1532388130035089	2.048841821963113	0.107862442835627	4.209387117999597
0.1581031350893581	2.122593164554008	0.09974921355171396	4.515351647815583
0.1631218673333853	2.1872144345067497	0.09145347888313289	4.792270721314509
0.1682999112401635	2.2422202714946247	0.08305328902499123	5.034449594719297
0.1736423239047229	2.2872044969234726	0.07462584026204992	5.236873426781773
0.1791543229515216	2.321847346291525	0.06624651791930665	5.395363700617429
0.1848412916301976	2.3459217183464984	0.05798796281976834	5.506711312441775
0.1907087840730754	2.3592982834547045	0.0499191781997384	5.568780314664452
0.1967625307195655	2.36194930775662	0.042104693329061485	5.5805773376123105
0.2030084439127513	2.3539510676377744	0.034603799006233074	5.542283051738682
0.2094526236736326	2.335484750575521	0.02746986869690421	5.455243613857029
0.2161013636586608	2.3068357632624865	0.02074977741721544	5.321921791929682
0.2229611573063895	2.2683913957478588	0.014483428590161464	5.1458092940066456
0.2300387041792378	2.220636820834299	0.008703397079209314	4.9313036391657805
0.2373409165065648	2.1641494407392545	0.0034346944751684444	4.683554598978167
0.2448749259354433	2.0995916276415283	-0.0013053394856109635	4.408286706773575
0.2526480904957246	2.0277019406817134	-0.005507017739584904	4.111605487488771
0.2606680017862006	1.9492849386631188	-0.009168159602444026	3.799795827249375
0.2689424923888768	1.8651997443745556	-0.012293820333659567	3.479121224433304
0.2774796435186012	1.776347552237859	-0.014895901881960749	3.1556325142343096
0.2862877929155179	1.6836583255981412	-0.01699265230435804	2.8349941075882734
0.2953755429880539	1.5880768381675348	-0.018608064996864224	2.522334304007122
0.3047517692143924	1.4905485404277274	-0.019771188103510855	2.222125851250253
0.3144256288106374	1.3920053600521407	-0.020515360925742306	1.9380998024478033
0.324406569674135	1.2933518454303723	-0.020877393120108997	1.6731948616216412
0.3347043396106871	1.1954519528846748	-0.020896705560394854	1.4295420439590605
0.3453289958546672	1.0991167902119907	-0.020614452968604247	1.208482674197104
0.3562909148913379	1.0050936121373553	-0.02007264934045065	1.010616080410861
0.3676008025909617	0.9140563350391224	-0.01931331747955376	0.8358719878572184
0.3792697046646038	0.8265977991286132	-0.018377683515826256	0.6836016607756751
0.3913090174518366	0.7432239570052772	-0.017305436057533267	0.5526813283837235
0.4037304990508838	0.6643501096992537	-0.01613406759917697	0.4416213763947052
0.4165462808020721	0.5902992471262829	-0.014898313018013306	0.3486751608886391
0.4297688791358079	0.5213024820290922	-0.013629696536325007	0.27194204639736436
0.4434112077966485	0.4575014980720191	-0.01235619455304217	0.20946029628197435
0.4574865904554067	0.3989528671031728	-0.01110201745070427	0.15928664496131759
0.4720087737216078	0.3456340309867139	-0.009887509086599288	0.1195606462120623
0.4869919405690045	0.2974506928633857	-0.008729158418870078	0.08855311289160994
0.5024507241872653	0.2542453237625937	-0.007639713833468291	0.06469904988260336
0.5184002222733609	0.2158064650254239	-0.006628387435229606	0.04661636586676102
0.5348560117766095	0.1818784960499349	-0.005701134014727657	0.03311229025444007
0.5518341641117794	0.1521715405868444	-0.004860987715976152	0.023179806966148506
0.5693512608551063	0.126371202452314	-0.004108438660662818	0.015986560077472164
0.5874244099385578	0.1041478515189358	-0.0034418319200588856	0.010858621182976234
0.6060712623581574	0.08516522094988013	-0.0028577721938030237	0.0072612817213535755
0.6253100294126879	0.06908812411389485	-0.0023515192318778336	0.004778698536274831
0.6451595004896109	0.05558915144839328	-0.001917361261030168	0.0030938300329577035
0.66563906141557	0.044354260669420394	-0.0015489562662681943	0.0019696997050457046
0.6867687133894047	0.03508722528058366	-0.0012396337427338052	0.0012326500697065533
0.708569092516159	0.02751295378771566	-0.0009826522934902654	0.0007579282316548791
0.7310614899611688	0.021379733361663964	-0.0007714110470913796	0.00045768807361942174
0.7542678727439073	0.016460485473346585	-0.0005996151791293198	0.0002713071203812962
0.7782109051918986	0.012553146435500095	-0.0004613977549946323	0.00015779437331942285
0.8029139710756505	0.009480302602759378	-0.0003514016155094606	8.99996205352689e-05
0.8284011964462276	0.007088218518429091	-0.00026482608759891826	5.031297462167404e-05
0.8546974731977643	0.005245397304657181	-0.00019744393453306625	2.755317699098872e-05
0.8818284833779345	0.003840807152797529	-0.00014559420491310949	1.4772997257484942e-05
0.909820724270116	0.0027818971716262013	-0.00010615655415560228	7.75022108749205e-06
0.938701534271751	0.0019925114768512982	-7.651226440505708e-05	3.975956111988531e-06
0.968499119594172	0.0014107936322644188	-5.449664956908187e-05	1.993308557652087e-06
0.999242581809972	0.0009871556651481496	-3.834687038621851e-05	9.759467897025031e-07
1.0309619462748214	0.0006823680035692004	-2.6648462575738062e-05	4.6633623285266685e-07
1.0636881914514913	0.00046580974808348554	-1.8283152502015835e-05	2.1731299507501222e-07
1.0974532791647194	0.0003139034008516023	-1.237984188016978e-05	9.868860555117975e-08
1.1322901858164711	0.0002087450104955938	-8.270016986666206e-06	4.3642872587765315e-08
1.1682329345920783	0.00013692990539094867	-5.448299235470352e-06	1.877948295493338e-08
1.2053166286887074	8.856587099144179e-05	-3.5384123630581542e-06	7.856433866523753e-09
1.2435774855986177	5.6459673967751755e-05	-2.2644994107238395e-06	3.192822742125994e-09
1.283052872480684	3.545897743163003e-05	-1.4274777533489934e-06	1.259376773233154e-09
1.3237813426547325	2.192985387136276e-05	-8.859530333513015e-07	4.817034035966285e-10
1.3658026732543307	1.3349591049712368e-05	-5.411269298551475e-07	1.78504399548775e-10
1.409157904074807	7.994914095065322e-06	-3.251141890442454e-07	6.402435062339205e-11
1.453889377654435	4.708220704911384e-06	-1.9205101239872265e-07	2.2204225797519626e-11
1.5000407806279366	2.725253690905088e-06	-1.114780503580536e-07	7.439435035503438e-12
1.5476571863926811	1.5492952326771349e-06	-6.3570210980765e-08	2.4043568897202363e-12
1.5967850991292587	8.644685868369615e-07	-3.5602227460795684e-08	7.485734562280635e-13
1.647472499219414	4.739231984650986e-07	-1.953253773301468e-08	2.2498471807368088e-13
1.6997688901057009	2.533439306764259e-07	-1.0568877969083404e-08	6.429484839210706e-14
1.7537253466386236	1.3213921430719066e-07	-5.6486512662645806e-09	1.7492679218849535e-14
1.8093945649584784	6.714987912185178e-08	-2.9429032480630462e-09	4.5177669456067656e-15
1.8668309139606167	3.3728929709602835e-08	-1.4782003794222623e-09	1.1398257757170529e-15
1.9260904883943912	1.6575523440696564e-08	-7.264370749417644e-10	2.752756881569312e-16
1.98723116364764	7.964123417456332e-09	-3.4903480065357516e-10	6.35490871005436e-17
2.050312652270223	3.738555698909114e-09	-1.638455326095133e-10	1.4003644072401905e-17
