r	P
0.000261651984124774	0.00011774166266035862
0.00027852708726568566	0.00013333995732043533
0.00029649054105285346	0.00015099893878688775
0.00031561253807232064	0.00017098965834773491
0.00033596779794298724	0.00019361857578612188
0.00035763585928514496	0.00021923213463713256
0.0003807013905193641	0.0002482219182474053
0.0004052545207101872	0.0002810304582137782
0.0004313911917474072	0.00031815777514864315
0.00045921353324108663	0.0003601687409737155
0.000488830261595229	0.00040770136215318266
0.0005203571048194891	0.000461476094514506
0.0005539172547388857	0.0005223063126426289
0.0005896418483685365	0.0005911100703402988
0.0006276704803343917	0.0006689233033875273
0.0006681517483422711	0.0007569146418619418
0.0007112438338266278	0.0008564020166408131
0.00075711512004794	0.0009688712634181881
0.0008059448500539623	0.0010959969476348236
0.0008579238270758277	0.0012396656550988107
0.0009132551600958224	0.0014020020156913593
0.0009721550575001456	0.0015853977512692208
0.001034853671917878	0.0017925440634851768
0.0011015959995473816	0.0020264677024537862
0.0011726428374842686	0.002290571082582292
0.0012482718027917198	0.002588676836919825
0.0013287784172951928	0.0029250772253368385
0.0014144772623403757	0.0033045888338111905
0.0015057032080266334	0.003732613020900003
0.0016028127217191962	0.0042152025816528495
0.0017061852609531374	0.004759135106952946
0.0018162247561719369	0.005371993515319324
0.0019333611890944675	0.00606225422183008
0.002058052272877904	0.006839383381720272
0.0021907852406418352	0.007713941600379834
0.002332078749342263	0.008697697432161198
0.0024824849064349307	0.009803749891947097
0.002642591427247204	0.011046660069159824
0.0028130239314884866	0.012442591756013508
0.0029944483878728257	0.014009460771258747
0.00318757371640614	0.015767092367002945
0.0033931545585065446	0.017737385737479083
0.003611994225782093	0.01994448419137938
0.0038449478389883406	0.02241494898844936
0.004092925669431287	0.02517793415973124
0.004356896695872276	0.028265358810921928
0.004637892390833568	0.03171207243024024
0.004937010751099636	0.03555600756550697
0.005255420588163462	0.03983831287897698
0.005594366095382843	0.04460345801240185
0.005955171709692977	0.049899299879993045
0.006339247286872569	0.05577709793766275
0.006748093610585924	0.06229146364255531
0.007183308256727727	0.06950022671464812
0.0076465918359855745	0.0774641979504335
0.008139754639013185	0.08624680524103535
0.008664723710180476	0.0959135761576403
0.009223550377541313	0.1065314370565008
0.009818418268442462	0.1181677952285823
0.010451651842094884	0.1308893673221243
0.01112572547244864	0.1447607142989269
0.011843273116862865	0.1598424408085521
0.012607098608351365	0.1761890154141838
0.013420186611621084	0.1938461680000628
0.014285714285714284	0.2128478224493903
0.015207063698826562	0.2332125269238015
0.016187835043811806	0.2549393515302893
0.01723186070601401	0.2780032346655526
0.018343220238396307	0.3023497758143305
0.019526256302482805	0.3278894950528238
0.02078559163740288	0.3544916090066116
0.02212614712334476	0.3819774105357987
0.023553161010001832	0.4101133858422159
0.02507220938514712	0.4386042586347498
0.026689227963317463	0.467086216654209
0.02841053527974703	0.4951206508392559
0.03024285738018107	0.5221888204539099
0.03219335410304584	0.5476879462360202
0.034269647056672826	0.570929324337985
0.03647984940089896	0.5911391411714658
0.03883259754941493	0.6074627460711896
0.04133708491673944	0.6189731958501278
0.04400309784168616	0.6246849117751511
0.046841053827695336	0.6235732724045151
0.04986204224945488	0.6146008908083233
0.05307786768487292	0.5967511767769719
0.05650109604172253	0.5690695484964752
0.06014510365919943	0.5307123197030653
0.06402412957625807	0.4810028360053053
0.06815333117096575	0.4194938610340833
0.07254884338828686	0.3460345199327087
0.07722784178773094	0.2608393060613844
0.08220860965722472	0.1645557738475844
0.08751060945545694	0.058326624319090525
0.09315455886185875	-0.056158986581482086
0.09916251173138622	-0.1766308212219635
0.1055579442704378	-0.300225982064933
0.1123658467706413	-0.4235067904710089
0.1196128212589609	-0.5425139986431079
0.1273271854456962	-0.6528599755087268
0.1355390833765503	-0.7498644960516084
0.1442806032211436	-0.8287329922038245
0.1535859026582336	-0.8847737184040169
0.1634913423475874	-0.9136464836835104
0.1740356280100496	-0.9116317250827508
0.1852599616709876	-0.875905095819
0.1972082026581013	-0.8047997392550533
0.2099270389826991	-0.6980362720829902
0.2234661697741167	-0.5568994018192678
0.2378784994801449	-0.3843402490435017
0.2532203445923091	-0.1849851188010643
0.269551653703784	0.034964895790722234
0.2869362417598238	0.2679529534141064
0.3054420394160477	0.5054045537305039
0.3251413584789532	0.7381731317633253
0.3461111744658711	0.9570676940882376
0.3684334273884723	1.1534231213898152
0.3921953419351442	1.3196627075649283
0.4174897683033563	1.4497973618244646
0.4444155450138237	1.5398089216498747
0.4730778851241758	1.5878767140005134
0.5035887873512648	1.5944251602526187
0.5360674737085857	1.5619922829802175
0.5706408553688846	1.4949400702886737
0.6074440285723254	1.399043964103039
0.6466208025179823	1.2810080614833743
0.6883242613014116	1.1479547414277775
0.7327173620940814	1.006933731769369
0.7799735719020605	0.8644882006988353
0.830277545392114	0.7263062022508993
0.8838258464338268	0.596975930316872
0.9408277161771956	0.4798532409290334
1.0015058906669694	0.3770399626104569
1.0660974711885844	0.289461952298016
1.1348548507465903	0.2170274116491011
1.2080467002958	0.1588397399616074
1.285959018578883	0.113436223750305
1.3688962496726695	0.07902472714772937
1.4571824726099956	0.053695047005689965
1.5511626677255657	0.035588738173246814
1.6512040646741095	0.023019496082771904
1.7576975773882364	0.014544027763320852
1.8710593315831228	0.008989500056134237
1.991732290776788	0.005447448638180775
2.1201879871796656	0.0032453961158925865
2.2569283642169635	0.0019067740429193195
2.4024877378835066	0.0011077505458245483
2.557434884595095	0.0006369623173425179
2.722375263694714	0.00036155730170835695
2.89795338329807	0.00020079485382599465
3.0848553187230587	0.00010692837978010154
3.283811393343984	5.222940662136631e-05
3.4955990323460053	2.0691670701535887e-05
3.7210458005309537	3.00790724238142e-06
3.9610326360447714	-6.33401859737892e-06
4.216497292662462	-1.0674552682306946e-05
4.488438004081345	-1.2077568496366086e-05
4.777917384540928	-1.1829764386366969e-05
5.08606658101113	-1.0729743091596338e-05
5.414089693173651	-9.263905119298488e-06
5.763268478467644	-7.71831950359843e-06
6.1349673605847705	-6.251735246412578e-06
6.530638760984414	-4.943511492766003e-06
6.951828774262103	-3.824819704566967e-06
7.400183209547744	-2.898640235172729e-06
7.8774540215405535	-2.1523544991540246e-06
8.385506156310127	-1.565546335161847e-06
8.926324838613727	-1.1147654595128751e-06
9.502023329205167	-7.763889856150631e-07
10.114851182447136	-5.282923430788562e-07
10.767203036493733	-3.5076371124951395e-07
11.461627970391127	-2.2692517560579815e-07
12.200839464659309	-1.4282441180586528e-07
12.987726004276176	-8.730565031174258e-08
13.82536236549538	-5.1738709937653e-08
14.71702163060134	-2.9667376685288483e-08
15.666187977549408	-1.6425996938023294e-08
16.676570294466934	-8.762159145818092e-09
17.752116672214225	-4.492528899517769e-09
18.897029831635397	-2.2083943361274766e-09
20.115783545781365	-1.0380107222466094e-09
21.413140121275315	-4.6518325218339885e-10
22.794169007129277	-1.9815901320914694e-10
24.26426660372632	-7.998964589740402e-11
25.829177349372326	-3.0406788178057447e-11
27.495016166813528	-1.135397662084421e-11
