r	P	Q	rho
8.638393588571112e-05	-0.025875487094273	0.008101762158271238	0.0007351793824350846
8.91260563639076e-05	-0.02654242803858852	0.008311211459231195	0.000773576722103706
9.195522108985513e-05	-0.027226346730345387	0.008526029435089249	0.0008139671342089973
9.487419314458048e-05	-0.02792766285254733	0.0087463509936441	0.0008564530081095712
9.788582331871744e-05	-0.02864680572065907	0.008972314273184647	0.0009011419014139782
0.00010099305289670867	-0.029384214458533266	0.009204060710483304	0.0009481467929073378
0.00010419891652938732	-0.030140338174655463	0.009441735109445612	0.0009975863471595313
0.00010750654519774464	-0.03091563613896839	0.009685485709160892	0.001049585191299448
0.00011091916927077735	-0.0317105779581846	0.009935464256356712	0.0011042742044314448
0.0001144401216604016	-0.03252564375206193	0.010191826074533068	0.0011617908202195772
0.00011807284107651462	-0.033361324327928724	0.010454730136398945	0.0012222793431381773
0.0001218208753853832	-0.03421812135454742	0.010724339135721912	0.0012858912789325111
0.00012568788507463883	-0.03509654753438796	0.011000819560168525	0.0013527856798289403
0.00012967764682826348	-0.03599712677408631	0.011284341764554518	0.001423129505048911
0.00013379405721505774	-0.03692039435267436	0.011575080044556846	0.0014970979971948865
0.0001380411364941936	-0.03786689708713984	0.011873212710795849	0.0015748750750838438
0.00014242303254156802	-0.03883719349485397	0.012178922163213732	0.0016566537436143462
0.00014694402490079297	-0.03983185395236676	0.012492394965663869	0.0017426365212608198
0.00015160852896277716	-0.0408514608500352	0.01281382192061914	0.0018330358857952982
0.0001564211002779821	-0.04189660874191136	0.013143398143899622	0.0019280747388418674
0.00016138643900556407	-0.042967904490276966	0.013481323139311613	0.002027986889872102
0.00016650939450374677	-0.044065967404169355	0.013827800873081372	0.002133017560250906
0.00017179497006590804	-0.04519142937119768	0.01418303984795744	0.0022434239079406975
0.00017724832780700633	-0.04634493498190181	0.01454725317684574	0.0023594755734679543
0.00018287479370511864	-0.047527141645855205	0.014920658655830948	0.0024814552477490075
0.00018867986280301455	-0.048738719698660296	0.015303478836426757	0.0026096592623615386
0.00019466920457484547	-0.04998035249892904	0.015695941096885664	0.002744398202834107
0.00020084866846319097	-0.05125273651428156	0.016098277712386568	0.0028859975455074924
0.00020722428959187017	-0.052556581395333354	0.01651072592390512	0.0030347983184986125
0.00021380229466009705	-0.053892610036575965	0.01693352800555798	0.003191157787269465
0.0002205891080237357	-0.05526155862298559	0.01736693133019705	0.0033554501652694525
0.00022759135796959672	-0.056664176661121134	0.017811188433014328	0.0035280673500790883
0.0002348158831888997	-0.05810122699339601	0.018266557072901327	0.0037094196854356907
0.00024226973945622673	-0.05957348579412542	0.01873330029128952	0.003899936749466491
0.0002499602065204871	-0.06108174254586627	0.019211686468179813	0.004100068169391133
0.0002578947952146268	-0.0626267999944751	0.019701989375049477	0.004310284462882548
0.0002660812547910224	-0.06420947408121501	0.020204488224304307	0.004531077906192274
0.0002745275804897263	-0.06583059385014213	0.020719467714922148	0.004762963429052072
0.0002832420213469544	-0.06749100132889668	0.021247218073910727	0.005006479536257453
0.0002922330882514403	-0.06919155138091324	0.02178803509317885	0.005262189255719149
0.000301509562256527	-0.0709331115269482	0.022342220161394186	0.00553068111263468
0.000311080503156112	-0.07271656173370078	0.022910080290374182	0.005812570129282508
0.0003209552583328224	-0.07454279416717502	0.023491928135528414	0.006108498849774654
0.00033114347188706095	-0.07641271290829636	0.02408808200984058	0.006419138388918527
0.0003416550940558396	-0.07832723362815555	0.0246988658908474	0.0067451895041337265
0.00035250039093059833	-0.08028728322010355	0.02532460942003848	0.007087383689142622
0.0003636899544835013	-0.08229379938576897	0.025965647894066687	0.007446484287903839
0.0003752347129120012	-0.08434773017190464	0.026622322247122143	0.007823287626982046
0.0003871459413117756	-0.08645003345480307	0.027294979023784825	0.008218624164245424
0.0003994352726884591	-0.08860167636884211	0.0279839703416306	0.008633359651450297
0.000412114709318924	-0.09080363467553768	0.02868965384282369	0.009068396307909557
0.00042519663447320886	-0.09305689206928729	0.029412392633884166	0.009524674002044747
0.0004386938245085389	-0.09536243941578704	0.030152555212773345	0.010003171437188998
0.0004526194613472533	-0.09772127391889449	0.030910515382391285	0.010504907337536656
0.00046698714535082353	-0.1001343982114914	0.03168665214953037	0.011030941629622868
0.00048181090860253733	-0.1026028193656735	0.03248134960827576	0.011582376614160061
0.0004971052286118206	-0.1051275478173565	0.03329499680678868	0.012160358122454647
0.0005128850424535802	-0.1077095962001449	0.03412798759635052	0.012766076650974924
0.0005291657613563788	-0.1103499780830515	0.03498072046148589	0.013400768466934564
0.0005459632857536873	-0.1130497066063961	0.03585359832991982	0.014065716676995469
0.0005632940208129156	-0.1158097930099339	0.036747028361059295	0.01476225225037223
0.000581174892457388	-0.1186312450469862	0.03766142171162112	0.015491754986738654
0.00059962336389691	-0.12151506527805	0.038597193276957535	0.01625565441838757
0.0006186574526830724	-0.1244622492370662	0.03955476140655796	0.017055430635079312
0.000638295748305948	-0.127473783463213	0.04053454759212853	0.017892615018924647
0.0006585574303493684	-0.130550643390776	0.041536976126572846	0.018768790875485043
0.0006794622872225102	-0.1336937910893166	0.04256247373211513	0.019685593946030817
0.0007010307354860868	-0.1369041728460292	0.04361146915572303	0.020644712784576025
0.0007232838397920173	-0.1401827165818332	0.044684392729899776	0.021647888981902494
0.0007462433334560509	-0.1435303290923992	0.04578167589682575	0.022696917217294416
0.0007699316396834352	-0.1469478931049527	0.04690375069373659	0.0237936451171248
0.0007943718934683587	-0.1504362641413401	0.04805104919733057	0.02493997289776733
0.0008195879641885585	-0.1539962671774791	0.049224002924899465	0.02613785276854804
0.000845604478917156	-0.1576286930889458	0.0504230421897779	0.027389288068601192
0.0008724468464744897	-0.1613342948720878	0.05164859540860368	0.028696332109555415
0.0009001412822434363	-0.1651137836296794	0.05290108835777739	0.03006108669394596
0.0009287148337724546	-0.1689678243097745	0.054180943376404125	0.03148570027713593
0.0009581954071913552	-0.1728970311860466	0.05548857851289184	0.03297236573833013
0.0009886117944655987	-0.1769019630675518	0.056824406612273205	0.034523317723990414
0.0010199937015157397	-0.1809831182255037	0.05818883434120743	0.036140829524615135
0.0010523717772294718	-0.1851409290243135	0.05958226114750904	0.03782720944343586
0.001085777643394622	-0.1893757562438283	0.061005078150940535	0.03958479661312423
0.0011202439255823126	-0.1936878830794005	0.06245766696189616	0.04141595621410265
0.0011558042850104665	-0.1980775088061399	0.06394039842449613	0.043323074045529736
0.0011924934514187628	-0.202544742093451	0.06545363128050376	0.04530855039750672
0.00123034725698716	-0.2070895939557352	0.06699771075037438	0.04737479317054211
0.0012694026713311064	-0.2117119703249567	0.06857296702764384	0.049524210185849675
0.0013096978376076192	-0.2164116642306324	0.0701797136827691	0.05175920062766743
0.0013512721097674917	-0.2211883475727141	0.07181824597244134	0.05408214555650587
0.0013941660909900131	-0.2260415624728016	0.07348883905030908	0.0564953974301077
0.0014384216733377402	-0.2309707121891575	0.07519174607497132	0.05900126856696959
0.0014840820786700413	-0.2359750515811	0.076927196211034	0.061602018485593726
0.0015311919008553798	-0.2410536771085404	0.0786953925189663	0.06429984005126263
0.0015797971493235576	-0.2462055163527149	0.08049650972945004	0.0670968443611304
0.0016299452940004562	-0.2514293170445464	0.08233069189788435	0.06999504429787139
0.0016816853116691575	-0.2567236355875772	0.08419804993469641	0.07299633668210877
0.001735067733802727	-0.2620868250630443	0.08609865900711297	0.07610248295444991
0.0017901446959153716	-0.2675170227054494	0.08803255580807369	0.07931508831928955
0.00184696998848017	-0.2730121368379078	0.08999973568801926	0.08263557928471384
0.0019055991094631087	-0.2785698332576737	0.09200014964536073	0.08606517953597691
0.001966089318524724	-0.284187521063545	0.0940337011715451	0.08960488408426227
0.0020284996929422878	-0.2898623379183631	0.0961002429467702	0.09325543163792757
0.002092891185307159	-0.2955911347415768	0.0981995733825769	0.0970172751503331
0.002159326683053644	-0.3013704598288393	0.1003314330077632	0.10089055050683733
0.002227871069877502	-0.307196542397889	0.1024955006943247	0.10487504332379834
0.0022985912891040853	-0.3130652755625464	0.1046913897204343	0.10897015384464895
0.002371556409068004	-0.3189721987395715	0.1069186436678381	0.11317485993252684
0.002446837690568158	-0.3249124794963916	0.1091767321514646	0.11748767817576575
0.0025245086564640263	-0.3308808948513616	0.1114650463795288	0.1219066231420283
0.002604645163481176	-0.336871812042288	0.1137828945429708	0.12642916483923144
0.0026873254762961258	-0.3428791687834651	0.1161294970336936	0.1310521844669386
0.0027726303439729143	-0.3488964530364713	0.1185039814917835	0.1357719285708356
0.002860643078826024	-0.3549166823254916	0.1209053776826919	0.14058396174552829
0.002951449637786685	-0.3609323826340081	0.1233326122062567	0.14548311806748096
0.0030451387063520274	-0.3669355669263663	0.12578450304044	0.1504634514807043
0.0031418017851990495	-0.3729177133450246	0.128259753923768	0.15551818540306747
0.0032415332795480314	-0.3788697431422707	0.1307569485816861	0.16063966187108386
0.003344430591362628	-0.3847819984138756	0.1332745448033978	0.16581929059592865
0.0034505942144767163	-0.3906442197116014	0.1358108683772409	0.17104749836346617
0.003560127832740897	-0.3964455236217246	0.1383641068942892	0.1763136792763577
0.003673138421284489	-0.4021743804078182	0.1409323034316467	0.18160614640696224
0.0037897363509919327	-0.4078185918280055	0.1435133501288472	0.18691208550578242
0.003910035496295632	-0.4133652692497847	0.1461049816728801	0.19221751149157962
0.0040341533463905	-0.4188008121993728	0.1487047687096526	0.19750722853584562
0.004162211119978843	-0.4241108874973667	0.1513101112021734	0.20276479464581812
0.004294333883657628	-0.429280409148389	0.1539182317584064	0.20797249174624277
0.004430650674063776	-0.4342935191693285	0.1565261689546136	0.21311130236008816
0.004571294623896757	-0.4391335695587979	0.1591307706830811	0.21816089409164294
0.004716403091941568	-0.443783105629554	0.1617286875564113	0.22309961322093116
0.004866117797219098	-0.4482238509458529	0.1643163664040733	0.2279044888249678
0.0050205849573948585	-0.4524366941290572	0.1668900439006378	0.23255124894758686
0.005179955431581309	-0.4564016778172586	0.16944574036908	0.2370143504436344
0.005344384867673185	-0.4600979900882055	0.1719792538067224	0.24126702422312352
0.005514033854359773	-0.4635039586794027	0.1744861541858011	0.2452813377140286
0.005689068077962562	-0.4665970483648163	0.1769617780852801	0.24902827644586267
0.005869658484251465	-0.4693538618741156	0.1794012237153914	0.2524778467267263
0.006055981445397624	-0.4717501447677029	0.1817993464014493	0.25559920144034276
0.006248218932225886	-0.4737607947088307	0.1841507545987501	0.2583607910224319
0.00644655869193514	-0.4753598756027139	0.186449806515823	0.2607305416828155
0.00665119443146012	-0.4765206371015674	0.188690607428909	0.2626760629155743
0.006862326006653721	-0.4772155400037019	0.1908670077763032	0.2641648862785042
0.00708015961747462	-0.477416288103972	0.1929726021270628	0.2651647373186645
0.007304908009370807	-0.4770938670816926	0.1950007291245282	0.26564384236606137
0.007536790681055725	-0.4762185910402961	0.1969444725110861	0.2655712717050748
0.007776034098879917	-0.4747601573401102	0.198796663346574	0.26491732035533727
0.008022871918007577	-0.4726877103912729	0.2005498835386295	0.2636539273423017
0.008277545210614001	-0.4699699150974565	0.2021964708090641	0.2617551339043512
0.008540302701326767	-0.4665750406622146	0.2037285252259119	0.25919758055967224
0.00881140101014067	-0.4624710554877545	0.2051379174361004	0.2559610423339781
0.009091104903043568	-0.4576257339100975	0.2064162987386051	0.2520290007217004
0.009379687550597971	-0.4520067755241392	0.2075551131423954	0.24738925011128213
0.009677430794730863	-0.4455819378562321	0.2085456115573365	0.2420345354435386
0.009984625423992368	-0.4383191831396334	0.2093788682693527	0.23596321678595045
0.01030157145755206	-0.430186839938506	0.2100457998534529	0.22917995529235455
0.01062857843821026	-0.4211537803480026	0.2105371866795112	0.221696413676337
0.010965965734710544	-0.4111896134701353	0.2108436971658247	0.21353196286027326
0.01131406285364866	-0.4002648958263489	0.21095591493426	0.20471438487662866
0.011673209761282489	-0.3883513593166154	0.2108643690180551	0.19528056040444544
0.01204375721555738	-0.3754221572700082	0.2105595672688671	0.18527712753771935
0.012426067108671078	-0.3614521290515763	0.2100320331032219	0.1747610965253903
0.01282051282051282	-0.3464180835933259	0.2092723457199096	0.1638004033235859
0.01322747958332183	-0.3302991021015899	0.2082711839088251	0.15247438289590015
0.013647364857921273	-0.3130768600573194	0.2070193735580402	0.14087414133171375
0.0140805787218952	-0.2947359684681651	0.2055079389492327	0.12910280408002875
0.014527544270087516	-0.2752643341498773	0.2037281579117402	0.11727561598108625
0.01498869802781416	-0.2546535386078725	0.2016716208821695	0.10551986739475272
0.01546449037719206	-0.2328992348561068	0.199330293889411	0.09397461965859896
0.01595538599700122	-0.2100015612481237	0.1966965854538221	0.08279020245584218
0.016461864316509506	-0.1859655711028619	0.1937634173539922	0.07212745554031094
0.016984419983703404	-0.1608016765842695	0.1905242991746581	0.06215668776830663
0.017523563348382003	-0.1345261049379594	0.1869734065047834	0.05305632764978185
0.018079820960586038	-0.1071613647993341	0.1831056626053768	0.045011241783810045
0.018653736084848733	-0.07873671986545601	0.1789168233121689	0.03821070071928916
0.019245869230770804	-0.04928866676753195	0.1744035648787036	0.03284597611412098
0.01985679870043761	-0.01886141349282473	0.1695635744007355	0.02910755868250107
0.020487121153213248	0.012492645814664437	0.1643956423931002	0.027181993437290736
0.021137452188463184	0.044712464394353085	0.1588997570156188	0.027248337251838985
0.02180842694677437	0.0777278900453803	0.1530771993653613	0.0294742538564493
0.02250070073026024	0.1114592318331462	0.1469306391691225	0.034011773087481906
0.023214949642556246	0.1458168528373897	0.1404642301227768	0.040992754515385366
0.023951871249131056	0.1807007960829538	0.1336837040339455	0.05052411042924879
0.024712185258558263	0.2160004514298665	0.1265964628319711	0.06268285941947277
0.025496634225414	0.2515942718321442	0.1192116674155491	0.07751109926674238
0.02630598427548688	0.2873495479950584	0.1115403222147042	0.0950110062127244
0.027141025854008648	0.3231222510572648	0.1035953542514902	0.11513998655080579
0.02800257449763613	0.3587569534843759	0.09539168539438769	0.13780612531577252
0.028891471630938567	0.3940868388698544	0.08694629641661174	0.16286409503099988
0.029808585388168215	0.4289338117814856	0.07827828139032576	0.19011170422681795
0.03075481146111664	0.4631087191494505	0.06940889087914584	0.2192872798853178
0.031731073973884937	0.4964116949458906	0.06036156233251423	0.2500680890862739
0.03273832638542214	0.5286326400349683	0.051161936039817134	0.2820700118096828
0.033777552420713224	0.5595518490544974	0.04183785497191523	0.31484867788895804
0.034849767031526216	0.5889407960016337	0.03241934682546502	0.34790227524362777
0.035956017387656754	0.6165630898111494	0.022938586593483107	0.3806762224723782
0.037097383899637966	0.6421756106098696	0.013429838016449704	0.4125698754113069
0.038274981273914814	0.6655298364787615	0.003929372324219076	0.44294540321030934
0.03948995960151322	0.6863733694285648	-0.005524637237640197	0.4711389238773286
0.04074350548126716	0.704451667869629	-0.0148922464905681	0.4964739313698379
0.04203684317870095	0.7195099911064553	-0.024131898263871503	0.5182769758158293
0.04337123582169832	0.7312955592884276	-0.03320060826496923	0.5358954754241381
0.044747986634126165	0.7395599297786345	-0.042054179737340325	0.5487174437675593
0.04616844020861764	0.7440615880438289	-0.05064744751487482	0.5561928107420766
0.04763398381975775	0.7445687479058458	-0.05893455179360475	0.557855901753192
0.049146048778953975	0.7408623523187916	-0.06686924161469228	0.5533485205574573
0.05070611183231509	0.73273926174424	-0.07440520768495847	0.5424429606321356
0.052315696602903326	0.7200156126938189	-0.08149644375224371	0.525064152867118
0.05397637507876872	0.7025303241100485	-0.08809763530186718	0.5013100496399505
0.055689769148218486	0.6801487239888868	-0.09416457384716882	0.47146925371152987
0.05745755218382134	0.6527662630515718	-0.09965459455192371	0.4360348323936222
0.05928145067669335	0.6203122764052152	-0.1045270343464933	0.39571322116829316
0.06116324592266157	0.5827537480651928	-0.1087437070852501	0.3514271247146728
0.06310477576195245	0.5400990270414806	-0.112269391643945	0.3043113753112555
0.06510793637410361	0.4924014375310223	-0.1150723281781387	0.2557008163949545
0.06717468412985242	0.4397627197471121	-0.1171247170659068	0.2071094490271458
0.06930703750180983	0.3823362322163155	-0.118403214351063	0.16020031563403211
0.07150707903578538	0.32032984116863	-0.1188894168018246	0.1167459005705977
0.07377695738468885	0.2540084181445681	-0.1185703290226738	0.07857919941285087
0.07611888940699496	0.1836958633703397	-0.117438804426603	0.047536043004524416
0.07853516233182034	0.1097765700515623	-0.1154939513173701	0.02538974812318462
0.08102813599272748	0.03269624375898642	-0.1127414948768382	0.013779689023011191
0.08360024513243734	-0.04703800821900751	-0.1091940855338446	0.01413592253278399
0.08625400178070115	-0.1288584000552775	-0.1048715440430702	0.02760252801478355
0.0889919977076543	-0.2121380808091501	-0.09980103366014528	0.05496281164902294
0.09181690695504759	-0.2961937086729462	-0.09401715009624513	0.09656993756965401
0.09473148844782883	-0.3802890469587831	-0.08756192050146694	0.15228684915872473
0.09773858868862481	-0.4636396304684344	-0.0804847035849613	0.2214394944520655
0.100841144537755	-0.5454185359550264	-0.07284198414611441	0.3027873340176673
0.1040421860814928	-0.6247632728333864	-0.06469705676911208	0.39451485623607013
0.1073448395913752	-0.7007837902517273	-0.05611959521417321	0.49424732964657964
0.11075233057745	-0.772571574318132	-0.04718510609958856	0.5990932716820263
0.1142679869384453	-0.8392097849912327	-0.037974267771641104	0.7057151082378232
0.1178952422119345	-0.8997843562967325	-0.028572157752362756	0.8104282560349511
0.1216376389276734	-0.9533959566058292	-0.019067374772884216	0.9093274148530738
0.1254988320673832	-0.9991726782685274	-0.00955106406756165	0.9984372638231248
0.1294825926343596	-1.0362832985560555	-0.00011585723907940452	1.0738830882891188
0.1335928113363924	-1.063950927299791	0.009145259477138562	1.132075211472989
0.1378335023855943	-1.0814668315166691	0.01814013240180101	1.1698995720742584
0.1422088074188487	-1.088204204394384	0.026778664861629744	1.184905487353386
0.1467229995427066	-1.0836316259850456	0.03497405900116474	1.1754806856380107
0.1513804875066814	-1.067325946523656	0.04264405373790353	1.1410031914418193
0.1561858200090189	-1.0389843111291073	0.04971213674265456	1.081959695311946
0.1611436901391467	-0.998435037418636	0.05610870786327957	1.00002071104324
0.1662589399611427	-0.9456470559044629	0.061772171382704	0.8980641554981125
0.1715365652426981	-0.8807376275492032	0.06664993489980409	0.780140982403147
0.1769817203341935	-0.8039780641087256	0.07069929342593145	0.6513791176589401
0.182599723202654	-0.7157971954205535	0.07388817848017572	0.5178250878910483
0.1883960606254992	-0.6167823540760714	0.07619575352683353	0.3862262651551423
0.1943763935491601	-0.5076776823286735	0.07761283902174067	0.2637603819156282
0.200546562617797	-0.3893796088851659	0.078142152625002	0.15772267583243385
0.2069125938775181	-0.262929394457092	0.0777983528136683	0.07518445017009309
0.2134807046616685	-0.1295027043984995	0.07660787721634468	0.022639717298119685
0.2202573096629394	0.009603766132951224	0.07460857052342532	0.005658671119485349
0.2272490271982261	0.1529885152695784	0.07184910082651888	0.028567779093969303
0.2344626856723541	0.2991641275819164	0.06838816771558055	0.09417611671534352
0.2419053302469856	0.4465785769341707	0.06429351038774905	0.2035660808545286
0.2495842297212207	0.593638595961647	0.05964072932964416	0.3559637992102875
0.2575068836306111	0.7387346888533497	0.05451194070222323	0.548700492194378
0.2656810295715216	0.8802672899218739	0.048994288202436	0.7772709419828637
0.2741146507579915	1.01667350607009	0.04317834265852023	1.035489387219586
0.2828159838184767	1.1464538305819307	0.03715642464634648	1.315736985548482
0.2917935268400863	1.268198182339908	0.031020889670783227	1.6092889252862135
0.3010560476681714	1.3806106117884012	0.024862418608660265	1.9067038012418156
0.3106125924693715	1.4825320251254843	0.018768357850310394	2.1982534567790672
0.3204724945664794	1.5729603126761842	0.012821153650612866	2.4743685272352915
0.3306453835537572	1.651067326274392	0.007096923438794619	2.7260736822131655
0.3411411947016012	1.7162122324658076	0.001664203180990568	2.9453871964374985
0.3519701786597448	1.7679508707342937	-0.003417095588792252	3.1256619578724103
0.3631429114684731	1.806040864723668	-0.008096492551302513	3.261849158243448
0.3746703048876274	1.8304423644571697	-0.012333491065966718	3.3506713646014283
0.3865636170534884	1.8413144329447504	-0.01609786742354136	3.390697982306234
0.3988344634739443	1.8390072250454856	-0.019369697580436905	3.382322758953855
0.4114948283726838	1.8240502338106044	-0.022139131461985102	3.327649396606412
0.4245570763934911	1.7971369940837782	-0.02440593360047864	3.230297025099389
0.4380339646760774	1.7591067300816907	-0.02617881637337198	3.095141818245409
0.4519386553152376	1.7109235094480568	-0.02747459805722966	2.928014108720461
0.4662847282155057	1.653653518671533	-0.02831722207258216	2.7353718248806502
0.481086194353859	1.5884411030595456	-0.028736676056163347	2.5239709344397827
0.4963575094634259	1.516484219292258	-0.028767849796127648	2.3005519765443423
0.5121135881515632	1.4390099317612843	-0.02844936975994979	2.0715589503473546
0.5283698184660858	1.3572505481256851	-0.02782244519305354	1.8429031388439931
0.5451420769238818	1.2724209614394726	-0.0269297568215716	1.6197803149130208
0.5624467440165837	1.1856975548218334	-0.025814414929888167	1.406545075528647
0.5803007202084457	1.098199340490249	-0.024519007711443924	1.2066429731923718
0.5987214424420451	1.010971384094286	-0.023084756562721024	1.0225960454430765
0.6177269011679335	0.9249709100850536	-0.021550789392805532	0.8560356210270254
0.6373356579148651	0.8410562249204186	-0.01995353856411621	0.7077737171786156
0.6575668634177654	0.7599785451770331	-0.018326265857342566	0.5779032411496737
0.6784402763211423	0.6823767398753677	-0.016698713184630853	0.46591686214495787
0.6999762824762081	0.6087749224520093	-0.01509687464091054	0.37083482183037325
0.7221959148505575	0.5395827589938883	-0.013542882860438992	0.2913329634796281
0.745120874069846	0.4750982967562212	-0.012055000496818118	0.22586371461764068
0.7687735496115325	0.4155130618326011	-0.010647705929176576	0.17276447819505722
0.7931770416713831	0.3609191283795512	-0.00933186098086458	0.13034970085962114
0.8183551837240906	0.3113178252527548	-0.008114947499950401	0.09698464069303173
0.8443325658000475	0.2666297203716546	-0.007001359081561596	0.07114042681445569
0.8711345585010013	0.2267055094470495	-0.005992734010048165	0.051431300874561436
0.8987873377780494	0.1913374343415763	-0.005088315662746425	0.03663590473670077
0.9273179104961716	0.1602708672833804	-0.004285327142508022	0.025705114928485255
0.956754140810268	0.133215719870025	-0.003579347777973537	0.01775923975100466
0.9871247773784622	0.1098573691773984	-0.002964680319535986	0.012077430891976248
1.0184594814392478	0.08986683569784998	-0.002434699120703259	0.008081975918152715
1.0507888557798988	0.07290999719368767	-0.0019821712697835688	0.0053197966937262985
1.084144474624436	0.05865567645563195	-0.0015995444541370796	0.003443046922928537
1.1185589144703398	0.046782496806178485	-0.0012791972198743329	0.0021902383529474345
1.1540657859041257	0.03698445436304221	-0.0010136491521406917	0.0013688773491355873
1.1906997664268526	0.028975208095962175	-0.0007957302662496242	0.0008401958708609377
1.2284966343216266	0.02249113537997917	-0.0006187104971152445	0.0005062339733597913
1.2674933035961742	0.017293240298267322	-0.00047639154517539186	0.00029928310891793144
1.3077278600346114	0.013168033121459123	-0.000363164438621062	0.00017352898469732346
1.3492395983936196	0.00992752150293144	-0.00027403697963002566	9.863077945737086e-05
1.3920690607793538	0.007408466872039592	-0.00020463575021295233	5.492725718437332e-05
1.436258076242566	0.005471063717863536	-0.00015118757299633617	2.9955395887151298e-05
1.481849801630611	0.0039971958389297	-0.00011048528100827612	1.5989781572076388e-05
1.528888763736236	0.002888413459231952	-7.984238803754417e-05	8.34930711839983e-06
1.577420902784315	0.0020637598829921595	-5.704081538652055e-05	4.262358509267771e-06
1.6274936172989996	0.001457557691176518	-4.027527389048315e-05	2.1260965207947756e-06
1.6791558103951103	0.0010172439607640245	-2.809727376043377e-05	1.0355747325036489e-06
1.7324579375389682	0.0007013230702022958	-1.9361087027054227e-05	4.922289004888435e-07
1.7874520558253226	0.00047748558258119166	-1.3173359184877446e-05	2.2816601896511378e-07
1.844191874818495	0.00032092344006100443	-8.84749039145431e-06	1.0307013246681599e-07
1.9027328090073925	0.0002128559306798314	-5.863404962610485e-06	4.534202674333275e-08
1.9631320319256265	0.0001392679886246717	-3.832913878510527e-06	1.9410263884361766e-08
2.0254485319895834	8.985246029701981e-05	-2.470553438866719e-06	8.079568255721817e-09
2.089743170108988	5.714092020146645e-05	-1.5695509768679653e-06	3.267548251739344e-09
2.156078739126224	3.580321781825267e-05	-9.824163698946297e-07	1.2828355480650822e-09
2.224520025142459	2.209361761036844e-05	-6.055786930421738e-07	4.884946646666491e-10
2.2951338707904703	1.3421034252344227e-05	-3.6745992288991697e-07	1.8025918719752725e-10
2.3679892405159646	8.021959674049234e-06	-2.1938819094985823e-07	6.439996819040036e-11
2.4431572879311534	4.715682341352083e-06	-1.288165847315447e-07	2.2254253657041758e-11
2.520711425306355	2.7248121173424727e-06	-7.435196903107902e-08	7.430129290115167e-12
2.6007273952674987	1.5471050431241847e-06	-4.215807225599161e-08	2.3953113175166272e-12
2.6832833447695545	8.6283910295946e-07	-2.3467638153584986e-08	7.450420476363933e-13
2.768459901418129	4.7175815329962203e-07	-1.2832356308078317e-08	2.2272042457308716e-13
2.856340252213771	2.540229615067297e-07	-6.854927564309312e-09	6.457465500456142e-14
2.9470102247958825	1.3484109878742377e-07	-3.5785915439070974e-09	1.81949282396379e-14
3.0405583712656004	6.988357500242835e-08	-1.8227919873230027e-09	4.8870366257490775e-15
3.137076054669492	3.506924284766266e-08	-9.147204455694025e-10	1.2306885074018814e-15
3.236657538228543	1.7217581292557224e-08	-4.4909078020214604e-10	2.9664678809467903e-16
3.3394000773995742	8.26438677980118e-09	-2.1556221189079527e-10	6.834655591334777e-17
3.445404014859004	3.875525064699499e-09	-1.0108635733587239e-10	1.5029912978753494e-17
