r	P	Q	rho
8.865719735638772e-05	0.0020009377125587017	0.0064191723330840715	4.520952517137165e-05
9.147147889979991e-05	0.0020552179623885103	0.006587259901898009	4.761591388807775e-05
9.437509532906183e-05	0.002111020075225564	0.006759715510764108	5.015015954447022e-05
9.73708824378589e-05	0.0021683895187535195	0.006936650701719577	5.281903606270683e-05
0.00010046176603763109	0.002227373271637383	0.007118179748412151	5.5629674621909495e-05
0.00010365076481504312	0.0022880198814970204	0.007304419715974877	5.8589582365248145e-05
0.00010694099328016068	0.0023503795253830687	0.00749549052177502	6.17066620753591e-05
0.00011033566480821162	0.0024145040727521884	0.007691514997124032	6.49892328683208e-05
0.00011383809477790309	0.0024804471518588963	0.007892618949595694	6.844605195668195e-05
0.00011745170380935952	0.002548264218423784	0.008098931226409612	7.208633753701169e-05
0.00012118002110484396	0.002618012627861433	0.008310583778439505	7.591979285810377e-05
0.00012502668789552486	0.0026897517105627126	0.008527711725057964	7.995663153016611e-05
0.00012899546099765562	0.0027635428506736846	0.00875045341968544	8.420760413759424e-05
0.00013309021648163884	0.0028394495684518893	0.008978950516032366	8.86840262211395e-05
0.00013731495345755928	0.0029175376063993084	0.009213348034991369	9.339780769863354e-05
0.0001416737979808829	0.0029978750193568296	0.009453794432132906	9.836148379671084e-05
0.0001461710070821356	0.003080532268758948	0.00970044166575446	0.00010358824756957032
0.00015081097292449805	0.0031655823212567774	0.009953445265428087	0.00010909198408452626
0.00015559822709337656	0.003253100751928325	0.010212964400985625	0.00011488730635799629
0.00016053744502213954	0.003343165852306152	0.010479161951875236	0.00012098959312965551
0.0001656334505583421	0.0034358587434643543	0.010752204576816997	0.0001274150285667648
0.000170891220674898	0.0035312634944191586	0.011032262783678503	0.00013418064399515516
0.00017631589033080037	0.0036294672461103673	0.011319510999484854	0.00014130436175804656
0.00018191275748613805	0.0037305603412445382	0.011614127640469828	0.00014880504130879182
0.000187687288276306	0.003834636460295008	0.011916295182067492	0.00015670252764878875
0.00019364512235046236	0.003941792763968834	0.012226200228734965	0.00016501770222719596
0.00019979207837944664	0.004052130042466414	0.012544033583488504	0.0001737725364247463
0.00020613415973853809	0.004165752871875938	0.012869990317025596	0.00018299014774987522
0.0002126775603706036	0.004282769778061996	0.013204269836295903	0.00019269485888159506
0.0002194286708353627	0.004403293408425709	0.013547075952373429	0.00020291225970005974
0.00022639408455067607	0.004527440711932528	0.013898616947471043	0.0002136692724525934
0.00023358060423195448	0.004655333127823552	0.014259105640926908	0.000224994220210125
0.00024099524853597604	0.004787096783446823	0.014628759453979585	0.000236916898776484
0.00024864525891560107	0.004922862701666529	0.01500780047313562	0.0002494686522209092
0.0002565381066920789	0.005062767018330553	0.015396455511919227	0.0002626824522124036
0.0002646815003518538	0.005206951210300262	0.01579495617077899	0.0002765929813432767
0.0002730833930749966	0.0053555623345708575	0.016203538894910774	0.0002912367206383603
0.00028175199050261385	0.005508753279036227	0.016622445029739478	0.00030665204145600305
0.0002906957587508216	0.005666683025478737	0.017051920873784796	0.0003228793019970665
0.0002999234326791098	0.00582951692539218	0.017492217728617625	0.00033996094864879867
0.00030944402442117247	0.0059974269892748965	0.01794359194559431	0.0003579416224016799
0.000319266832186536	0.0061705921900600804	0.01840630496903519	0.00037686827058916
0.00032940144934158087	0.006349198781381456	0.018880623375492407	0.0003967902642126861
0.00033985777377882573	0.00653344063140484	0.01936681890872878	0.0004177595211275863
0.0003506460175836248	0.006723519572989723	0.019865168510005592	0.0004398306353792937
0.00036177671700771927	0.0069196457709797534	0.020375954343251637	0.00046306101299411324
0.0003732607427593829	0.00712203810745706	0.020899463814659062	0.0004875110145443141
0.00038510931062021175	0.007330924585832591	0.021435989586223548	0.0005132441048238491
0.00039733399239892767	0.007546542754683193	0.021985829582716342	0.0005403270099885065
0.0004099467272328922	0.007769140152285806	0.02254928699154497	0.0005688298825329187
0.00042295983324836927	0.007998974772840133	0.023126670254926283	0.000598826474496625
0.0004363860195909249	0.008236315555413246	0.023718293053761465	0.0006303943193124516
0.00045023839883771095	0.008481442896682876	0.024324474282566053	0.0006636149227329097
0.00046453049980376	0.008734649188600447	0.02494553801477068	0.0006985739632942876
0.00047927628075479257	0.00899623938214044	0.02558181345766809	0.0007353615028037028
0.0004944901430394463	0.009266531578348999	0.02623363489624052	0.0007740722073617876
0.0005101869451542369	0.009545857647952015	0.02690134162505797	0.0008148055794630405
0.0005263820172549902	0.009834563880831098	0.027585277867392143	0.0008576662017473825
0.0005430911761289152	0.0101330116667245	0.028285792680643303	0.0009027639930103091
0.0005603307406419424	0.010441578208559458	0.02900323984712708	0.0009502144771154438
0.0005781175476764134	0.01076065726987212	0.029737977749216583	0.0010001390654925523
0.0005964689685746876	0.011090659957821034	0.030490369227780513	0.0010526653539463997
0.0006154029261047233	0.01143201554335004	0.031260781422801275	0.0011079274345475543
0.0006349379119642059	0.011785172320106042	0.03204958559499831	0.001166066223425717
0.000655093004840315	0.012150598503766022	0.032857156927219945	0.0012272298053396787
0.0006758878890427728	0.012528783173475878	0.0336838743043035	0.00129157379595609
0.0006973428737283658	0.012920237257150516	0.034530120070036766	0.001359261722832216
0.0007194789127357206	0.013325494562429933	0.03539627975978494	0.0014304654261663105
0.0007423176250497019	0.013745112855129029	0.036282741807275774	0.0015053654804536706
0.0007658813159154206	0.014179674987059646	0.037189897223961536	0.0015841516382674669
0.0007901929986224729	0.014629790075140538	0.03811813924929974	0.0016670232974716863
0.000815276416980684	0.015096094733744556	0.03906786297021569	0.00175418999326974
0.0008411560685093101	0.015579254362261487	0.04003946490792804	0.0018458719165972447
0.0008678572283623443	0.01607996448987867	0.041033342570234686	0.0019423004604819931
0.000895405974013292	0.01659895217959907	0.04204989396726976	0.002043718796119247
0.0009238292107235268	0.01713697749352715	0.043089517088653946	0.0021503824805470563
0.000953154697819098	0.017694835021455073	0.04415260933986923	0.002262560097955621
0.0009834110758016538	0.01827335547477485	0.04523956693559634	0.0023805339368277853
0.0010146278943199568	0.018873407347724396	0.046350784247658434	0.0025046007052861186
0.0010468356410293115	0.019495898647946024	0.047486653105117856	0.002635072287216783
0.0010800657713670894	0.020141778698292517	0.04864756204397511	0.0027722765419533977
0.0011143507392734277	0.020812040011757835	0.04983389550381965	0.0029165581505366254
0.0011497240288871103	0.02150772024133391	0.051046032968682875	0.003068279511819343
0.001186220187247584	0.022229904206500523	0.052284348049242126	0.0032278216919644784
0.001223874858035046	0.02297972599793956	0.05354920750342516	0.0033955854311852646
0.0012627248163815587	0.023758371161925383	0.054840970192363045	0.00357199221190746
0.001302808004787188	0.02456707896567757	0.05615998596854177	0.0037574853928926456
0.0013441635701762409	0.02540714474476724	0.05750659449290317	0.003952531414252755
0.001386831902129794	0.026279922333441647	0.058881123977552303	0.0041576210787116095
0.0014308546723318556	0.02718682657846913	0.060283889850633786	0.0043732709149311025
0.001476274875267681	0.028129335936805194	0.06171519333985234	0.004600024629220995
0.0015231368702139896	0.029108995157036327	0.06317531997102771	0.004838454652494098
0.0015714864245621003	0.03012741804416692	0.06466453797799611	0.005089163789915696
0.0016213707585162828	0.031186290306871416	0.06618309662009873	0.0053527869813297865
0.0016728385912109945	0.032287372485834985	0.06773122440343468	0.005629993181227479
0.00172594018829203	0.03343250296124484	0.06930912720200151	0.0059214873677568705
0.001780727411008062	0.03462360103686635	0.07091698627480421	0.006228012691060861
0.0018372537668605129	0.03586267009743723	0.07255495617498314	0.006550352772071343
0.0018955744618612276	0.03715180083533218	0.07422316254699614	0.006889334163785999
0.001955746454448981	0.03849317454158372	0.07592169980789105	0.007245828988008353
0.00201782851111748	0.03988906645538488	0.07765062870872429	0.007620757761542267
0.0020818812638091896	0.041341849165137765	0.07940997377222278	0.008015092426898112
0.002147967269131032	0.04285399605294176	0.08119972060285002	0.008429859603686455
0.0022161510694497927	0.044428084773126285	0.08301981306552854	0.008866144078043398
0.0022864992559269094	0.04606680075401878	0.08487015032939078	0.009325092548643856
0.0023590805335541925	0.04777294071058542	0.0867505837730832	0.009807917649107836
0.0024339657882540035	0.04954941615388577	0.08866091374833715	0.010315902267881035
0.0025112281561094248	0.05139925688142663	0.09060088619874856	0.01085040418796147
0.002590943094792027	0.05332561443047811	0.09257018913098013	0.011412861070133447
0.0026731884572569965	0.055331765474213646	0.09456844893591997	0.012004795804639083
0.0027580445677776026	0.05742111513814332	0.0965952265577032	0.01262782225744192
0.002845594300393254	0.059597200211714475	0.09865001350893213	0.01328365143838767
0.002935923159847761	0.06186369222714445	0.1007322277309226	0.013974098119609302
0.003029119365096861	0.06422440037451145	0.1028412092983642	0.014701087933415498
0.0031252739354665545	0.06668327421885263	0.1049762159684138	0.015466664979593755
0.0032244807795463928	0.06924440618148657	0.1071364185749546	0.01627299997249457
0.0033268367869045586	0.07191203374398127	0.1093208962695516	0.01712239895837356
0.003432441922714276	0.07469054132911315	0.1115286316115223	0.01801731263317461
0.0035413993253839986	0.07758446180879827	0.1137585055105305	0.018960346290150278
0.0036538154072867095	0.08059847758430885	0.1160092920262073	0.01995427042533018
0.003769799958686712	0.08373742117911008	0.1182796530305091	0.021002032026745294
0.003889466254965405	0.08700627527934943	0.1205681327398503	0.022106766570360092
0.00401293116725078	0.09041017215139888	0.1228731521255079	0.023271810741703786
0.004140315276558671	0.09395439235988153	0.1251930032123835	0.024500715897050426
0.004271742991557232	0.09764436270330126	0.1275258432779461	0.025797262271485124
0.0044073426700696715	0.1014856532777392	0.1298696889650673	0.027165473933092817
0.004547246744433875	0.1054839735720815	0.1322224103245048	0.028609634472577302
0.004691591850841408	0.1096451674909015	0.1345817248050033	0.030134303405597487
0.004840518962782136	0.1139752071934523	0.1369451912113708	0.03174433325070929
0.0049941735287248636	0.1184801856292333	0.1393102036534502	0.033444887228703354
0.005152705614168408	0.1231663076423042	0.1416739855116661	0.0352414575089985
0.005316270048201868	0.1280398795079555	0.1440335834477663	0.037139883905216414
0.005485026574717215	0.133107296756531	0.1463858614925265	0.03914637289474036
0.005659140008421872	0.1383750301301808	0.1487274952455239	0.041267516805535774
0.0058387803958036815	0.1438496095091496	0.1510549662256394	0.04351031297736389
0.006024123181205451	0.1495376056349311	0.1533645564146915	0.04588218266330327
0.006215349378171246	0.1554456094483166	0.1556523430405646	0.04839098939077617
0.006412645746231831	0.1615802088511192	0.1579141936503455	0.05104505644861013
0.006616204973301854	0.1679479626912537	0.1601457615283323	0.05385318310763222
0.006826225863866965	0.1745553717620174	0.162342481518315	0.05682465911650056
0.007042913533144609	0.1814088465979732	0.1644995663142412	0.05996927694158042
0.007266479607408163	0.1885146718419263	0.1666120032882534	0.06329734113939411
0.007497142430670039	0.1958789669502912	0.1686745519301004	0.0668196741623334
0.007735127277925613	0.2035076429978379	0.1706817419770668	0.07054761780286145
0.007980666575166228	0.2114063553376208	0.1726278723187914	0.07449302937844934
0.008234000126376198	0.2195804518680473	0.1745070107666393	0.0786682716492838
0.008495375347735422	0.2280349166568224	0.1763129947826059	0.08308619534389515
0.008765047509256418	0.2367743086711964	0.1780394332680171	0.0877601130451197
0.009043279984091742	0.2458026953658691	0.1796797095175085	0.09270376306142249
0.009330344505755242	0.2551235808844365	0.1812269854488427	0.09793126177817264
0.009626521433508445	0.2647398286377867	0.1826742072240006	0.1034570428520818
0.00993210002617115	0.2746535780337889	0.1840141123815818	0.109295781482344
0.010247378724623748	0.284866155147446	0.1852392386047817	0.11546230186736803
0.010572665443277117	0.2953779771398807	0.1863419342529887	0.12197146584039303
0.01090827787079474	0.3061884502586448	0.1873143707882518	0.12883804057558929
0.011254543780360823	0.3172958612814432	0.188148557230405	0.13607654317421583
0.011611801349797307	0.328697262301057	0.1888363567763519	0.14370105988477552
0.011980399491842555	0.3403883487916612	0.1893695057197972	0.15172503768967388
0.012360698194914156	0.3523633309465367	0.1897396348073979	0.16016104601258327
0.01275306887468874	0.3646147983350479	0.189938293165742	0.169020506375623
0.013157894736842105	0.3771335779934156	0.189956974930573	0.17831338797489005
0.013575571151303985	0.3899085861399648	0.189787148705091	0.1880478673592747
0.014006506038392886	0.4029266737919002	0.1894202899677779	0.19822995070448143
0.014451120267208234	0.4161724666579705	0.1888479165418219	0.20886305758636647
0.014909848066668768	0.4296281997903075	0.1880616272276525	0.2199475656905729
0.015383137449598742	0.4432735475999495	0.1870531436871256	0.23148031656508117
0.01587145065027606	0.4570854499746664	0.1858143556523199	0.24345408334503008
0.016375264575869675	0.4710379353852514	0.1843373695134904	0.2558570023711534
0.016895071272207123	0.4851019420278618	0.1826145603192901	0.2686719717998106
0.017431378404327177	0.4992451382256227	0.1806386271976889	0.28187602167778675
0.017984709752286793	0.5134317435027145	0.1784026521779278	0.2954396615403559
0.01855560572270672	0.5276223519485727	0.1759001623621571	0.3093262133947767
0.01914462387655528	0.5417737597084145	0.1731251953599777	0.3234911399770213
0.019752339473685827	0.5558387986686338	0.1700723678598208	0.3378813804148363
0.02037934603465965	0.5697661786509219	0.1667369471678679	0.35243470788533465
0.02102625592040307	0.5835003406862193	0.163114925497999	0.3670791265011517
0.021693700930264844	0.5969813242073341	0.159203096745066	0.38173232746556096
0.022382332919057904	0.6101446512754206	0.154999135418687	0.3963012274605451
0.023092824433688135	0.6229212312381652	0.1505016773558796	0.41068161521420504
0.023825869369991936	0.6352372895036357	0.145710401768401	0.42475793515943466
0.024582183650423976	0.6470143243998886	0.1406261141149274	0.43840323994970887
0.02536250592325717	0.658169096372599	0.1352508292195547	0.45147934622450064
0.02616759828397753	0.6686136540464717	0.1295878539870064	0.46383723027833257
0.02699824701957864	0.6782554019356268	0.1236418689919606	0.47531770202268386
0.02785526337648256	0.686997214827409	0.1174190081457149	0.4857523966545407
0.02873948435283708	0.6947376040762178	0.1109269355687814	0.4949651235522441
0.02965177351596327	0.7013709412212888	0.1041749187238093	0.5027736108807489
0.030593021845751592	0.7067877444763321	0.09717389679046903	0.5089916819593856
0.031564148604830235	0.7108750337201585	0.08993654319367733	0.5134318953682646
0.032566102236355594	0.7135167596357094	0.08247732112999241	0.5159086747818226
0.033599861290301666	0.7145943125891947	0.074812530875455	0.5162419463608146
0.034666435379153045	0.7139871166995513	0.06696034760297143	0.5142612909640495
0.035766866163934805	0.711573314308622	0.05894084839000662	0.5098106052450908
0.03690222837154246	0.7072305457111275	0.05077602705944129	0.5027532497108004
0.03807363084436528	0.7008368285269897	0.04248979546959514	0.4929776429388172
0.039282217623228366	0.6922715404827178	0.03410796985537078	0.48040323936997004
0.040529169064710935	0.68141650859914	0.02565824082306209	0.4649868035135762
0.041815702993932086	0.6681572068454463	0.017170125618534333	0.4467288662732648
0.04314307589392991	0.6523840632004184	0.00867490132426894	0.42568021983087334
0.04451258413279564	0.6339938757476166	0.0002055176973471156	0.4019482767230082
0.04592556522976107	0.612891335910106	-0.008203511559869106	0.3757030872355874
0.04738339916147599	0.5889906551916815	-0.016516240199359888	0.34718277809344916
0.04888750970975136	0.5622172898274339	-0.024695444466987408	0.31669814595832685
0.05043936585208435	0.5325097555519803	-0.032702802587303806	0.28463611305509395
0.05204048319632339	0.4998215222677985	-0.040499099301025576	0.2514617311662937
0.05369242546087447	0.4641229757428757	-0.04804445582807554	0.2177184063482379
0.05539680600189421	0.4254034305964561	-0.05529858535526104	0.1840260123055269
0.05715528938896109	0.3836731757614546	-0.06222107383190096	0.1510765678276749
0.05896959303076401	0.3389655303681556	-0.06877168549683721	0.11962717550384089
0.0608414888523958	0.291338884612078	-0.0749106921547067	0.09048995748610694
0.06277280502588951	0.2408786966965211	-0.08059922476747562	0.06451878155533265
0.06476542775568804	0.1876994134368341	-0.08579964542970162	0.042592648960394094
0.06682130312079054	0.1319462786517506	-0.09047593725510608	0.025595715672235307
0.06894243897537486	0.07379699013403249	-0.0945941091222075	0.01439404123346659
0.0711309069097522	0.01346316288917992	-0.09812261161486764	0.009809303665102749
0.0733888442735692	-0.04880844642816951	-0.1010327598593707	0.012589883007532759
0.0757184562632333	-0.1127350012379592	-0.1032991583159802	0.023379896612912603
0.0781220180756001	-0.1779969819541134	-0.1049001219459944	0.04268696116905747
0.08060187713002613	-0.2442379680576284	-0.1058180875646727	0.07084965269676385
0.08316045536095715	-0.3110648552991403	-0.1060400086286391	0.10800582763223694
0.08580025158329094	-0.3780485569716961	-0.1055577262187267	0.1540631449928494
0.08852384393282489	-0.4447252359655146	-0.1043683085927984	0.20867327934310426
0.09133389238417151	-0.5105981107663198	-0.1024743514257882	0.2712114234182709
0.09423314134860146	-0.575139873580869	-0.09988423075346939	0.3407627337358303
0.09722442235435065	-0.6377957522891949	-0.09661230071763478	0.4161173582880948
0.1003106568120096	-0.6979872398896934	-0.09267902849513689	0.49577558937163474
0.1034948588676959	-0.7551165055188973	-0.08811105929773187	0.5779644956776393
0.1067801383467953	-0.8085714900376753	-0.08294120506301282	0.6606670979990511
0.1101697037911482	-0.8577316766749361	-0.0772083514194662	0.741664758700509
0.113666865592646	-0.901974513455512	-0.07095727869194485	0.818592958322674
0.1172750392262991	-0.940682449308267	-0.06423839409874317	0.8890100417129859
0.1209977485859328	-0.9732505300984674	-0.057107373849360966	0.9504778464849185
0.12483862942577	-0.9990944846417656	-0.04962471554547283	1.0006524016345644
0.1288014329112617	-1.0176592143568155	-0.041855203071915696	1.0373821345895222
0.1328900292826322	-1.0284275839462729	-0.03386728799012266	1.058810288617374
0.1371084116347185	-1.0309293947249771	-0.02573239326178363	1.0634775729709869
0.1414606998167941	-1.0247504073105724	-0.017524146885113976	1.0504204930072352
0.1459511444561868	-1.0095412667275605	-0.009317554673712466	1.019260386050985
0.15058413110962	-0.9850261709186086	-0.0011881229094170176	0.9702779690306237
0.155364184546331	-0.9510111135687924	0.00678905707410257	0.9044682294273101
0.1602959731671509	-0.9073915243868076	0.014540249190498749	0.8235707973755362
0.165384313563861	-0.8541591249092603	0.02199402367089283	0.7300715477429891
0.170634175223278	-0.7914078158629102	0.02908220407240168	0.6271721056026108
0.1760506853806639	-0.7193384135102912	0.03574079486930465	0.5187251575693923
0.1816391340271986	-0.6382620576078174	0.04191087393635964	0.40913497553587425
0.1874049790764081	-0.5486021230292532	0.04753943407989977	0.30322428718484096
0.1933538516945913	-0.4508944811656238	0.05258015779848487	0.20607050613973066
0.1994915618004538	-0.3457859763082401	0.05699410967120334	0.12281626994865594
0.205824103739318	-0.2340310067150397	0.060750331202606055	0.05846111484528129
0.2123576621374528	-0.1164861302258326	0.06382632363862956	0.017642818124212714
0.2190986179422387	0.005897349740040112	0.06620840526204273	0.0044183316612992395
0.2260535546540694	0.1320828202780954	0.06789193104355935	0.022055185713439066
0.2332292647560742	0.2609597726011302	0.068881364333746	0.07284464526851184
0.2406327563479423	0.3913570968446045	0.06919019259282894	0.15794766000166993
0.2482712599903274	0.522058106490973	0.06884068201419291	0.2772837060531193
0.256152235766516	0.6518170835299744	0.06786346931635935	0.429470960849174
0.2642833805682587	0.7793770781240528	0.06629699292951236	0.6118239211766817
0.2726726356128774	0.9034886415147692	0.06418677020739193	0.8204116668158596
0.2813281941989913	1.0229291208571178	0.06158453201946215	1.050176640881572
0.2902585097084366	1.1365221024457164	0.058547230932202765	1.2951102675974602
0.2994723038621938	1.2431565582374349	0.055135943934809535	1.5484782006023274
0.3089785752383865	1.3418052323059624	0.05141469503211421	1.803084752308903
0.3187866080606707	1.4315418010734178	0.04744922672912897	2.051563357337717
0.3289059812655973	1.5115563553878442	0.04330575219035013	2.2866780036861547
0.3393465778578034	1.5811687844397764	0.03904972143046247	2.501619605630557
0.3501185945621696	1.6398396908364343	0.034744635100235885	2.690281401310781
0.3612325517823697	1.687178531524015	0.030450938173529844	2.84749865687118
0.3726993038755381	1.7229487582717788	0.026225023117105048	2.9692401754677573
0.3845300497530913	1.74706982078619	0.022118368038540545	3.052742180906579
0.3967363438180539	1.7596159911536444	0.018176830062280994	3.096578833474735
0.4093301072495744	1.7608120657012023	0.014440108070933958	3.1006676474400354
0.4223236396456491	1.7510260948661411	0.010941382324586708	3.066212098749341
0.4357296310354251	1.7307593788206326	0.007707131723699221	2.9955874272549883
0.4495611742728162	1.7006340424871502	0.004757123003471533	2.8921787766854563
0.4638317778235334	1.6613785650884338	0.002104560299289364	2.7601831657093565
0.478555378958019	1.6138116843900712	-0.00024362139882747443	2.6043882120253046
0.493746357363171	1.5588251233283552	-0.0022863391636925127	2.4299409924664332
0.5094195491861477	1.4973655968814297	-0.004027844201898543	2.242119954252995
0.5255902615239728	1.430416550969278	-0.005477127104457425	2.046121508208163
0.5422742873730882	1.3589800647975223	-0.006647270349538073	1.8468710027201778
0.5594879210534576	1.2840593158992986	-0.00755477113112757	1.6488654013146185
0.5772479741222833	1.2066419941719326	-0.008218855376823533	1.4560524516829236
0.5955717917928784	1.1276848294161017	-0.008660803695313241	1.2717480840158712
0.6144772698747305	1.048099795148545	-0.008903301297118102	1.098592449364409
0.6339828722513002	0.9687418826038596	-0.008969829078938547	0.9385412929445756
0.6541076489126247	0.8903987616841765	-0.008884103970377531	0.7928888821120714
0.6748712545603383	0.8137824000274777	-0.008669576496146338	0.6623169561511043
0.6962939678032776	0.7395226959104706	-0.00834899063818362	0.5469635234113668
0.7183967109624241	0.6681631345667477	-0.007944008952636547	0.44650508167230135
0.7412010705045194	0.6001584340694319	-0.007474904068331994	0.3602460201755034
0.7647293181243155	0.5358741063188297	-0.006960316137231286	0.2872095038237346
0.7890044324960466	0.4755878210866783	-0.006417074483924044	0.22622495441090656
0.814050121715367	0.4194924268084417	-0.005860080565084767	0.1760082366938651
0.8398908464536718	0.3677004513979965	-0.0053022483677280284	0.13523173579604347
0.8665518438474171	0.3202498804157517	-0.0047544975220027725	0.10258259115299
0.8940591521457644	0.2771109892116199	-0.004225793673532563	0.0768083576740138
0.9224396361406296	0.2381939909265678	-0.00372323005519191	0.05675023975556974
0.9517210134039656	0.2033572541377289	-0.003252143733313263	0.041364749249298984
0.9819318813579067	0.1724158429417218	-0.0028162596968488093	0.029735154215984574
1.0131017452042113	0.1451501385912575	-0.002417855827258522	0.02107440875986267
1.0452610467402808	0.1213143153141957	-0.002057941844716505	0.014721398224788334
1.078441194089896	0.1006444631829717	-0.0017364455768561794	0.01013232321262993
1.1126745923777106	0.08286617705296095	-0.001452400333759436	0.006868912766102177
1.147994675377454	0.06770146153280937	-0.0012041277811939844	0.00458493781739191
1.184435938164761	0.054874836314752554	-0.0009894114567919055	0.0030122265956017166
1.2220339708065069	0.04411856243965955	-0.0008056569367646041	0.0019470966348418956
1.2608254931195642	0.03517694657935587	-0.0006500355934980121	0.0012378401169196708
1.3008483905329156	0.02780971559101217	-0.0005196098435602978	0.00077365027564251
1.342141751088154	0.021794485955923502	-0.0004114387274530176	0.00047516889990939493
1.3847459036145042	0.01692838099159304	-0.0003226635457955711	0.00028667419476031394
1.4287024571156526	0.013028871935627358	-0.00025057406549323447	0.000169814291277276
1.474054341406844	0.009933936497949677	-0.00019265647553508885	9.87202108628623e-05
1.520845849041943	0.0075016399775361745	-0.00014662479584907356	5.6296101183326716e-05
1.5691226785714	0.005609249617989562	-0.00011043781462174914	3.1475877787814473e-05
1.6189319791733756	0.004151992938185825	-8.230384995101964e-05	1.724581928246172e-05
1.6703223967016048	0.003041566001849418	-6.067570989475738e-05	9.254805285377487e-06
1.7233441211949816	0.002204488870874361	-4.423817771827567e-05	4.861728198176748e-06
1.7780489358952567	0.0015803938320950942	-3.189019869691708e-05	2.498661649297146e-06
1.8344902678207256	0.0011203184474457926	-2.2723716709369257e-05	1.2556297909884387e-06
1.892723239945297	0.0007850610668239136	-1.600082950175836e-05	6.165769051874456e-07
1.952804725033903	0.0005436420735412609	-1.1130626241732731e-05	2.956705949647748e-07
2.014793401186827	0.00037190056441139993	-7.646762331976167e-06	1.3836850278367955e-07
2.078749809147203	0.00025124398148657334	-5.186532924445354e-06	6.315043835700196e-08
2.1447364114276453	0.0001675578008826811	-3.4719420086816274e-06	2.808767101795185e-08
2.212817653313756	0.0001102739447650337	-2.2930375586594037e-06	1.2165600915287125e-08
2.2830600258041027	7.159016974352014e-05	-1.49359926664771e-06	5.127383242675357e-09
2.3555321305481143	4.582819535406072e-05	-9.59124752739166e-07	2.1011434097012697e-09
2.4303047468453323	2.8915526228588143e-05	-6.069614396742722e-07	8.364760592654203e-10
2.507450900771447	1.7974702578828385e-05	-3.783659209819518e-07	3.2323309356750036e-10
2.587045936498628	1.1003538607834364e-05	-2.3224106945967023e-07	1.211317978084452e-10
2.6691675898798013	6.630409171563174e-06	-1.4029769071824325e-07	4.3982009224369926e-11
2.7538960643687536	3.93073857596696e-06	-8.337754640902264e-08	1.5457657567839954e-11
2.841314109350185	2.2916476658205583e-06	-4.871804625446631e-08	5.254022472291665e-12
2.931507100956239	1.312922401446112e-06	-2.7981605448690305e-08	1.7245482024625116e-12
3.024563125448406	7.38668407096602e-07	-1.579351202566686e-08	5.458804506647361e-13
3.120573065246274	4.0853993831153005e-07	-8.73829483019239e-09	1.6698123899212815e-13
3.2196306876871104	2.204801446443733e-07	-4.770835017024577e-09	4.8634255049163434e-14
3.3218327366029787	1.1612632955361963e-07	-2.574188916527079e-09	1.3491950864173843e-14
3.4272790268048263	5.968527837749233e-08	-1.3554645114718043e-09	3.564169739040612e-15
3.53607254156582	3.033428864574064e-08	-6.888977124306927e-10	9.206436477013018e-16
3.6483195331991314	1.5089330056510498e-08	-3.426816787906244e-10	2.278053122872898e-16
3.764129626828408	7.3414099012751404e-09	-1.6672487514272476e-10	5.392409652253202e-17
3.8836159274522672	3.4910556999682723e-09	-7.92825674523924e-11	1.2193755625782807e-17
