r	P	Q	rho
0.00016434017070940163	-1.7230119854799307e-08	-2.0447236461090134e-07	4.210582491978413e-14
0.00016955688771670227	-1.838938457744866e-08	-2.1748812971785027e-07	4.763925603330578e-14
0.00017493920109777313	-1.9628477884285524e-08	-2.3133179238872675e-07	5.389967531383486e-14
0.00018049236744578724	-2.0953065501235747e-08	-2.460559519670204e-07	6.098256245229572e-14
0.00018622181021609664	-2.2369230413830583e-08	-2.617165436828544e-07	6.899593170660647e-14
0.00019213312502300677	-2.3883504919930983e-08	-2.7837304956459364e-07	7.806197653115208e-14
0.0001982320851046881	-2.550290523335065e-08	-2.9608872292150813e-07	8.831893001663088e-14
0.000204524646961563	-2.723496888459805e-08	-3.149308265410177e-07	9.992316903595359e-14
0.000211016956173674	-2.9087795165389585e-08	-3.349708861366496e-07	1.1305159438675591e-13
0.0002177153534027152	-3.1070088804684656e-08	-3.562849596905509e-07	1.2790432292002846e-13
0.0002246263805845888	-3.3191207224455266e-08	-3.7895392371820917e-07	1.44707732538443e-13
0.0002317567873185339	-3.546121163155396e-08	-4.030637775297644e-07	1.6371790628694127e-13
0.00023911353745906895	-3.789092229069394e-08	-4.287059666039745e-07	1.8522452779388754e-13
0.00024670381591718416	-4.049197832745644e-08	-4.55977726266921e-07	2.0955528716042234e-13
0.00025453503567742696	-4.327690244901176e-08	-4.849824469400043e-07	2.3708086412549536e-13
0.00026261484503773417	-4.625917100243968e-08	-5.158300622992265e-07	2.6822056407345683e-13
0.00027095113507908064	-4.945328982796284e-08	-5.486374617702845e-07	3.034486923325489e-13
0.0002795520473722403	-5.287487640471962e-08	-5.835289288712965e-07	3.43301763384497e-13
0.0002884259819291858	-5.6540748830773596e-08	-6.206366070075365e-07	3.88386654236172e-13
0.0002975816054068928	-6.046902222708907e-08	-6.601009944206561e-07	4.3938982548423923e-13
0.00030702785957156093	-6.467921320759322e-08	-7.020714700988046e-07	4.970877497478499e-13
0.0003167739700315183	-6.919235311458716e-08	-7.467068525641946e-07	5.623587053958597e-13
0.0003268294552473373	-7.403111078110085e-08	-7.941759935713171e-07	6.361961141284723e-13
0.00033720413582796326	-7.921992564978442e-08	-8.446584088725887e-07	7.197236242991307e-13
0.00034790814412193305	-8.478515215211557e-08	-8.983449483390834e-07	8.142121682318079e-13
0.00035895193411305214	-9.075521633264659e-08	-9.554385078625777e-07	9.210992515982545e-13
0.00037034629163019376	-9.716078579133792e-08	-1.0161547856118493e-06	1.0420107666174536e-12
0.00038210234488119256	-1.0403495411340801e-07	-1.0807230853714912e-06	1.1787856589322543e-12
0.00039423157532111886	-1.1141344106131435e-07	-1.1493871698558545e-06	1.333503821078374e-12
0.0004067458288655504	-1.1933480991827665e-07	-1.2224061670646883e-06	1.508517634136014e-12
0.00041965732745978974	-1.2784070349804986e-07	-1.3000555329310566e-06	1.70648763417553e-12
0.0004329786810153303	-1.3697610047241461e-07	-1.3826280737067732e-06	1.9304228423027316e-12
0.00044672289972522394	-1.4678959381713934e-07	-1.4704350317364692e-06	2.183726367410832e-12
0.0004609034067703825	-1.5733369334012618e-07	-1.563807238489066e-06	2.4702469702108433e-12
0.00047553405142921934	-1.686651544333544e-07	-1.6630963389455614e-06	2.7943373669341567e-12
0.0004906291226034363	-1.8084533538444385e-07	-1.7686760916852226e-06	3.160920152629226e-12
0.0005062033627731645	-1.9394058579569325e-07	-1.8809437492692837e-06	3.5755623387339668e-12
0.0005222719823950891	-2.08022668889932e-07	-2.0003215237927055e-06	4.044559629320462e-12
0.0005388506747576206	-2.2316922073526283e-07	-2.1272581427613136e-06	4.575031707027898e-12
0.0005559556313076182	-2.394642496967149e-07	-2.2622305007543055e-06	5.1750299654258865e-12
0.0005736035574636368	-2.569986797241117e-07	-2.405745412651772e-06	5.853659311874982e-12
0.0005918116889311399	-2.758709414144156e-07	-2.558341474544013e-06	6.621215876688909e-12
0.0006105978085356134	-2.961876151459856e-07	-2.720591038795276e-06	7.489342703739026e-12
0.0006299802635900184	-3.180641309743517e-07	-2.893102310109688e-06	8.471205768174482e-12
0.0006499779838135485	-3.4162553040730385e-07	-3.0765215698427896e-06	9.581692972734014e-12
0.0006706104998191871	-3.670072956446098e-07	-3.2715355362189645e-06	1.0837639119799877e-11
0.0006918979621881244	-3.943562523781373e-07	-3.4788738685543555e-06	1.2258080247100076e-11
0.0007138611611496608	-4.2383155280548034e-07	-3.6993118240474855e-06	1.386454115669104e-11
0.0007365215468858171	-4.556057461186786e-07	-3.933673076186871e-06	1.5681360466213838e-11
0.000759901250480483	-4.898659443939454e-07	-4.182832704337499e-06	1.7736058075952326e-11
0.0007840231055335627	-5.268150925335915e-07	-4.447720364607245e-06	2.005975058346318e-11
0.0008089106704612266	-5.666733517031091e-07	-4.729323652661293e-06	2.2687620899151986e-11
0.0008345882515040496	-6.096796065707191e-07	-5.0286916697484645e-06	2.5659449132065828e-11
0.0008610809264655063	-6.560931076002058e-07	-5.3469388038294204e-06	2.902021273773729e-11
0.0008884145692040056	-7.061952606777625e-07	-5.685248738353879e-06	3.2820764963158104e-11
0.0009166158749023881	-7.602915774776742e-07	-6.044878701923807e-06	3.711860180375554e-11
0.0009457123861395613	-8.18713801198554e-07	-6.42716397280296e-06	4.197872902156931e-11
0.0009757325197897379	-8.818222236407811e-07	-6.833522652991461e-06	4.747464228305422e-11
0.00100670559477555	-9.500082110569406e-07	-7.26546072737856e-06	5.36894351821558e-11
0.0010386618607021367	-1.0236969578014248e-06	-7.724577424318339e-06	6.071705184570043e-11
0.0010716325274001807	-1.1033504885449417e-06	-8.212570894843347e-06	6.866370300340041e-11
0.001105649795406738	-1.1894709317175467e-06	-8.731244228640651e-06	7.764946687757168e-11
0.0011407468874136337	-1.28260408891416e-06	-9.282511825865245e-06	8.781009904622744e-11
0.0011769580807141375	-1.3833433272547823e-06	-9.868406144857501e-06	9.929907860092162e-11
0.0012143187406796084	-1.49233382415462e-06	-1.049108484686602e-05	1.1228992150685778e-10
0.0012528653552987983	-1.6102771966452207e-06	-1.1152838359954976e-05	1.2697879613331878e-10
0.001292635570813556	-1.7379365503164404e-06	-1.1856097885397428e-05	1.4358748052105116e-10
0.001333668228485726	-1.8761419861420309e-06	-1.2603443871022727e-05	1.6236670616218533e-10
0.0013760034025311549	-2.025796606932315e-06	-1.3397614977198596e-05	1.835999389699146e-10
0.001419682439257853	-2.1878830689510925e-06	-1.424151756238608e-05	2.0760765480315399e-10
0.0014647479974465353	-2.3634707283681968e-06	-1.5138235716509128e-05	2.347521744924459e-10
0.0015112440900129753	-2.553723436723776e-06	-1.6091041871729444e-05	2.6544313190902253e-10
0.0015592161269928676	-2.7599080444877906e-06	-1.710340802161144e-05	3.00143658367751e-10
0.001608710959891175	-2.98340367714352e-06	-1.8179017581100607e-05	3.3937737771475844e-10
0.0016597769274392731	-3.225711854044898e-06	-1.9321777921220445e-05	3.8373631900228763e-10
0.0017124639028045863	-3.4884675266355583e-06	-2.053583361391696e-05	4.3388986790287244e-10
0.001766823342298816	-3.773451119516855e-06	-2.1825580424043564e-05	4.905948941977766e-10
0.001822908335632334	-4.0826016653611995e-06	-2.3195680087080656e-05	5.547072110602001e-10
0.0018807736577638224	-4.418031132837562e-06	-2.465107591282038e-05	6.271945427503551e-10
0.0019404758223957967	-4.782040055604468e-06	-2.6197009256914517e-05	7.091512011002704e-10
0.0020020731371682638	-5.177134580092595e-06	-2.783903690387776e-05	8.018146981958583e-10
0.0020656257606044026	-5.60604506031006e-06	-2.9583049406855138e-05	9.06584553426659e-10
0.002131195760863912	-6.071746339328912e-06	-3.1435290431194454e-05	1.0250435881026998e-09
0.002198847176361375	-6.577479869527591e-06	-3.340237715060688e-05	1.158982040745425e-09
0.002268646078308865	-7.12677783715311e-06	-3.549132174644173e-05	1.3104248816495842e-09
0.002340660635243865	-7.723489471416561e-06	-3.770955406233788e-05	1.4816627571954658e-09
0.0024149611796055195	-8.371809734241225e-06	-4.006494546823205e-05	1.675287053598744e-09
0.0024916202764242515	-9.076310604045951e-06	-4.2565833989393885e-05	1.8942296373937566e-09
0.0025707127941918127	-9.841975185676793e-06	-4.522105075780422e-05	2.1418079071953834e-09
0.002652315977981001	-1.0674234898914798e-05	-4.803994784478291e-05	2.4217758796066733e-09
0.0027365095248864327	-1.1579010020012508e-05	-5.1032427535289034e-05	2.7383821331880765e-09
0.0028233756618600784	-1.256275387458122e-05	-5.420897310574005e-05	3.0964355500921536e-09
0.002912999226017552	-1.363250100600848e-05	-5.7580681168508745e-05	3.5013799275082798e-09
0.0030054677474935973	-1.4795919671584957e-05	-6.11592956474317e-05	3.959378683017952e-09
0.003100871534927697	-1.6061369048824524e-05	-6.495724344967864e-05	4.477411052303357e-09
0.003199303763663275	-1.7437961567246335e-05	-6.898767190015656e-05	5.0633813778244115e-09
0.0033008605667466514	-1.89356308163376e-05	-7.326448800522776e-05	5.726243317080797e-09
0.0034056411288146088	-2.0565205518727837e-05	-7.780239961287024e-05	6.476141063548265e-09
0.003513747782962275	-2.233849009898829e-05	-8.261695853646686e-05	7.324569977718882e-09
0.003625286110685915	-2.426835242314442e-05	-8.772460570913171e-05	8.284559376156565e-09
0.003740365044998256	-2.6368819332188344e-05	-9.314271843482637e-05	9.370880630402934e-09
0.0038590969768170346	-2.865518064484773e-05	-9.88896598014331e-05	1.060028419343203e-08
0.003981597864730693	-3.114410236086542e-05	-0.00010498483031938196	1.1991769709053485e-08
0.004107987348248396	-3.3853749856342305e-05	-0.00011144872184731924	1.356689398073693e-08
0.004238388864645003	-3.6803921927576395e-05	-0.00011830297386358514	1.5350122294219248e-08
0.004372929769515089	-4.001619660959142e-05	-0.00012557043213887685	1.736922941864175e-08
0.004511741461153763	-4.351408977049332e-05	-0.00013327520986132672	1.9655757572135233e-08
0.004654959508885764	-4.732322756324268e-05	-0.00014144275126024965	2.2245539751071306e-08
0.004802723785468148	-5.147153390271312e-05	-0.00015009989776891542	2.5179298112537008e-08
0.004955178603695896	-5.5989434228355566e-05	-0.00015927495675979015	2.8503328596044375e-08
0.005112472857343849	-6.0910076911751386e-05	-0.00016899777287766356	3.227028470700582e-08
0.005274760166582617	-6.626957377416104e-05	-0.0001792998019868257	3.654007540072388e-08
0.005442199028010484	-7.210726129221126e-05	-0.00019021418773786385	4.1380894347838544e-08
0.005614952969447841	-7.846598419046331e-05	-0.00020177584074759224	4.687040058437575e-08
0.00579319070964532	-8.539240324811365e-05	-0.00021402152037197173	5.309707371481876e-08
0.005977086323061608	-9.293732928383744e-05	-0.00022698991903648567	6.016177051860274e-08
0.006166819409871865	-0.00010115608542811592	-0.00024072174907115867	6.817951409501817e-08
0.006362575271372804	-0.00011010889994660196	-0.0002552598319780869	7.728155166893195e-08
0.006564545090955704	-0.00011986133204145116	-0.00027064919003781863	8.761772298687827e-08
0.006772926120824144	-0.00013048473323032625	-0.00028693714013701714	9.935918799619962e-08
0.0069879218746387835	-0.00014205674708517798	-0.0003041733896733631	1.1270157037780581e-07
0.007209742326277334	-0.0001546618503050623	-0.000322410134364433	1.2786858268067725e-07
0.007438604114903885	-0.00016839193829926467	-0.000341702157755116	1.4511620949868554e-07
0.0076747307565477796	-0.0001833469586688717	-0.0003621069321828061	1.6473753758796828e-07
0.007918352862398774	-0.0001996355961965799	-0.0003836847209209247	1.8706833633693178e-07
0.008169708364031584	-0.0002173760131857632	-0.0004064986811790636	2.124935089088551e-07
0.008429042745779866	-0.00023669664923031325	-0.0004306149675919878	2.4145455407110665e-07
0.00869660928448651	-0.00025773708474605286	-0.00045610283577967074	2.7445820165965134e-07
0.008972669296864447	-0.0002806489728519447	-0.0004830347455062324	3.1208641132912226e-07
0.009257492394709502	-0.0003055970444540408	-0.0005114864629069041	3.550079553160608e-07
0.009551356748214609	-0.0003327601916560509	-0.0005415371611887201	4.0399184209930955e-07
0.009854549357642487	-0.0003623326348962236	-0.000573269519142347	4.599228798885378e-07
0.010167366333622157	-0.00039452517948928206	-0.0006067698167291048	5.238197277445217e-07
0.010490113186342982	-0.0004295665675324623	-0.0006421280269286052	5.96855838908845e-07
0.010823105123928776	-0.0004677049314139172	-0.0006794379029484208	6.803837668318447e-07
0.011166667360283275	-0.0005092093554370683	-0.0007187970598075871	7.759633808526666e-07
0.011521135432707675	-0.0005543715523426659	-0.0007603070492105102	8.853946271260104e-07
0.011886855529600466	-0.000603507661767544	-0.000804073426526835	1.0107555730587337e-06
0.012264184828559534	-0.0006569601779209433	-0.0008502058085860812	1.1544465923274296e-06
0.012653491845216813	-0.0007151000139807764	-0.0008988179208833238	1.3192416848963273e-06
0.013055156793146104	-0.0007783287109075459	-0.0009500276326740262	1.5083480850672166e-06
0.013469571955195618	-0.0008470807985362576	-0.001003956978312418	1.7254754935510246e-06
0.013897142066607878	-0.0009218263169291133	-0.0010607321630588431	1.974916480330586e-06
0.014338284710301134	-0.0010030735060457031	-0.001120483551447568	2.2616398475953743e-06
0.014793430724698376	-0.0010913716718033775	-0.0011833456361680852	2.5913990206529495e-06
0.015263024624502224	-0.0011873142365479777	-0.0012494569852705593	2.9708578543509016e-06
0.015747525034826636	-0.0012915419818224055	-0.001318960165360389	3.4077366086172518e-06
0.01624740513910946	-0.0014047464910946434	-0.0013920016382988002	3.910981265269257e-06
0.016763153141243225	-0.0015276737997734105	-0.0014687316287769355	4.4909598358838805e-06
0.01729527274237557	-0.0016611282593829136	-0.0015493039599813118	5.159689854534282e-06
0.01784428363284492	-0.0018059766221707688	-0.0016338758544201738	5.931101867484593e-06
0.01841072199973189	-0.001963152351666304	-0.0017226076968348998	6.821344433047777e-06
0.01899514105052207	-0.0021336601637695837	-0.0018156627559800767	7.849136937910415e-06
0.01959811155339173	-0.002318580801812458	-0.00191320686192242	9.036177431040336e-06
0.02022022239464391	-0.002519076047667909	-0.002015408035384804	1.0407613683027808e-05
0.02086208115383957	-0.0027363939693673687	-0.0021224360655501782	1.1992586807938224e-05
0.021524314697185257	-0.002971874403790477	-0.0022344620326441894	1.3824858047233405e-05
0.022207569789756926	-0.0032269546707890326	-0.0023516577715383966	1.594353072176409e-05
0.022912513727157947	-0.0035031755125665906	-0.002474195272562076	1.839388091861472e-05
0.023639834987227906	-0.003802187249225756	-0.0026022460156838235	2.1228312204317257e-05
0.024390243902439025	-0.004125756138084021	-0.002735980234229339	2.4507451553031607e-05
0.02516447335363665	-0.004475770920612703	-0.0028755661043437567	2.830140575425301e-05
0.025963279485801447	-0.004854249536638161	-0.003021168856491236	3.2691199823384364e-05
0.026787442446532337	-0.005263345980726104	-0.003172949805416825	3.77704213805203e-05
0.027637767147971372	-0.005705357270414969	-0.0033310652951820587	4.3647097583843286e-05
0.028515084052914735	-0.006182730490140642	-0.0034956655561325014	5.0445833994045884e-05
0.029420249985877577	-0.006698069868271506	-0.0036668934709691335	5.831024768768273e-05
0.03035414896990476	-0.007254143837622102	-0.003844883247482611	6.740573000368315e-05
0.03131769308994491	-0.007853892022110781	-0.004029758995976617	7.792257746062985e-05
0.03231182338363087	-0.00850043208385194	-0.004221633209960296	9.00795325716191e-05
0.033337510760336496	-0.009197066355912411	-0.0044206051493362285	0.00010412777944139398
0.03439575694940758	-0.009947288176207235	-0.004626759126055367	0.00012035544207104887
0.035487595478492714	-0.010754787827563386	-0.004840162693058848	0.00013909263611118426
0.03661409268292983	-0.011623457977852351	-0.005060864738282976	0.0001607171272620955
0.03777634874717398	-0.012557398502306118	-0.0052888934865708325	0.0001856606514580113
0.03897549877928374	-0.013560920557721451	-0.005524254413514004	0.00021441595319806123
0.04021271391951532	-0.014638549765275084	-0.005766928076540813	0.0002475445986704299
0.041489202484107326	-0.0157950283451836	-0.006016867869971641	0.00028568561938985043
0.042806211145373134	-0.01703531603253154	-0.0062739977122737685	0.0003295650396218427
0.04416502614925335	-0.01836458958936392	-0.006538209675361576	0.00038000633654476537
0.045566974571517614	-0.01978824071372017	-0.00680936156749459	0.0004379418755010049
0.04701342561384255	-0.021311872131824748	-0.007087274483114702	0.0005044253533622571
0.04850579194103151	-0.022941291645316247	-0.007371730334821265	0.0005806452704847811
0.05004553106068236	-0.02468250389139105	-0.0076624693845926736	0.0006679394354183544
0.0516341467466506	-0.026541699560281153	-0.00795918779330671	0.0007678104858773513
0.053273190507698	-0.028525241801831077	-0.008261535209568797	0.000881942383871876
0.05496426310276118	-0.030639649541362755	-0.008569112420804782	0.0010122178116979217
0.056709016104320026	-0.03289157741482745	-0.00888146909148925	0.001160736358058666
0.05850915351139264	-0.03528779202477482	-0.009198101615237172	0.00132983333930799
0.06036643341373232	-0.037835144212286405	-0.009518451109261836	0.0015220990490839173
0.06228266970885187	-0.04054053703611902	-0.00984190158137173	0.0017403981699143452
0.06425973387355198	-0.04341088914930778	-0.010167778301222138	0.0019878890123162917
0.06629955679168403	-0.04645309326584952	-0.01049534640893382	0.0022680421702092335
0.06840413063993236	-0.04967396941631366	-0.01082380979542601	0.0025846580960604253
0.07057551083345759	-0.05308021270184341	-0.01115231028987116	0.002941883005274505
0.07281581803330137	-0.05667833527157756	-0.011479927190556277	0.0033442224174578265
0.07512724021751295	-0.06047460226965791	-0.011805677176125526	0.0037965515332602047
0.07751203481802045	-0.06447496152534123	-0.01212851463467958	0.0043041215309378685
0.0799725309253335	-0.0686849667940162	-0.012447332448518448	0.004872560748579048
0.08251113156323096	-0.07310969439888752	-0.01276096327243688	0.005507869598739209
0.08513031603565467	-0.07775365317354345	-0.013068181343411148	0.006216407945455963
0.08783264234810184	-0.08262068766542624	-0.013367704859243853	0.007004873563511767
0.09062074970588056	-0.08771387463027899	-0.013658198963239703	0.007880270201575742
0.09349736109166856	-0.09303541292888835	-0.013938279371234718	0.008849863690679353
0.09646528592489213	-0.09858650703082142	-0.014206516676238888	0.009921124484610454
0.09952742280552339	-0.1043672444363065	-0.01446144136449832	0.011101654997566573
0.1026867623449746	-0.1103764674478024	-0.01470154957482696	0.012399100126156878
0.1059463900868546	-0.1166116398578971	-0.014925309630457436	0.013821039417912922
0.1093094895204406	-0.1230687092705588	-0.015131169369236957	0.015374859488001859
0.1127793451898068	-0.1297419659387119	-0.015317564293533491	0.017067605501528412
0.1163593459016488	-0.1366238991825619	-0.015482926555474142	0.018905810842569048
0.1200529880349339	-0.1437050526494324	-0.01562569478583934	0.020895304494516345
0.1238638789556117	-0.1509738798858769	-0.015744324765797756	0.0230409961701261
0.1277957405397192	-0.1584166019144291	-0.015837300929401048	0.02534663986284311
0.1318524128083211	-0.1660170687375685	-0.01590314867110081	0.027814577249869677
0.1360378576778356	-0.1737566269261946	-0.015940447416284125	0.03044546326460009
0.140356162829408	-0.1816139956837823	-0.01594784439380644	0.03323797716903796
0.1448115457011123	-0.1895651540037687	-0.01592406902769708	0.0361885235868714
0.1494083576068777	-0.1975832417485279	-0.01586794784073217	0.03929092918853341
0.1541510879861644	-0.2056384776641198	-0.015778419735696585	0.042536142025372516
0.1590443687885393	-0.2136980974951675	-0.015654551491381345	0.045911941855450424
0.1640929789974315	-0.2217263154670025	-0.015495553280407352	0.04940267114203866
0.1693018492974886	-0.2296843124451985	-0.015300793985794007	0.052988997680019266
0.1746760668900905	-0.237530254053096	-0.01506981606401157	0.05664772094673146
0.1802208804617231	-0.2452193419136044	-0.014802349675503344	0.06035163520445709
0.1859417053100667	-0.2527039009711827	-0.01449832578096345	0.06406946301650428
0.1918441286328022	-0.2599335055341484	-0.014157887884764207	0.06776587308862872
0.1979339149843035	-0.2668551462498286	-0.0137814020976519	0.07140159612379457
0.204217011905543	-0.2734134396828386	-0.013369465190927446	0.07493365159869264
0.2106995557327098	-0.2795508815119133	-0.012922910325388786	0.07831569696536585
0.2173878775902131	-0.2852081436006859	-0.01244281016162321	0.08149850870086768
0.2242885095739242	-0.2903244143461954	-0.011930477094657808	0.08443060184916748
0.2314081911306957	-0.2948377807857812	-0.011387460405799231	0.08705899123317802
0.2387538756403876	-0.298685649974933	-0.010815540187342144	0.08933009341049222
0.2463327372068305	-0.301805206168244	-0.010216717970563031	0.09119076379634632
0.2541521776643563	-0.3041338993806392	-0.00959320407210538	0.09258945831684184
0.2622198338067403	-0.305609960018098	-0.008947401765768338	0.09347750366062152
0.2705435848456146	-0.3061729334895889	-0.008281888482361202	0.09381045487845449
0.2791315601056371	-0.3057642280878686	-0.007599394335589136	0.09354951397243791
0.2879921469639306	-0.3043276689959946	-0.006902778362359865	0.09266297846565553
0.2971339990415481	-0.3018100510726183	-0.006195002946703519	0.09112768498996615
0.306566044654962	-0.298161683117128	-0.0054791069629961005	0.0889304098923506
0.3162974955358325	-0.2933369166284554	-0.004758178222047829	0.08606918691708217
0.326337855827572	-0.2872946526476298	-0.004035325829200649	0.08255450129447009
0.3366969313674901	-0.2799988210967913	-0.0033136530641705592	0.07841032011222263
0.3473848392635857	-0.2714188280623152	-0.0025962313664772453	0.0736749206440289
0.35841201777534	-0.2615299676661597	-0.0018860759578399615	0.06840148126998129
0.3697892365081583	-0.2503137964611778	-0.0011861235553333996	0.06265840358789647
0.3815276069314187	-0.2377584695938621	-0.000499212529422284	0.05652933907676498
0.3936385932304002	-0.2238590392129814	0.000171934256352885	0.05011289899874765
0.4061340235026864	-0.2086177166726317	0.0008247238162986242	0.04352203187907561
0.4190261013099823	-0.1920441008916637	0.0014567046503908014	0.03688305867572598
0.4323274175966254	-0.1741553757053307	0.0020655757466712787	0.03033436149023013
0.4460509629864297	-0.1549764791113466	0.0026491932567765325	0.0240247273026614
0.4602101404698752	-0.1345402469238918	0.0032055752261271604	0.018111353754872137
0.4748187784940297	-0.1128875324867679	0.0037329048383690274	0.012757529569483398
0.4898911444679919	-0.0900673027730743	0.004229532681317482	0.008130007975518971
0.5054419586970411	-0.06613670946155145	0.004693978554918885	0.0043960977730757075
0.5214864087591059	-0.041161131512948486	0.005124933318712609	0.0017205036889474917
0.5380401643375898	-0.015214183491639593	0.005521261217299474	0.00026195570474693396
0.555119392525042	0.0116223184634291	0.005882003030122755	0.00016967624611173823
0.5727407736126188	0.03925844334718728	0.006206380271480853	0.00157974453011854
0.5909215173807556	0.0675962969445293	0.006493800525234641	0.004611428805874519
0.6096793799069609	0.0965302521614514	0.006743863844955387	0.00936356928191269
0.6290326809071478	0.1259472725610087	0.00695636999423572	0.01591110654905372
0.6490003216274364	0.1557273436268274	0.007131326154003135	0.024301861365782756
0.6696018033039048	0.1857440253443143	0.007268954594148475	0.03455368065200107
0.6908572462083146	0.2158651377628317	0.00736969970486315	0.04665207017510617
0.7127874092984132	0.2459535882680421	0.007434233716372813	0.060548435412875225
0.7354137104920024	0.27586834540004	0.0074634604096651645	0.07615904723504241
0.7587582475845771	0.3054655593099655	0.007458516138176557	0.0933648373875335
0.7828438198309594	0.3345998235222421	0.00742076754106485	0.11201210969201408
0.8076939502120076	0.3631255667833045	0.007351805430208691	0.13191422629477978
0.8333329084081473	0.3908985576882278	0.007253434469758671	0.15285429471434384
0.8597857345021594	0.4177774987753336	0.007127658431922883	0.17458884199769603
0.8870782634343767	0.4436256811624572	0.006976660996368168	0.19685241878551238
0.9152371502341708	0.4683126658702567	0.00680278225385989	0.21936303086090014
0.9442898960523713	0.4917159540088106	0.006608491266516056	0.24182825158361432
0.9742648750200472	0.5137226052513532	0.006396355218691545	0.26395182850632126
1.005191361959871	0.5342307626696093	0.006169005853377203	0.2854405644157714
1.037099560977141	0.5531510422160772	0.005929104022849156	0.3060112297792463
1.070020634958379	0.5704077469737766	0.005679303281219416	0.32539725229346
1.1039867360063114	0.5859398697655973	0.00542221350684712	0.3433549313802389
1.139031036840964	0.5997018527453156	0.005160365560777504	0.35966894155888507
1.175187763197532	0.6116640790305466	0.00489617796280473	0.37415691813493024
1.21249222725267	0.6218130790584481	0.004631926500372884	0.3866729600312526
1.2509808621118463	0.630151442853202	0.004369717580406693	0.39710993536170486
1.2906912573914415	0.6366974384404555	0.00411146599526922	0.40540053226926787
1.3316621959303472	0.6414843458376898	0.0038588776080941815	0.411517056891203
1.3739336916669145	0.6445595249808926	0.0036134372779150032	0.4154700381725554
1.4175470287182437	0.6459832442103559	0.003376402150508509	0.4173057518920183
1.462544801699989	0.6458273031509398	0.003148800246444096	0.41710282043820796
1.508970957326046	0.644173489663918	0.0029314340933838797	0.41496807809163366
1.556870837328758	0.6411119147488795	0.0027248889832410714	0.41103191225294555
1.6062912227415536	0.636739271689379	0.0025295452957617296	0.4054432987109242
1.6572803795872706	0.6311570662892116	0.0023455942227380844	0.39836474413906203
1.709888106016777	0.6244698637560144	0.0021730561546882006	0.3899673329125066
1.7641657809439364	0.6167835948431791	0.0020118009589678437	0.38042605021077347
1.8201664142244125	0.6082039594023628	0.001861569379008368	0.36991552167326386
1.8779446984273185	0.5988349598975709	0.001721994820456692	0.35860627446168697
1.9375570622502765	0.5887775909536506	0.0015926248526932484	0.34666158806310565
1.9990617256300511	0.5781287040660833	0.0014729418407059985	0.334234968022795
2.0625187566025853	0.5669800595094368	0.0013623822232233034	0.3214682439666466
2.127990129967964	0.5554175705214734	0.0012603540676479562	0.3084902661363518
2.1955397878176046	0.5435207382378017	0.0011662526126456634	0.2954161530397214
2.2652337019827926	0.5313622724425849	0.0010794737048155294	0.28234702983882726
2.3371399384655334	0.5190078830415737	0.0009994250064752684	0.26937018150963943
2.411328723914673	0.506516229336692	0.0009255350435482014	0.25655954719657725
2.487872514212188	0.4939390083568066	0.0008572601888422952	0.24397647887153684
2.5668460652366423	0.4813211625081451	0.0007940897393331483	0.23167069205670635
2.648326505872917	0.4687011861029287	0.0007355492863981287	0.21968134288704494
2.732393413339516	0.4561115105145973	0.0006812026011660769	0.20803817406089145
2.819128890907016	0.4435789485842593	0.0006306522680491201	0.19676268134940014
2.908617648083571	0.43112518037827	0.0005835392971860075	0.1858692616743072
3.000947083345769	0.4187672642337722	0.000539541936324515	0.17536631269933906
3.096207369495658	0.406518159178458	0.000498373882848332	0.16525726211836922
3.194491541727283	0.3943872469739405	0.0004597820751698736	0.15554151197524058
3.2958955884887686	0.3823808442787838	0.00042354421518528006	0.14621528946105772
3.4005185452286626	0.3705026974452241	0.0003894661482989997	0.13727240049806796
3.508462591118112	0.3587544543678155	0.00035737920075392646	0.12870488624864215
3.619833148843332	0.3471361093972845	0.00032713755054538215	0.12050358546646045
3.734738987565825	0.3356464186821699	0.00029861568700512094	0.112658607545495
3.853292329150914	0.3242832843596755	0.0002717059961982196	0.10515972233924653
3.975608957768318	0.3130441068125647	0.00024631649475898227	0.09799667348189202
4.10180833297184	0.3019261047667722	0.00022236872353182833	0.09115942218748509
4.232013706368581	0.2909266033609069	0.0001997958041150168	0.0846383284614778
4.366352241991626	0.2800432905153938	0.00017854065572582293	0.07842427643945499
4.504955140493787	0.2692744420048985	0.00015855436624269547	0.0725087502565365
4.647957767283659	0.2586191156321512	0.00013979470938853053	0.06688386651291676
4.795499784729162	0.248077314854534	0.00012222479926976448	0.06154236908433715
4.94772528855768	0.2376501221322103	0.00010581187370198146	0.056477591745607084
5.104782948585982	0.2273398022093294	9.05261983191176e-05	0.05168339386356959
5.2668261539174175	0.2171498754940239	7.634008425972266e-05	0.047154074254878546
5.43401316274815	0.2070851616646993	6.322701391830162e-05	0.04288426817934994
5.606507256928753	0.1971517937152224	5.1160869116020944e-05	0.03886883238256413
5.784476901432118	0.1873572026559914	4.0115258475553005e-05	0.035102722996312195
5.968095908883424	0.1777100733117733	3.006294033062184e-05	0.03158087106025623
6.157543609312839	0.1682202717810927	2.097533925437291e-05	0.028298060278069546
6.353005025296751	0.158898745428331	1.2822154318723964e-05	0.02524881146310518
6.554671052658593	0.1497573965928052	5.57105734768646e-06	0.022427277865291424
6.7627386469057065	0.140808931538711	-8.125196039253017e-07	0.019827155201733587
6.977411015584365	0.1320666866642744	-6.365509685434112e-06	0.017441609766999346
7.198897816740788	0.1235444343643674	-1.1127250812615108e-05	0.015263227386227197
7.42741536368199	0.1152561715195233	-1.5139442437533943e-05	0.013283985302540493
7.663186836236445	0.107215893989971	-1.84460224107705e-05	0.011495248264324442
7.906442498720858	0.09943736104726776	-2.1092968686218943e-05	0.009887789216958012
8.157419924825977	0.09193385406608294	-2.3128031330310585e-05	0.008451834058349667
8.416364229641028	0.084717934201515	-2.4600401713856903e-05	0.007177128980551989
8.683528309043393	0.07780120408700254	-2.5560327334158144e-05	0.006053028010717754
8.95917308668735	0.07119407874574352	-2.6058681442984767e-05	0.005068597527510007
9.24356776883306	0.06490557101726395	-2.6146498366271608e-05	0.004212733832716471
9.536990107264701	0.058943096679963336	-2.5874485951639236e-05	0.003474289315712528
9.839726670554516	0.05331230425668382	-2.5292527583036446e-05	0.0028422024248691787
10.152073123937717	0.04801693405766471	-2.4449186291565835e-05	0.002305626554060832
10.47433451807156	0.04305871048316223	-2.3391223805726647e-05	0.0018540530956221363
10.80682558696062	0.03843727088484296	-2.2163147062807205e-05	0.0014774242842798839
11.149871055339243	0.03415013340644594	-2.0806793757662572e-05	0.0011662320446007215
11.503805955811323	0.030192705275016787	-1.93609677779534e-05	0.0009115998266710999
11.868975956057248	0.026558331900808065	-1.7861133637368628e-05	0.0007053453123735742
12.245737696427426	0.02323838603083436	-1.633917743793781e-05	0.0005400228522867968
12.634459138252245	0.020222395026379555	-1.4823239771651268e-05	0.0004089454803313779
13.035519923208549	0.01749820320405363	-1.3337623739035247e-05	0.00030618729326255966
13.449311744093627	0.015052165111173044	-1.1902778898842684e-05	0.00022656781621016052
13.87623872736886	0.012869364654080891	-1.0535359554839756e-05	0.00016562065759350754
14.316717827846556	0.010933854204866004	-9.248353444013828e-06	0.00011954925330530742
14.771179235905558	0.009228907216594097	-8.051274709610318e-06	8.517279323552704e-05
15.240066797633192	0.007737277510458291	-6.950413116204835e-06	5.986551158208613e-05
15.723838448304008	0.006441458282638006	-5.949129876376351e-06	4.149242019911205e-05
16.22296665961858	0.005323934023768433	-5.048189284169718e-06	2.834429897365419e-05
16.73793890113921	0.004367418943885041	-4.246114620598792e-06	1.9074366260895298e-05
17.269258116373155	0.003555076144878014	-3.539556589711117e-06	1.2638578924341574e-05
17.817443213968374	0.002870712633475517	-2.9236627652133883e-06	8.240999571799901e-06
18.383029574501496	0.002298946301543252	-2.3924372782711235e-06	5.285159821135527e-06
18.966569573352952	0.00182534215142578	-1.93908111288551e-06	3.3318777298072578e-06
19.56863312017997	0.001436516257240526	-1.5563048314433458e-06	2.0635813794010577e-06
20.189808215514283	0.0011202071800430178	-1.2366073197619152e-06	1.2548656554175935e-06
20.830701525028086	0.0008653157182849839	-9.72516014232361e-07	7.487722380984555e-07
21.49193897202923	0.000661914934613338	-7.567860148986384e-07	4.3813195338925183e-07
22.174166348764203	0.0005012333004382715	-5.825573713339582e-07	2.5123516084133346e-07
22.87804994712592	0.00037561450692033576	-4.434715577982365e-07	1.4108645447602955e-07
23.60427720938236	0.0002784579812040337	-3.3374965298665817e-07	7.753895868505683e-08
24.353557399561563	0.00020414441056679325	-2.482359469019933e-07	4.1675001986748787e-08
25.126622296148632	0.00014795061960014562	-1.8241157587326386e-07	2.1889419114050005e-08
25.92422690677132	0.0001059579847127148	-1.3238332353526694e-07	1.1227112049724253e-08
26.74715020557216	7.495823540534884e-05	-9.485293085999875e-08	5.6187460521621854e-09
27.596195893987343	5.236002031416528e-05	-6.707216302368724e-08	2.7415762259748534e-09
28.47219318567525	3.609905051027874e-05	-4.678853230353449e-08	1.303143636910411e-09
29.375997616361317	2.455401739841709e-05	-3.2186031470852726e-08	6.029008063423911e-10
30.308491879390143	1.6469856871310215e-05	-2.1824558464980516e-08	2.7125666167279646e-10
31.270586687800865	1.0889337235352975e-05	-1.4580967714895608e-08	1.1857787802986427e-10
32.263221663767744	7.093416652306729e-06	-9.59392524453028e-09	5.0316651846623996e-11
33.287366256274595	4.550338427358399e-06	-6.214060436688699e-09	2.070561841804162e-11
34.344020687919404	2.873100727431836e-06	-3.960206417530854e-09	8.254723473204213e-12
35.43421693177364	1.7846731870481323e-06	-2.4820198548502286e-09	3.185064544991098e-12
36.559019719250536	1.0900172963021153e-06	-1.529079822007512e-09	1.1881400443228753e-12
37.71952757996644	6.542240841774528e-07	-9.255218108816087e-10	4.2801000890844925e-13
38.91687391461095	3.857180546568696e-07	-5.499158680269367e-10	1.4877872009574174e-13
40.152228101873646	2.231011816526869e-07	-3.2088981920979197e-10	4.9774240225101275e-14
41.426796640508336	1.2649550774409092e-07	-1.8402316101096367e-10	1.6001147343959157e-14
42.741824327650455	7.057859438201475e-08	-1.0281702553231287e-10	4.981348556281703e-15
44.09859547453813	3.776505730627079e-08	-5.73234185920392e-11	1.426202839320236e-15
45.49843516082448	1.9717803252164774e-08	-3.250186986324492e-11	3.8879282146262433e-16
46.94271052870603	9.507652496471107e-09	-1.7056357415252326e-11	9.039574691298155e-17
48.43283211813116	4.569686822582115e-09	-8.197839766510037e-12	2.0882104861057463e-17
49.97025524439263	2.1458494018063046e-09	-3.849570056341295e-12	4.604684474422094e-18
51.55648141944955	9.837643654837712e-10	-1.7648348671039496e-12	9.677954414377952e-19
53.193059818367054	4.3997822584426486e-10	-7.893037611243951e-13	1.9358146221749426e-19
