r	P	Q	rho
0.00016434017070940163	5.5152632073016814e-05	-4.147646766528877e-06	3.0590157982814603e-09
0.00016955688771670227	5.866214558560296e-05	-4.4115393125006e-06	3.4607090038122155e-09
0.00017493920109777313	6.239476813589824e-05	-4.692204925899056e-06	3.915123877799134e-09
0.00018049236744578724	6.636466280202086e-05	-4.990708049950596e-06	4.429175635665773e-09
0.00018622181021609664	7.058688973932005e-05	-5.308180517577079e-06	5.010685783478111e-09
0.00019213312502300677	7.50774627852552e-05	-5.645825801273458e-06	5.668500767249704e-09
0.0001982320851046881	7.985340969677841e-05	-6.004923534789705e-06	6.412626146860216e-09
0.000204524646961563	8.49328360538355e-05	-6.3868343048913085e-06	7.254378292585836e-09
0.000211016956173674	9.033499324252643e-05	-6.7930047613683406e-06	8.20655591781527e-09
0.0002177153534027152	9.60803506867218e-05	-7.2249730319381775e-06	9.283634023395675e-09
0.0002246263805845888	0.0001021906726019902	-7.684374484784187e-06	1.0501983178069553e-08
0.0002317567873185339	0.00010868909955728944	-8.172947847469543e-06	1.1880117439091833e-08
0.00023911353745906895	0.00011560023514091124	-8.692541709692461e-06	1.3438974646008713e-08
0.00024670381591718416	0.00012295023804714765	-9.245121431842784e-06	1.520223330613979e-08
0.00025453503567742696	0.00013076691991921875	-9.832776484846724e-06	1.7196670838560324e-08
0.00026261484503773417	0.00013907984930434486	-1.0457728247817064e-05	1.9452568562624466e-08
0.00027095113507908064	0.00014792046209850866	-1.112233829173866e-05	2.2004169516512215e-08
0.0002795520473722403	0.00015732217888134666	-1.1829117179100072e-05	2.489019598121132e-08
0.0002884259819291858	0.00016732052956585874	-1.2580733811191703e-05	2.815443447742747e-08
0.0002975816054068928	0.00017795328581329543	-1.3380025356699054e-05	3.1846397010294326e-08
0.00030702785957156093	0.00018926060169075775	-1.423000779723996e-05	3.602206847425716e-08
0.0003167739700315183	0.0002012851630778024	-1.5133887127631752e-05	4.07447514148494e-08
0.0003268294552473373	0.00021407234635877613	-1.6095071250934688e-05	4.6086020794124476e-08
0.00033720413582796326	0.00022767038696979857	-1.711718261070807e-05	5.2126803043506154e-08
0.00034790814412193305	0.0002421305584033631	-1.820407160544265e-05	5.89585955357405e-08
0.00035895193411305214	0.00025750736230954063	-1.935983083280395e-05	6.668484469349181e-08
0.00037034629163019376	0.00027385873037084413	-2.0588810214143654e-05	7.542250330636473e-08
0.00038210234488119256	0.00029124623866806225	-2.1895633052718824e-05	8.530379028507319e-08
0.00039423157532111886	0.00030973533529690537	-2.3285213082208075e-05	9.647817907977023e-08
0.0004067458288655504	0.0003293955820402533	-2.476277256544072e-05	1.0911464437276499e-07
0.00041965732745978974	0.0003503009109482664	-2.6333861506765916e-05	1.234042004730428e-07
0.0004329786810153303	0.0003725298967287616	-2.8004378045195204e-05	1.3956276914643998e-07
0.00044672289972522394	0.00039616604590318695	-2.978059009936184e-05	1.5783441947323222e-07
0.0004609034067703825	0.00042129810373939936	-3.1669158339464754e-05	1.7849502780434381e-07
0.00047553405142921934	0.0004480203800314069	-3.367716056571371e-05	2.0185641206725512e-07
0.0004906291226034363	0.0004764330948584242	-3.58121175773765e-05	2.2827100164175205e-07
0.0005062033627731645	0.0005066427455211733	-3.808202062135879e-05	2.5813711188383797e-07
0.0005222719823950891	0.0005387624959224969	-4.0495360514335674e-05	2.919049012358245e-07
0.0005388506747576206	0.0005729125897322099	-4.306115853781063e-05	3.300830988482859e-07
0.0005559556313076182	0.0006092207887528693	-4.578899921111656e-05	3.732466018974238e-07
0.0005736035574636368	0.0006478228379839692	-4.868906505330551e-05	4.2204505446936896e-07
0.0005918116889311399	0.0006888629589671514	-5.1772173451112073e-05	4.772125341808313e-07
0.0006105978085356134	0.0007324943730845501	-5.5049815756733344e-05	5.395784888153784e-07
0.0006299802635900184	0.0007788798565765549	-5.853419874605743e-05	6.100800834035577e-07
0.0006499779838135485	0.0008281923291442718	-6.223828857520775e-05	6.897761386181846e-07
0.0006706104998191871	0.0008806154781059915	-6.617585738086393e-05	7.798628643799364e-07
0.0006918979621881244	0.0009363444201862317	-7.036153267778506e-05	8.816916184946574e-07
0.0007138611611496608	0.0009955864031306317	-7.481084971531277e-05	9.967889493337157e-07
0.0007365215468858171	0.0010585615494603034	-7.954030696338029e-05	1.126879214427627e-06
0.000759901250480483	0.0011255036448054518	-8.456742490771507e-05	1.2739101038258786e-06
0.0007840231055335627	0.0011966609733903143	-8.991080834350883e-05	1.4400814386924378e-06
0.0008089106704612266	0.0012722972033799742	-9.559021236685053e-05	1.6278776624288432e-06
0.0008345882515040496	0.0013526923249445686	-0.00010162661227369132	1.8401044942861696e-06
0.0008610809264655063	0.0014381436440480148	-0.0001080422775870411	2.0799302746618983e-06
0.0008884145692040056	0.0015289668351268378	-0.0001148608504445005	2.3509325978826128e-06
0.0009166158749023881	0.0016254970559901453	-0.00012210742859011467	2.6571509031495196e-06
0.0009457123861395613	0.001728090128444448	-0.0001298086532269085	3.0031457784797327e-06
0.0009757325197897379	0.0018371237883270189	-0.00013799280199932847	3.3940658270406432e-06
0.00100670559477555	0.0019529990088189384	-0.00014668988738818843	3.835723051509715e-06
0.0010386618607021367	0.0020761414011040416	-0.00015593176081458426	4.33467783140899e-06
0.0010716325274001807	0.0022070026966426906	-0.0001657522227636253	4.89833470233919e-06
0.001105649795406738	0.0023460623155398047	-0.00017618713925370802	5.535050296434396e-06
0.0011407468874136337	0.0024938290257048123	-0.00018727456499243917	6.254254972140921e-06
0.0011769580807141375	0.002650842697727205	-0.0001990548735761872	7.066589850788077e-06
0.0012143187406796084	0.002817676160625135	-0.00021157089510659104	7.984061189811407e-06
0.0012528653552987983	0.0029949371638658207	-0.0002248680616141681	9.020214260638759e-06
0.001292635570813556	0.0031832704513053735	-0.00023899456069642044	1.0190329166196391e-05
0.001333668228485726	0.003383359952951674	-0.0002540014977955074	1.1511641332119515e-05
0.0013760034025311549	0.0035959311007169475	-0.00026994306755860663	1.3003589740826348e-05
0.001419682439257853	0.0038217532745962674	-0.00028687673474248027	1.46880963528238e-05
0.0014647479974465353	0.004061642385983857	-0.00030486342514245547	1.6589880579610223e-05
0.0015112440900129753	0.004316463605120296	-0.00032396772704495493	1.873681314249478e-05
0.0015592161269928676	0.0045871342399498105	-0.0003442581037218187	2.116031417729807e-05
0.001608710959891175	0.004874626773956895	-0.00036580711750385593	2.3895801032593884e-05
0.0016597769274392731	0.0051799720708447725	-0.0003886916659902749	2.6983191865942177e-05
0.0017124639028045863	0.005504262754213349	-0.00041299323096975543	3.046747187624716e-05
0.001766823342298816	0.005848656770690206	-0.0004387981406478397	3.4399329829576385e-05
0.001822908335632334	0.006214381145263348	-0.0004661978457938877	3.883587345002746e-05
0.0018807736577638224	0.006602735937857046	-0.0004952892104389344	4.3841433267046185e-05
0.0019404758223957967	0.007015098410480433	-0.0005261748177732201	4.9488465647583776e-05
0.0020020731371682638	0.0074529274145603164	-0.0005589632919087681	5.585856700840621e-05
0.0020656257606044026	0.007917768008342404	-0.0005937696361879329	6.304361261478918e-05
0.002131195760863912	0.008411256314506179	-0.000630715588733121	7.114703494219104e-05
0.002198847176361375	0.008935124628384953	-0.0006699299959456141	8.028525832423903e-05
0.002268646078308865	0.009491206787410366	-0.0007115492046723418	9.058930855205444e-05
0.002340660635243865	0.010081443812606582	-0.0007557174737682033	0.00010220661824690212
0.0024149611796055195	0.010707889833138633	-0.000802587405787814	0.00011530305122256291
0.0024916202764242515	0.011372718305067604	-0.0008523203995439205	0.00013006517170989845
0.0025707127941918127	0.012078228535577116	-0.0009050871242698099	0.0001467027872601483
0.002652315977981001	0.012826852524005068	-0.0009610680161193123	0.0001654517974041827
0.0027365095248864327	0.01362116213103546	-0.0010204537977300016	0.00018657738375325603
0.0028233756618600784	0.014463876587370472	-0.0010834460215623303	0.00021037758121632294
0.002912999226017552	0.015357870353104614	-0.0011502576377091227	0.00023718727441587783
0.0030054677474935973	0.016306181338853042	-0.00122111358684538	0.0002673826682475376
0.003100871534927697	0.01731201949943484	-0.001296251418957064	0.0003013862868899603
0.003199303763663275	0.01837877581057013	-0.0013759219384485643	0.00033967256147590175
0.0033008605667466514	0.019510031638605336	-0.0014603898761811462	0.0003827740731298336
0.0034056411288146088	0.020709568512722785	-0.0015499345889378358	0.00043128852521314494
0.003513747782962275	0.02198137830840536	-0.001644850786743004	0.0004858865264478827
0.003625286110685915	0.023329673850100745	-0.0017454492883862563	0.0005473202751704026
0.003740365044998256	0.02475889994004738	-0.001852057805409	0.0006164332443558546
0.0038590969768170346	0.026273744819069373	-0.0019650217547070446	0.0006941709773140467
0.003981597864730693	0.02787915206380297	-0.0020847050997824723	0.0007815931151497085
0.004107987348248396	0.02958033292326364	-0.002211491220541404	0.0008798867892696466
0.004238388864645003	0.03138277909588002	-0.002345783811379788	0.0009903815254705352
0.004372929769515089	0.033292275946088266	-0.0024880078071252724	0.0011145658205188036
0.004511741461153763	0.035314916157273266	-0.00263861033620806	0.0012541055677015845
0.004654959508885764	0.03745711381523859	-0.002798061700215623	0.0014108645246459512
0.004802723785468148	0.039725618913458285	-0.0029668563787434146	0.0015869270348294051
0.004955178603695896	0.04212753226808318	-0.0031455140581844398	0.001784623233688626
0.005112472857343849	0.044670320827013534	-0.003334580682802696	0.00200655699111844
0.005274760166582617	0.04736183335327853	-0.003534629526107049	0.0022556368644705543
0.005442199028010484	0.050210316458447694	-0.0037462622801809767	0.0025351103599293703
0.005614952969447841	0.05322443095680928	-0.003970110160227545	0.0028486018253605
0.00579319070964532	0.05641326850554812	-0.004206835021155897	0.003200154324374291
0.005977086323061608	0.05978636849010762	-0.0044571304825629775	0.0035942758693735255
0.006166819409871865	0.06335373510728781	-0.004721723057950198	0.0040359904206803705
0.006362575271372804	0.06712585459137772	-0.005001373283456691	0.00453089408934326
0.006564545090955704	0.07111371252070689	-0.005296876840786751	0.005085217012744207
0.006772926120824144	0.07532881113338755	-0.005609065668356624	0.005705891404441508
0.0069879218746387835	0.07978318657166869	-0.0059388090539829845	0.006400626312509366
0.007209742326277334	0.08448942596419588	-0.00628701470168024	0.007177989653618481
0.007438604114903885	0.0894606842445291	-0.00665462976432426	0.00804749812279957
0.0076747307565477796	0.0947107005924778	-0.007042641833074853	0.00901971561070695
0.007918352862398774	0.1002538143721348	-0.0074520798735265795	0.010106360790603883
0.008169708364031584	0.1061049804268935	-0.00788401509757649	0.011320424565450266
0.008429042745779866	0.112279783577191	-0.008339561758957257	0.012676298090472313
0.00869660928448651	0.1187944521512071	-0.008819877859284524	0.01418991210735813
0.008972669296864447	0.1256658703622461	-0.009326165750308504	0.015878888341503073
0.009257492394709502	0.1329115893290245	-0.009859672616842582	0.017762703722078575
0.009551356748214609	0.1405498365165771	-0.010421690823567304	0.019862868184458576
0.009854549357642487	0.1485995233559836	-0.011013558107578952	0.02220311680381453
0.010167366333622157	0.1570802507806196	-0.011636657597170962	0.024809616985336142
0.010490113186342982	0.1660123123951813	-0.012292417635907733	0.027711191398130844
0.010823105123928776	0.1754166949713687	-0.012982311389578938	0.030939557283694196
0.011166667360283275	0.1853150759408856	-0.013707856212114927	0.03452958269290821
0.011521135432707675	0.195729817532422	-0.014470612745007452	0.03851956010449118
0.011886855529600466	0.2066839571746134	-0.015272183723224328	0.042951497749033354
0.012264184828559534	0.2182011937617505	-0.016114212459042446	0.04787142880222815
0.012653491845216813	0.2303058693533979	-0.0169983809736633	0.053329738414350174
0.013055156793146104	0.2430229458532522	-0.01792640774493375	0.059381508305830374
0.013469571955195618	0.2563779761867398	-0.018900045037988752	0.06608687837604653
0.013897142066607878	0.2703970694712868	-0.01992107578418128	0.07351142443905899
0.014338284710301134	0.2851068496481715	-0.02099130997228951	0.08172655081065781
0.014793430724698376	0.3005344070207415	-0.0221125805147168	0.09080989602032857
0.015263024624502224	0.3167072421209207	-0.023286738550253327	0.10084574940414735
0.015747525034826636	0.3336532013047964	-0.02451564814398039	0.11192547574485845
0.01624740513910946	0.3514004034591493	-0.02580118034410249	0.12414794445840181
0.016763153141243225	0.36997715718463	-0.02714520655492688	0.13761995907733005
0.01729527274237557	0.3894118678085112	-0.028549591184915964	0.15245668194693926
0.01784428363284492	0.4097329335712445	-0.030016183528760256	0.1687820481265301
0.01841072199973189	0.4309686303271721	-0.031546808842809165	0.18672916147424345
0.01899514105052207	0.4531469841015268	-0.03314325857400684	0.20644066478921286
0.01959811155339173	0.4762956308541828	-0.03480727970377029	0.22806907469116047
0.02022022239464391	0.5004416628164942	-0.036540563170081565	0.25177707063932436
0.02086208115383957	0.525611460792003	-0.038344731333511885	0.2777377261369426
0.021524314697185257	0.5518305118459612	-0.04022132445602973	0.30613466874517276
0.022207569789756926	0.5791232118536678	-0.04217178616534406	0.3371621540560837
0.022912513727157947	0.6075126524348395	-0.04419744788228281	0.3710250372677213
0.023639834987227906	0.6370203918719207	-0.046299512194394085	0.40793862449009427
0.024390243902439025	0.66766620969576	-0.04847903516567573	0.44812838442009734
0.02516447335363665	0.6994678447238215	-0.05073690758018437	0.4918294995933883
0.025963279485801447	0.7324407164554724	-0.05307383512634658	0.5392862350968243
0.026787442446532337	0.7665976298672931	-0.05549031753919275	0.5907511014587516
0.027637767147971372	0.8019484638101598	-0.05798662672955809	0.6464837874869483
0.028515084052914735	0.8384998433903562	-0.06056278394264238	0.7067498381645351
0.029420249985877577	0.8762547969203885	-0.06321853600328325	0.7718190524203898
0.03035414896990476	0.91521239825257	-0.06595333072195911	0.8419635757485407
0.03131769308994491	0.9553673955606709	-0.06876629155397046	0.917455663354465
0.03231182338363087	0.9967098279126434	-0.0716561916245045	0.9985650908557789
0.033337510760336496	1.0392246312809077	-0.07462142725439962	1.0855561916664223
0.03439575694940758	1.082891235965926	-0.07765999114539511	1.1786845031565136
0.035487595478492714	1.1276831577632194	-0.08076944540944393	1.278193007614575
0.03661409268292983	1.1735675855826098	-0.08394689465420109	1.3843079590522795
0.03777634874717398	1.2205049686296314	-0.08718895936594823	1.4972342930849345
0.03897549877928374	1.2684486066803728	-0.09049174986177934	1.6171506245824259
0.04021271391951532	1.31734424741938	-0.09385084111458622	1.744203846586848
0.041489202484107326	1.3671296952616254	-0.0972612487868975	1.8785033541817315
0.042806211145373134	1.417734436538965	-0.1007174068424995	2.020114928589534
0.04416502614925335	1.4690792863929325	-0.1042131471374625	2.1690543297450624
0.045566974571517614	1.5210760631721123	-0.1077416814240597	2.325280659871255
0.04701342561384255	1.5736272965753668	-0.1112955862313467	2.4886895760416765
0.04850579194103151	1.626625976202526	-0.1148667911139816	2.6591064461576437
0.05004553106068236	1.6799553475611908	-0.1184465707852349	2.8362795599302233
0.0516341467466506	1.7334887629203544	-0.1220255416699591	3.0198735239909875
0.053273190507698	1.7870895946858936	-0.1255936634273864	3.209462987727703
0.05496426310276118	1.8406112191859327	-0.1291402460007243	3.4045268633302532
0.056709016104320026	1.8938970788812128	-0.1326539627493124	3.604443219227887
0.05850915351139264	1.9467808310419512	-0.1361228702082606	3.808485039906125
0.06036643341373232	1.9990865908429551	-0.1395344349986865	4.015817056238511
0.06228266970885187	2.050629276607823	-0.1428755683776745	4.225493858120368
0.06425973387355198	2.1012150645660785	-0.14613266886976	4.436459504470429
0.06629955679168403	2.1506419599602244	-0.1492916733601637	4.647548843676233
0.06840413063993236	2.1987004906403	-0.1523381169534682	4.857490749418825
0.07057551083345759	2.2451745284008555	-0.1552572018095467	5.064913461693735
0.07281581803330137	2.289842242240828	-0.1580338750613127	5.2683522000173975
0.07512724021751295	2.3324771864550984	-0.1606529157966637	5.466259184687462
0.07751203481802045	2.372849524995136	-0.1630990309507272	5.657016162166708
0.0799725309253335	2.4107273918667484	-0.1653569598055751	5.838949482052798
0.08251113156323096	2.4458783854712363	-0.1674115866348722	6.010347715854986
0.08513031603565467	2.4780711927524672	-0.1692480608629004	6.169481742455488
0.08783264234810184	2.507077336801687	-0.170851923933986	6.314627152616585
0.09062074970588056	2.5326730392141976	-0.1722092419129184	6.444088746562703
0.09349736109166856	2.5546411860124314	-0.1733067426631996	6.556226816323531
0.09646528592489213	2.572773383378286	-0.1741319562818927	6.649484820418313
0.09952742280552339	2.5868720868086137	-0.174673357311513	6.722417975264028
0.1026867623449746	2.596752784660496	-0.1749205071049152	6.773722208447881
0.1059463900868546	2.602246214431003	-0.1748641945923521	6.802262847070916
0.1093094895204406	2.603200587566427	-0.1744965735943744	6.807102353302367
0.1127793451898068	2.599483796169435	-0.1738112947431053	6.787526372727732
0.1163593459016488	2.5909855727227966	-0.1728036300201474	6.743067332605818
0.1200529880349339	2.577619571931924	-0.1714705878937941	6.673524820119158
0.1238638789556117	2.559325342064428	-0.1698110170424554	6.578981988042196
0.1277957405397192	2.5360701517944646	-0.16782569668568	6.459817279290833
0.1318524128083211	2.507850637605999	-0.165517411608679	6.316710834086453
0.1360378576778356	2.47469423633698	-0.1628910100601433	6.1506450445178835
0.140356162829408	2.4366603675218435	-0.159953442825383	5.962898850523378
0.1448115457011123	2.393841330878848	-0.1567137819262955	5.755035526869456
0.1494083576068777	2.3463628856573457	-0.1531832175753901	5.528883889337016
0.1541510879861644	2.2943844806714373	-0.1493750322123988	5.286513045394396
0.1590443687885393	2.2380991067593494	-0.1453045506787444	5.03020102412495
0.1640929789974315	2.177732747173604	-0.1409890658377867	4.762397834798104
0.1693018492974886	2.1135434060653355	-0.1364477392284371	4.4856837148628115
0.1746760668900905	2.0458197008007866	-0.131701476648028	4.20272352713589
0.1802208804617231	1.974879010341152	-0.126772778899112	3.916218442955851
0.1859417053100667	1.901065179303342	-0.1216855682990509	3.628856193491911
0.1918441286328022	1.8247457868746149	-0.1164649920828801	3.3432612810975226
0.1979339149843035	1.7463089907824303	-0.1111372036531462	3.061946569323391
0.204217011905543	1.6661599856769205	-0.1057291244928254	2.787267745636935
0.2106995557327098	1.58471709937452	-0.1002681882961557	2.521381994634186
0.2173878775902131	1.5024075796935288	-0.09478207064147437	2.2662121764356526
0.2242885095739242	1.419663127000412	-0.08929840755644179	2.0234175997567045
0.2314081911306957	1.336915238338874	-0.08384450690582732	1.7943722558409696
0.2387538756403876	1.2545904376781951	-0.07844705700041518	1.5801511070655916
0.2463327372068305	1.1731054742497653	-0.07313183723781987	1.3815247193325457
0.2541521776643563	1.0928625767427458	-0.06792343591623508	1.1989622047914608
0.2622198338067403	1.0142448549177228	-0.06284498058365173	1.032642117311632
0.2705435848456146	0.9376119416253004	-0.057917886372022075	0.8824706346401682
0.2791315601056371	0.863295967001318	-0.05316162769525252	0.7481060852999495
0.2879921469639306	0.7915979525541789	-0.04859353844381831	0.6289886504664589
0.2971339990415481	0.7227847058731627	-0.044228645376266654	0.5243739041159737
0.306566044654962	0.6570862868053553	-0.04007953878678303	0.4333687577370109
0.3162974955358325	0.5946941033458484	-0.03615628372628715	0.3549683534072184
0.326337855827572	0.5357596804748928	-0.03246637409092312	0.2880925006691709
0.3366969313674901	0.4803941282063461	-0.02901473079569245	0.23162037301828178
0.3473848392635857	0.428668316755358	-0.02580374406140325	0.18442235899745832
0.35841201777534	0.3806137476599051	-0.022833358607264747	0.14538818717300586
0.3697892365081583	0.3362240906365939	-0.020101199311669517	0.11345069733817198
0.3815276069314187	0.2954573376828765	-0.017602733735202727	0.08760489462560576
0.3936385932304002	0.2582385092084192	-0.015331466846448117	0.06692218151385053
0.4061340235026864	0.2244628324863198	-0.013279162402164353	0.05055989932188471
0.4190261013099823	0.1939993010632888	-0.011436084750709409	0.03776651284746998
0.4323274175966254	0.1666945154275936	-0.009791254382012103	0.027882930136013506
0.4460509629864297	0.1423767005177445	-0.008332710357479687	0.02034055891222116
0.4602101404698752	0.1208597946995318	-0.0070477728235059595	0.014656761076584724
0.4748187784940297	0.1019475075977682	-0.005923299133314072	0.010428379778019725
0.4898911444679919	0.08543725041820553	-0.0049459276512202255	0.007323985959354266
0.5054419586970411	0.07112385175007699	-0.004102304057171251	0.005075431186344414
0.5214864087591059	0.058802983781413305	-0.003379285864892488	0.0034692104745538185
0.5380401643375898	0.04827423776748532	-0.002764121865679929	0.0023380424017200364
0.555119392525042	0.039343802784404754	-0.0022446042607521983	0.0015529730658255221
0.5727407736126188	0.031826717569280065	-0.0018091922978240287	0.0010162131280052262
0.5909215173807556	0.025548680905748692	-0.0014471072355198976	0.0006548292153748618
0.6096793799069609	0.0203474209210476	-0.0011483993818817103	0.0004153363592785919
0.6290326809071478	0.01607363726098883	-0.0009039887579429368	0.0002591790104723357
0.6490003216274364	0.01259154194890213	-0.0007056816005891177	0.00015904491517237208
0.6696018033039048	0.00977903447887578	-0.000546165426578672	9.592781201223116e-05
0.6908572462083146	0.0075275541329435135	-0.00041898572670749374	5.6839620263579575e-05
0.7127874092984132	0.0057416575616877005	-0.0003185075490947438	3.3068078614515894e-05
0.7354137104920024	0.004338372361330127	-0.00023986527403329567	1.8879010095240212e-05
0.7587582475845771	0.003246377856627619	-0.000178903796109254	1.0570975756264437e-05
0.7828438198309594	0.0024050627852088566	-0.0001321141327813668	5.8017811448771554e-06
0.8076939502120076	0.001763506372038518	-9.656619532902768e-05	3.1192797543007797e-06
0.8333329084081473	0.0012794247266617249	-6.984111208024635e-05	1.6418054121300348e-06
0.8597857345021594	0.0009181189607245765	-4.996510890773425e-05	8.454389381501383e-07
0.8870782634343767	0.0006514552831267398	-3.534655049988978e-05	4.2564336454598205e-07
0.9152371502341708	0.0004569009436838941	-2.4717347919314355e-05	2.0936941962739742e-07
0.9442898960523713	0.00031663358880150606	-1.707956047776046e-05	1.005485409434347e-07
0.9742648750200472	0.00021673564358485128	-1.1657676512242934e-05	4.711024062180378e-08
1.005191361959871	0.00014647996520042176	-7.856758102209422e-06	2.15181088529934e-08
1.037099560977141	9.770838018927e-05	-5.2263852904053005e-06	9.574242662414696e-09
1.070020634958379	6.43009258184134e-05	-3.4301382662770154e-06	4.146374909630882e-09
1.1039867360063114	4.173068068436428e-05	-2.2202113341637486e-06	1.7463790487487233e-09
1.139031036840964	2.6696985357501732e-05	-1.416656654882476e-06	7.147359432564847e-10
1.175187763197532	1.6828599961374698e-05	-8.907013891211886e-07	2.839951256245629e-10
1.21249222725267	1.0447636402502062e-05	-5.515702007387197e-07	1.0945733608522918e-10
1.2509808621118463	6.385129891082695e-06	-3.3625658094581986e-07	4.0882952214227083e-11
1.2906912573914415	3.839743396428811e-06	-2.0171169373695225e-07	1.4784316957808894e-11
1.3316621959303472	2.270964619313257e-06	-1.1900429951179967e-07	5.1714423254749e-12
1.3739336916669145	1.3201408777080444e-06	-6.902231023300403e-08	1.7475360163056667e-12
1.4175470287182437	7.542233373292712e-07	-3.9322240086947055e-08	5.703990811375591e-13
1.462544801699989	4.2340831759639446e-07	-2.1987197307270307e-08	1.7975804025523806e-13
1.508970957326046	2.3271840922735625e-07	-1.2088792081734427e-08	5.4303996887306656e-14
1.556870837328758	1.266523738420647e-07	-6.4678388017385495e-09	1.608265673859539e-14
1.6062912227415536	6.831752766465793e-08	-3.3648374895593517e-09	4.678606717542446e-15
1.6572803795872706	3.601180217100245e-08	-1.7090945060071863e-09	1.2997708996338806e-15
1.709888106016777	1.819418599693889e-08	-8.634831209219524e-10	3.317740071913243e-16
1.7641657809439364	8.995143502172305e-09	-4.269031099112299e-10	8.109485288992452e-17
1.8201664142244125	4.348830441032101e-09	-2.0639239822076018e-10	1.8954924026890775e-17
1.8779446984273185	2.0545537324405203e-09	-9.750765817652232e-11	4.2306987828883426e-18
