r	P	Q	rho
0.00016844867497713668	-0.005813717988385711	0.0008689535044375595	3.455439704135392e-05
0.0001737958099096198	-0.005988787388605055	0.0008951720111310809	3.666690731542742e-05
0.00017931268112521747	-0.006169085432504641	0.0009221768268436676	3.890802517350843e-05
0.00018500467663193191	-0.006354765547575109	0.0009499912326158819	4.1285528506694614e-05
0.00019087735547149905	-0.0065459854899659765	0.0009786391797505756	4.380766067898799e-05
0.00019693645314858196	-0.006742907455434051	0.0010081453079534214	4.6483157914496606e-05
0.00020318788723230528	-0.006945698192423891	0.0010385349638357114	4.9321278251349754e-05
0.0002096377631356021	-0.007154529117278772	0.0010698342193914245	5.2331832146970625e-05
0.00021629238007801584	-0.007369576431351747	0.0011020698920175735	5.5525214824426776e-05
0.00022315823723778312	-0.007591021240370422	0.0011352695637092632	5.891244045403952e-05
0.00023024204009920347	-0.007819049675671857	0.0011694616014846363	6.250517826797118e-05
0.0002375507070014972	-0.008053853017480487	0.0012046751778602414	6.631579071133215e-05
0.00024509137589554566	-0.008295627820098687	0.0012409402918786214	7.035737373760308e-05
0.0002528714113151138	-0.00854457603897987	0.0012782877905302646	7.464379936132766e-05
0.0002608984115693626	-0.008800905159622813	0.001316749390604363	7.91897605863324e-05
0.0002691802161636775	-0.0090648283282168	0.0013563577009617323	8.401081883299997e-05
0.0002777249134560577	-0.009336564483959512	0.0013971462452290618	8.912345399369181e-05
0.0002865408485565463	-0.009616338492958678	0.0014391494849114515	9.454511725107966e-05
0.00029563663147741544	-0.00990438128361754	0.001482402842919463	0.00010029428679996912
0.0003050211455420651	-0.010200929983392492	0.0015269427275057292	0.00010639052661915858
0.00031470355606085	-0.010506228056798217	0.0015728065566050049	0.00011285454844595372
0.00032469331928230624	-0.01082052544452236	0.0016200327825702176	0.000119708277112158
0.0003350001916285207	-0.011144078703496896	0.0016686609172956914	0.00012697491940664318
0.0003456342392236623	-0.011477151147757766	0.001718731557717206	0.0001346790366359704
0.0003566058477249814	-0.011820012989907676	0.001770286411676918	0.00014284662106095415
0.0003679257324658784	-0.012172941482978893	0.0018233683241394248	0.00015150517639350337
0.0003796049489209486	-0.012536221062473802	0.0018780213037433648	0.00016068380254452571
0.0003916549035032224	-0.012910143488340488	0.0019342905496709177	0.00017041328482008653
0.0004040873647041469	-0.013295007986618704	0.001992222478815407	0.00018072618776935253
0.0004169144745871892	-0.013691121390468353	0.002051864753224844	0.00019165695389406653
0.00043014876064628455	-0.014098798280267598	0.0021132663077967867	0.00020324200743534565
0.0004438031480407135	-0.014518361122441306	0.0021764773781971724	0.0002155198634594192
0.00045789097221835446	-0.014950140406652167	0.0022415495289729377	0.00022853124246945264
0.0004724259919396421	-0.01539447478095683	0.0023085356818251506	0.00024231919077577575
0.0004874224027149498	-0.01585171118449725	0.0023774901440061047	0.00025692920686156133
0.0005028948506685222	-0.01632220497726349	0.0024484686368003296	0.00027240937398519984
0.0005188584468424935	-0.016806320066427814	0.0025215283240456864	0.00028881049926417885
0.0005353287819549664	-0.017304429028711613	0.0025967278406467897	0.0003061862594881073
0.000552321941626561	-0.01781691322820555	0.002674127321028661	0.0003245933539104778
0.0005698545220903085	-0.018344162929020056	0.002753788427474032	0.0003440916642697236
0.0005879436464002277	-0.018886577402097253	0.0028357743782828565	0.0003647444222899361
0.0006066069811544184	-0.019444565025466168	0.002920149975687442	0.0003866183849100895
0.0006258627537490037	-0.02001854337717182	0.003006981633451144	0.0004097840174876223
0.0006457297701797689	-0.02060893932005328	0.003096337404072736	0.000434315685217498
0.0006662274334088872	-0.02121618907748809	0.0031882870055123733	0.00046029185300124395
0.0006873757623146667	-0.02184073829915864	0.0032829018473485142	0.0004877952939916594
0.0007091954112428275	-0.02248304211583104	0.0033802550562681724	0.000516913307027659
0.0007317076901784022	-0.023143565182068247	0.003480421500785481	0.0005477379431597715
0.0007549345855579625	-0.02382278170572632	0.0035834778150756934	0.0005803662414498282
0.000778898781742495	-0.02452117546300593	0.003689502421803464	0.0006149004742080178
0.0008036236831719018	-0.02523923979775014	0.003798575553815396	0.0006514484018063785
0.0008291334372227571	-0.02597747760359372	0.003910779274557593	0.0006901235371795225
0.0008554529577916509	-0.026736401287479342	0.004026197497069044	0.0007310454200905321
0.0008826079496271438	-0.027516532712960663	0.004144916001391267	0.0007743399012020237
0.0009106249334341059	-0.028318403121612223	0.004267022450223678	0.0008201394359488497
0.0009395312717749479	-0.029142553030760857	0.00439260640264247	0.0008685833881592445
0.0009693551957930503	-0.029989532105642498	0.004521759325688568	0.0009198183433148136
0.0010001258327844815	-0.03085989900397164	0.00465457460361731	0.0009739984312759689
0.0010318732346449389	-0.03175422119078868	0.0047911475445888575	0.001031285658227553
0.0010646284072196902	-0.032673074721321915	0.004931575384564047	0.0010918502475187233
0.0010984233405851856	-0.033617043989466466	0.005075957288155272	0.0011558709889809002
0.0011332910402919066	-0.03458672143934155	0.005224394346166142	0.0012235355962068612
0.0011692655595989744	-0.03558270723723972	0.005376989569537019	0.0012950410711620216
0.0012063820327319911	-0.036605608901127726	0.005533847879396024	0.0013705940753746173
0.0012446767091965987	-0.03765604088469727	0.00569507609289677	0.0014504113068138766
0.0012841869891812682	-0.03873462411279532	0.005860782904504862	0.0015347198814132808
0.001324951460083895	-0.039841985464888936	0.006031078862375081	0.0016237577180286088
0.0013670099341978692	-0.040978757203035975	0.006206076339440095	0.0017177739254363308
0.0014104034875944338	-0.04214557634064329	0.00638588949880957	0.0018170291897759976
0.0014551745002392993	-0.04334308394809632	0.006570634253055569	0.0019217961606191522
0.0015013666973826983	-0.04457192439113906	0.00676042821693619	0.002032359833605764
0.0015490251922632996	-0.04583274449767062	0.006955390653084413	0.002149017927325771
0.0015981965301676891	-0.04712619264840489	0.007155642410163249	0.0022720812518366978
0.0016489287338884544	-0.048452917786612634	0.007361305852961233	0.0024018740658970843
0.0017012713506252548	-0.049813568341930965	0.007572504783874379	0.0025387344196580275
0.001755275500374701	-0.05120879106298417	0.0077893643551916894	0.002683014479190298
0.0018109939258562865	-0.05263922975331168	0.00801201097157137	0.0028350808288305136
0.0018684810440231423	-0.05410552390484562	0.008240572182063857	0.0029953147469056252
0.0019277929992079176	-0.05560830722291996	0.008475176561005899	0.0031641124499388763
0.001988987717955692	-0.05714820603652872	0.008715953577076992	0.0033418852999512988
0.0020521249655974694	-0.05872583758728129	0.008963033449775806	0.0035290599689495397
0.0021172664046195124	-0.060341808190229246	0.00921654699253958	0.0037260785541321077
0.002184475654885509	-0.061996711259463454	0.009476625441694201	0.003933398636751449
0.002253818355770409	-0.06369112519110245	0.009743400270386525	0.004151493276937654
0.002325362230266587	-0.06542561109601443	0.01001700298661402	0.00438085093612076
0.0023991771511249617	-0.0672007103743383	0.010297564914429604	0.00462197531798259
0.0024753352090956574	-0.06901694212359416	0.010585216957362076	0.004875385118125972
0.002553910783334857	-0.07087480037190332	0.010880089343054972	0.005141613671870005
0.002634980614046608	-0.0727747511275735	0.01118231134808882	0.005421208488765857
0.0027186238774305257	-0.0747172292360504	0.011492011001914366	0.005714730661580625
0.0028049222630085933	-0.07670263503499207	0.011809314768787058	0.006022754136619486
0.0028939600534065805	-0.07873133079799377	0.012134347206556586	0.00634586483135239
0.0029858242066679907	-0.08080363695727814	0.01246723060112963	0.00668465958438535
0.0030806044411809366	-0.08291982809547514	0.012808084575389502	0.007039744921873479
0.00317839332330089	-0.08508012869645065	0.013157025671323591	0.007411735623520473
0.0032792863577548567	-0.08728470864500555	0.013514166904078508	0.007801253070354798
0.0033833820809153177	-0.0895336784651662	0.013879617286634408	0.008208923355527207
0.0034907821570349744	-0.09182708428672497	0.014253481323764246	0.008635375138448188
0.003601591477536332	-0.09416490252967263	0.014635858473921464	0.009081237221691407
0.003715918263453063	-0.09654703429620141	0.015026842577681264	0.009547135829246307
0.003833874171123212	-0.0989732994600504	0.015426521251346926	0.010033691563927073
0.003955574401237461	-0.1014434304431287	0.015834975244324066	0.010541516021058248
0.0040811378113489605	-0.1039570656695873	0.01625227775886344	0.011071208034982136
0.004210687031954606	-0.10651374268783	0.016678493730777053	0.011623349534496829
0.004344348586261129	-0.1091128909513729	0.017113679069744744	0.012198500983068414
0.004482253013752966	-0.1117538242499752	0.01755787985784884	0.012797196379596998
0.004624534997682607	-0.1144357327831034	0.018011131505005235	0.013419937795696439
0.0047713334966079084	-0.1171576748685526	0.01847345786000035	0.01406718942591069
0.004922791880104851	-0.119918568279953	0.01894487027589672	0.014739371128084303
0.005079058068788294	-0.1227171812079494	0.019425366628636517	0.015436851432281636
0.005240284678777444	-0.1255521228410721	0.01991493028775333	0.016159939998265732
0.005406629170747183	-0.1284218335637337	0.020413529038199856	0.01690887950366475
0.005578254003710746	-0.1313245747704069	0.020921113952413566	0.017683836947638067
0.005755326793684037	-0.1342584182968797	0.02143761821187672	0.018484894358178114
0.005938020477386454	-0.137221235471566	0.02196295587758137	0.01931203889522355
0.006126513481138148	-0.1402106857921949	0.022497020608987943	0.02016515234659883
0.0063209898951186606	-0.1432242052358224	0.02303968433126727	0.021044000019517423
0.006521639653157124	-0.146258994213042	0.02359079585084476	0.021948219037086887
0.006728658718229597	-0.1493120051805216	0.02415017941952195	0.02287730605702321
0.006942249273844748	-0.152379929929604	0.024717633247737753	0.023830604438720697
0.007162619921504752	-0.1554591865726844	0.025292927967851857	0.02480729089502764
0.007389985884434269	-0.1585459062534612	0.02587580504868724	0.02580636167664898
0.007624569217776481	-0.1616359196119648	0.026465975162960093	0.02682661835013197
0.007866599025461475	-0.1647247430405232	0.027063116509656735	0.02786665324498165
0.008116311683958743	-0.1678075647725663	0.02766687309388857	0.028924834661692374
0.008373951073132374	-0.1708792308524053	0.028276852967272177	0.029999291950442354
0.008639768814424366	-0.1739342310409029	0.02889262643244294	0.031087900589954885
0.008914024516598675	-0.1769666847192692	0.02951372421591932	0.03218826741762257
0.009196986029286057	-0.1799703268611317	0.030139635614193905	0.03329771618545897
0.00948892970457724	-0.18293849415153	0.030769806618637364	0.034413273641777715
0.009790140666919977	-0.1858641113406207	0.03140363802556469	0.035531656365679336
0.010100913091583553	-0.1887396779296469	0.03204048353863109	0.036649258610376136
0.01042155049196271	-0.1915572552971551	0.03267964787159827	0.0377621414419911
0.010752366016001555	-0.194308454384533	0.03332038486044195	0.038866023492554115
0.011093682752026997	-0.1969844240717098	0.0339618955947591	0.03995627367925252
0.011445834044290356	-0.1995758403862996	0.034603326579477164	0.04102790627626369
0.011809163818525368	-0.2020728967025739	0.03524376793896934	0.042075578760305016
0.012184026917840478	-0.2044652951004144	0.03588225167683717	0.04309359288589943
0.012570789449273524	-0.2067422390687897	0.03651775000583312	0.044075899480665114
0.012969829141347231	-0.2088924277532944	0.03714917376366038	0.045016107483987954
0.013381535712974756	-0.2109040519628452	0.03777537093170024	0.04590749778337405
0.013806311254075509	-0.2127647921666775	0.03839512527507686	0.046743042430618324
0.014244570618273077	-0.2144618187292715	0.03900715512386967	0.04751542984352454
0.014696741828058664	-0.2159817946476633	0.039610112316719605	0.04821709661696853
0.015163266492815837	-0.2173108810726569	0.04020258132954018	0.04884026657813272
0.015644600240114777	-0.2184347459126283	0.040783078613530414	0.04937699772311189
0.0161412131606973	-0.2193385758357488	0.041350052168184215	0.049819237663966086
0.016653590267587195	-0.220007092003385	0.04190188137649041	0.050158888194675386
0.017182231969774305	-0.2204245698839459	0.04243687713100543	0.05038787954915461
0.01772765456093496	-0.2205748635123365	0.042953282280945415	0.05049825487219245
0.018290390723666044	-0.2204414345751528	0.04344927243186827	0.050482265352410086
0.018870990049725183	-0.2200073867155508	0.04392295713088302	0.050332476372527316
0.01947001957678512	-0.2192555054639864	0.044372381471614285	0.05004188491373063
0.02008806434222652	-0.2181683042114007	0.044795528154340174	0.04960404830510457
0.02072572795451001	-0.2167280766494937	0.04519032003779088	0.04901322423330678
0.021383633182685564	-0.2149169561080462	0.04555462322001235	0.048264521719465145
0.022062422564614888	-0.212716982221298	0.04588625068643826	0.04735406252739467
0.02276275903450085	-0.2101101753536454	0.0461829665638371	0.04627915218777611
0.023485326570336897	-0.2070786192087662	0.04644249101907651	0.045038459505466186
0.0242308308619086	-0.2036045520350882	0.04666250584163097	0.04363220306082918
0.025	-0.199670466823595	0.04684066074840923	0.04206234282089991
0.02579358518747757	-0.195259220870559	0.0469745804487443	0.04033277454331329
0.02661236147294648	-0.1903541550471463	0.04706187250622115	0.03844952418750483
0.027457128507695643	-0.1849392230791051	0.047100136032354696	0.036420939047369316
0.028328711326670655	-0.1789991310920834	0.04708697124491459	0.03425787179274027
0.02922796115423761	-0.172519487620627	0.04701998992085541	0.031973853061041016
0.030155756235524515	-0.1654869642106763	0.04689682677028014	0.02958524768478732
0.031113002694152386	-0.1578894666654921	0.046715151753567545	0.02711138908727239
0.032100635417193525	-0.1497163168924866	0.046472683358650554	0.024574685842404864
0.03311961896822164	-0.140958445202512	0.04616720284936289	0.022000693892843797
0.03417094852934491	-0.1316085927929411	0.04579656948869286	0.019418147473870863
0.035255650873142766	-0.1216615240105475	0.04535873673261331	0.01685894142254755
0.03637478536545504	-0.1111142478390999	0.044851769380818265	0.014358057289439024
0.03752944500000306	-0.09996624788914174	0.04427386166011228	0.011953425543332096
0.03872075746585333	-0.08821971998323953	0.043623356204304894	0.00968571620044886
0.03994988624876583	-0.07587981622885227	0.042898763881204074	0.007598050453459692
0.0412180317675032	-0.06295489425293309	0.04209878440264168	0.005735626358578093
0.04252643254621002	-0.049456770037764566	0.041222327637386175	0.004145252398412339
0.043876366424007454	-0.035400972547013035	0.04026853552931137	0.0028747838109497827
0.04526915180298468	-0.020806998065630328	0.03923680450434143	0.0019724579962150522
0.04670614893580556	-0.005698561898533784	0.03812680822956203	0.0014861271134852198
0.04818876125418862	0.00989615521704733	0.03693852056660489	0.0014623881897293856
0.049718436739557295	0.02594426892952225	0.03567223853915765	0.001945613692681938
0.05129666933719942	0.04240796456968456	0.03432860511145924	0.002976888587842127
0.05292500041531687	0.0592442854812234	0.03290863155121199	0.0045928633927541235
0.05460502027039045	0.07640494024397358	0.03141371912683963	0.006824536643065144
0.056338369680330215	0.09383613294533528	0.029845679865875815	0.009695984452790983
0.058126741506928016	0.1114784209384504	0.028206756078979055	0.013223059423429358
0.059971882349177455	0.1292666047891544	0.02649963833319626	0.017412085945505636
0.06187559424907563	0.1471296553503651	0.02472748153925695	0.022258583826791512
0.06383973645157318	0.164990683104782	0.02289391880153519	0.02774605702947388
0.06586622722039079	0.1827669550763724	0.021003072666563385	0.03384488892932567
0.06795704571147612	0.2003699647195291	0.019059563397331083	0.040511389718602214
0.07011423390593066	0.2177055602430935	0.017068513896757207	0.04768704512740301
0.07233989860429403	0.2346741368055579	0.015035550905357945	0.055298018276461317
0.07463621348413389	0.2511708979185857	0.012966802105860388	0.06325495791808114
0.07700542122295077	0.2670861912095414	0.01086888878186148	0.07145316627817219
0.07944983568847094	0.2823059234113283	0.008748913699016482	0.07977317788403561
0.08197184419846684	0.296712059061317	0.006614443905933026	0.08808179686059119
0.08457390985231171	0.3101832068929775	0.00447348818805183	0.09623363393498033
0.08725857393654604	0.3225952972873067	0.0023344689512389285	0.10407317557717008
0.09002845840680439	0.3338223534105528	0.00020618836232804788	0.11143740615020076
0.09288626844852761	0.3437373577954741	-0.0019022113690240548	0.11815898955230622
0.09583479511896026	0.3522132151220872	-0.003981293619713992	0.12406999960552405
0.09887691807301444	0.3591238108185525	-0.006021378878084026	0.12900616850043292
0.1020156083756615	0.3643451638329831	-0.008012602076109397	0.13281160020051336
0.105253931403599	0.3677566705235737	-0.00994497556491004	0.13534387125357097
0.108595049839026	0.3692424350802748	-0.011808457491641096	0.13647941553234286
0.1120422267584516	0.3686926802308554	-0.013593025256592296	0.13611906279143815
0.115598828819552	0.3660052302043198	-0.015288753649721437	0.134193574525079
0.11926832954919	0.3610870560343338	-0.01688589718656028	0.13066899555933717
0.1230543127358072	0.353855871296505	-0.018374976084943293	0.12555161739713094
0.126960475929502	0.3442417643013043	-0.01974686524654837	0.1188923309763401
0.1309906340532122	0.3321888506284579	-0.020992885530775187	0.11079013372476414
0.1351487231285291	0.3176569277129396	-0.022104896532756373	0.10139455017474759
0.1394388041197814	0.3006231110072458	-0.023075390001866345	0.09090672849541308
0.1438650669001432	0.2810834290861948	-0.023897582961458143	0.07957898857825368
0.1484318343436401	0.2590543529736164	-0.024565509514294457	0.06771262205227592
0.1531435665470496	0.2345742330082634	-0.025074110241071347	0.055653781795796456
0.1580048651858186	0.2077046147917578	-0.025419318021852114	0.04378734873448856
0.1630204780082528	0.1785314042467867	-0.025598139033103987	0.03252872702428769
0.1681953034723672	0.147165850641044	-0.025608727598230515	0.022313594524102448
0.1735343955299258	0.1137453156921193	-0.025450453499965997	0.013585722425253813
0.1790429685623427	0.07843379665804061	-0.025123960302910687	0.006783073839497094
0.1847264024732662	0.04142217173880396	-0.02463121318926104	0.002322492974733797
0.1905902479428184	0.002928137267324087	-0.023975534787056187	0.0005834002561816336
0.1966402318486222	-0.03680419185000874	-0.02316162747565576	0.001891009525053301
0.2028822628589111	-0.07750504408771214	-0.02219558069598741	0.006499675661470291
0.2093224372031816	-0.1188801374199636	-0.0210848618818383	0.014577058473565628
0.2159670446260275	-0.1606122264780516	-0.0198382897711374	0.026189845035280553
0.2228225745299684	-0.2023630616997753	-0.01846598905960741	0.041291801492456606
0.2298957223132724	-0.2437757645125526	-0.016979325628151992	0.05971492086246631
0.2371933959089631	-0.2844776147736004	-0.015390821911818913	0.08116439070639832
0.2447227225313973	-0.3240832381012518	-0.01371405238043534	0.10521802045088598
0.2524910556370013	-0.3621981715616354	-0.011963519563062812	0.13133064128292768
0.2605059821059652	-0.3984227766680589	-0.010154511559590173	0.1588438230728998
0.2687753296519088	-0.4323564590979184	-0.00830294252759429	0.18700104657830655
0.277307174466755	-0.4636021452639128	-0.006425178191026044	0.21496823200808854
0.286109849108278	-0.4917709572481885	-0.004537848965408323	0.24185926646603248
0.2951919506380288	-0.5164870199832712	-0.002657653805332712	0.26676590493494895
0.3045623490175868	-0.5373923282935985	-0.0008011583260092813	0.2887911563634781
0.314230195771336	-0.5541515968130689	0.001015408896253896	0.3070850233057007
0.3242049329242283	-0.5664570131271468	0.002776357704860281	0.3208812558830339
0.3344963022232613	-0.5740328139339915	0.004466731189572695	0.32953362316049645
0.3451143546516773	-0.576639605662362	0.0060724897818747615	0.33255010995059536
0.3560694602451753	-0.5740783547991095	0.007580680661123219	0.32962342416813817
0.3673723182197235	-0.5661939790238365	0.008979588891478405	0.32065625489950456
0.3790339674208622	-0.5528784778655838	0.010258867234393836	0.3057798556438977
0.3910657971047042	-0.5340735506251165	0.011409642231716038	0.28536473741317464
0.4034795580611603	-0.5097726592990391	0.01242459490033793	0.26002253472725173
0.4162873740902536	-0.4800225046966799	0.01329801518326479	0.2305984422230884
0.4295017538427319	-0.4449238943305062	0.014025830122261084	0.198153995656842
0.443135603036541	-0.4046319904783003	0.014605606509474489	0.1639403714599409
0.4572022370610905	-0.3593559356123325	0.015036529496093083	0.12936278567910173
0.4717153939816221	-0.3093578598150685	0.015319359246377824	0.09593696819707917
0.4866892479563804	-0.2549512806376905	0.01545636819274314	0.06523905481650806
0.5021384230796917	-0.1964989100472412	0.015451261749812897	0.03885056313941502
0.5180780076644671	-0.1344098857655943	0.015309085471618205	0.018300385489497417
0.5345235689780836	-0.06913644571466968	0.015036121588339104	0.005005933078476785
0.5514911684460296	-0.00117006488815866	0.014639777651989028	0.00021569214154217912
0.5689973773381682	0.06896292566611485	0.014128469680866285	0.00495549877195324
0.5870592929529344	0.1407062173085672	0.013511501757018794	0.019980800269015657
0.6056945553152745	0.2134788774574219	0.0127989435429879	0.04573704407629754
0.6249213644046349	0.286681152695033	0.012001506690787974	0.08233011947340187
0.6447584979298265	0.3597006899749107	0.011130420664031516	0.12950847263258514
0.6652253296681223	0.431919136479116	0.01019730812542367	0.18665812554987007
0.6863418483865024	0.5027190680244804	0.009214059790442665	0.25281136025322404
0.7081286773635225	0.5714911828816813	0.008192708536611665	0.3266692925846692
0.7306070945308735	0.6376416829023321	0.007145302595838626	0.40663797112370437
0.7537990532543024	0.7005997476594114	0.006083777840244946	0.4908770187732403
0.7777272037741915	0.7598249908383297	0.005019829481519425	0.5773592153904913
0.8024149153267334	0.8148147724884999	0.003964783910088713	0.6639388329769396
0.8278862989673078	0.8651112271689049	0.00292947186358302	0.7484260171790881
0.8541662311183509	0.9103078577309957	0.0019241045902351323	0.8286640980252687
0.8812803778647134	0.9500555386167439	0.0009581551144690883	0.9026064445175747
0.9092552200202362	0.9840677720990548	4.0247076029863153e-05	0.9683893817038245
0.938118078990025	1.0121250465761715	-0.0008219461384767979	1.024397785502272
0.9678971434536808	1.03407815828715	-0.00162178914960282	1.06932026764659
0.9986214968955484	1.0498503766830278	-0.0023537564641004645	1.1021913535909877
1.0303211460088677	1.0594383588841871	-0.0030134859480559846	1.1224187173727787
1.0630270500015695	1.0629117494482248	-0.0035978117588454815	1.1297943313645378
1.0967711508323386	1.0604114370552975	-0.004104775141851823	1.1244892650166463
1.1315864044064692	1.052146478299063	-0.004533612161493931	1.1070327654363517
1.167506812761988	1.038389738970647	-0.004884718185559574	1.0782771104712807
1.2045674572774705	1.0194723432598365	-0.005159589738756592	1.0393504800379743
1.242804532933987	0.9957770593349596	-0.005360745142440088	0.9916006894862619
1.2822553836646426	0.9677307839911377	-0.005491626119555664	0.936533028241539
1.3229585388262275	0.935796317800672	-0.00555648322555626	0.8757456229151321
1.3649537508286058	0.9004636440267944	-0.005560248530450672	0.8108656905777337
1.4082820339585873	0.86224093837276	-0.005508399393861589	0.74348977826982
1.4529857044361996	0.8216455417430557	-0.0054068174221625995	0.6751306299408761
1.4991084217424886	0.7791951382509223	-0.005261646776442832	0.607172748400674
1.5466952312591973	0.7353992826840634	-0.005079155788854272	0.5408379027957624
1.5957926082619769	0.6907516200361488	-0.004865605818585812	0.4771614747025459
1.6464485033100924	0.6457228147369278	-0.004627130454719198	0.4169793638080258
1.6987123890769524	0.6007544017153337	-0.004369627914472441	0.36092494482845944
1.7526353086671964	0.5562536433571234	-0.004098668702735136	0.30943491483320856
1.8082699254675347	0.5125894541402805	-0.0038194199182626496	0.26276253646434267
1.8656705745800228	0.4700894171524414	-0.0035365868795588567	0.22099656756547872
1.9248933158880013	0.429037881047769	-0.0032543720614781374	0.18408409431147416
1.9859959888065333	0.3896750937627506	-0.002976450713764905	0.15185553795785994
2.0490382687708024	0.3521973016710577	-0.0027059620019898173	0.12405026153473026
2.11408172551765	0.3167577206623567	-0.002445514090498258	0.10034143413837841
2.181189883217163	0.2834682692520807	-0.002197201282836744	0.08035908736624742
2.2504282825130453	0.2524019433854867	-0.001962631152600792	0.0637105929458116
2.321864544532363	0.2235957077520094	-0.0017429595280422125	0.04999807843303839
2.395568436927172	0.1970537786493686	-0.0015389312260432543	0.03883255998931285
2.4716119420125398	0.1727511779667876	-0.0013509245481990193	0.02984479448604765
2.5500693270674923	0.150637445811293	-0.0011789977334877284	0.02269303011620581
2.631017216867558	0.130640409780002	-0.0010229357885576924	0.017067963065114353
2.71453466851974	0.1126699210011591	-0.000882296368285479	0.012695289545288924
2.8007032486730035	0.0966214800272905	-0.0007564536380985203	0.00933628262477069
2.889607113179692	0.08237968880761617	-0.0006446393015863176	0.006786828687868831
2.98133308928566	0.06982147776386075	-0.0005459802108121124	0.004875336851519899
3.075970760429413	0.05881906906503798	-0.0004595321848967983	0.0034598940555066633
3.1736125537330486	0.04924264831520063	-0.0003843098412565379	0.002424986107148618
3.274353830270465	0.04096272689841399	-0.0003193123915846427	0.0016780469553574684
3.378292978200988	0.033852186138214765	-0.0002635454724443425	0.0011460399625523858
3.485531508859379	0.027788002254272488	-0.00021603917096522544	0.0007722197422068441
3.5961741558960645	0.02265265788422561	-0.00017586247267628013	0.0005131738368290645
3.7103289775644153	0.018335251764793076	-0.00014213440516658047	0.0003362016594674797
3.8281074622549705	0.01473232308806854	-0.00011403218152242354	0.00021705434690966015
3.9496246373796864	0.011748411121875168	-9.079666480685654e-05	0.00013803340792294022
4.074999181712527	0.009296373938031689	-7.173548197627347e-05	8.642771437508917e-05
4.204353541296136	0.007297492549237696	-5.6224114763557594e-05	5.3256558657260636e-05
4.337814049027795	0.005681388424879838	-4.370528784425586e-05	3.228008458654415e-05
4.475511048041417	0.004385783249069591	-3.368696223363041e-05	1.923622951924395e-05
4.617579019006131	0.0033561299190419053	-2.573922520923968e-05	1.1264270541202597e-05
4.76415671146575	0.0025451431916239053	-1.949034779277268e-05	6.4781337395266025e-06
4.915387279347392	0.001912257122050298	-1.4622257547720784e-05	3.6569411112478798e-06
5.071418420771622	0.0014230345763661884	-1.0865648742972035e-05	2.0251454678563026e-06
5.232402522300632	0.0010485517307314513	-7.994924434591434e-06	1.0995246508366368e-06
5.398496807765353	0.0007647777091358145	-5.8231364111111166e-06	5.84918853308687e-07
5.569863491816854	0.0005519664808065027	-4.197060000377807e-06	3.046846112465621e-07
5.746669938351971	0.000394074968662649	-2.992512197027601e-06	1.5530403605571716e-07
5.929088823967921	0.00027821814065786746	-2.1099942189569995e-06	7.740978586672496e-08
6.11729830660551	0.00019416878596668997	-1.4707141227142662e-06	3.770368044380901e-08
6.31148219954566	0.00013390682397072148	-1.0130221101383474e-06	1.7932063719721415e-08
6.511830150929169	9.122044083001378e-05	-6.892711007204554e-07	8.321643919872333e-09
6.718537828975057	6.135915818898054e-05	-4.63098338275427e-07	3.765160753731252e-09
6.9318071130783485	4.073714878365963e-05	-3.071103736793957e-07	1.6596096078036427e-09
7.151846290973974	2.668373516586176e-05	-2.0094371052993146e-07	7.120621007766489e-10
7.378870262159308	1.7237031184261636e-05	-1.296665385615054e-07	2.971320574584306e-10
7.6131007477740384	1.0976087256219922e-05	-8.248292908555258e-08	1.2048129488974392e-10
7.854766507142355	6.886608595338263e-06	-5.169944956534516e-08	4.74280507784722e-11
8.10410356118888	4.255325876266992e-06	-3.191470606870689e-08	1.81088168616909e-11
8.361355422946625	2.5883491381934767e-06	-1.939407801617948e-08	6.699927391449012e-12
8.626773335382051	1.5490417540488206e-06	-1.1595878868538266e-08	2.3996648201933805e-12
8.900616516769478	9.116173304053681e-07	-6.818353210897161e-09	8.310926470359186e-13
9.183152413854534	5.273472582287242e-07	-3.940308512004327e-09	2.7811065679252253e-13
9.474656963053889	2.997597754556449e-07	-2.236815592797693e-09	8.986092632521484e-14
9.775414859946318	1.671594504066739e-07	-1.2471753196403424e-09	2.794383730653919e-14
10.085719837318376	9.162240217784572e-08	-6.802258105095455e-10	8.395127287992192e-15
10.40587495203616	4.9588362254858407e-08	-3.6435347560414223e-10	2.459138424574251e-15
10.736192881023348	2.5955705644956035e-08	-1.8875741981818347e-10	6.737342848911391e-16
11.076996226634638	1.315973370572708e-08	-9.570140044603795e-11	1.7318774996369672e-16
11.428617831722724	6.529764365626808e-09	-4.7486340403769885e-11	4.264007762313461e-17
11.791401104706608	3.168741595158961e-09	-2.3044007963196853e-11	1.0041454323193565e-17
12.16570035495868	1.5028248607537687e-09	-1.0928978276867908e-11	2.2586020046657604e-18
