r	P	Q	rho
0.00016844867497713668	-0.0002881347348669009	-0.001746531159294153	3.133392715822197e-06
0.0001737958099096198	-0.0002977361265571041	-0.0017992606077770349	3.3259855357554125e-06
0.00017931268112521747	-0.00030768279928060225	-0.0018535734802642753	3.530403351712165e-06
0.00018500467663193191	-0.0003179886119849248	-0.0019095167879186097	3.7473711206951038e-06
0.00019087735547149905	-0.00032866805548406553	-0.001967138903630856	3.9776581568736834e-06
0.00019693645314858196	-0.00033973628479697505	-0.0020264895992923174	4.222080839247588e-06
0.00020318788723230528	-0.00035120915323765553	-0.002087620083952132	4.481505484238217e-06
0.0002096377631356021	-0.000363103248307549	-0.002150583042885984	4.756851393280232e-06
0.00021629238007801584	-0.00037543592990572303	-0.002215432677505724	5.049094086024357e-06
0.00022315823723778312	-0.0003882253702937002	-0.002282224746250263	5.359268730536759e-06
0.00023024204009920347	-0.0004014905965474429	-0.002351016606349526	5.6884737824472645e-06
0.0002375507070014972	-0.0004152515352725945	-0.002421867256538735	6.037874845840705e-06
0.00024509137589554566	-0.00042952905987121145	-0.0024948373807019853	6.4087087694217895e-06
0.0002528714113151138	-0.0004443450404585439	-0.002569989392458771	6.8022879923307085e-06
0.0002608984115693626	-0.0004597223965949829	-0.002647387480698011	7.220005154887597e-06
0.0002691802161636775	-0.0004756851529952028	-0.0027270976560630654	7.663337990484734e-06
0.0002777249134560577	-0.0004922584983881128	-0.0028091877983903303	8.133854515860432e-06
0.0002865408485565463	-0.0005094688477109746	-0.002893727705102315	8.633218538064659e-06
0.00029563663147741544	-0.0005273439078318193	-0.0029807891405544654	9.163195497574763e-06
0.0003050211455420651	-0.0005459127470055832	-0.003070445886333198	9.72565866824364e-06
0.00031470355606085	-0.0005652058682813388	-0.0031627737925006096	1.0322595736068351e-05
0.00032469331928230624	-0.0005852552870906158	-0.003257850829779239	1.0956115780160795e-05
0.0003350001916285207	-0.0006060946132601463	-0.003355757142667867	1.1628456680789376e-05
0.0003456342392236623	-0.0006277591377064504	-0.0034565751034768863	1.2341992980950192e-05
0.0003566058477249814	-0.00065028592408456	-0.0035603893672690066	1.3099244229624706e-05
0.0003679257324658784	-0.0006737139056788775	-0.0036672869276881486	1.3902883836697467e-05
0.0003796049489209486	-0.0006980839878407541	-0.0037773571736561848	1.475574847145149e-05
0.0003916549035032224	-0.0007234391562948545	-0.00389069194691376	1.5660848038640195e-05
0.0004040873647041469	-0.0007498245916548574	-0.004007385600377752	1.662137626836533e-05
0.0004169144745871892	-0.0007772877905084909	-0.004127535057283955	1.7640721958381635e-05
0.00043014876064628455	-0.0008058786934524589	-0.004251239871079272	1.8722480910014744e-05
0.0004438031480407135	-0.0008356498204794571	-0.004378602286023173	1.9870468601634703e-05
0.00045789097221835446	-0.0008666564141422979	-0.0045097272984532	2.1088733646587988e-05
0.0004724259919396421	-0.000898956590944222	-0.00464472271866404	2.238157208567593e-05
0.0004874224027149498	-0.0009326115014297889	-0.004783699233344051	2.375354256769559e-05
0.0005028948506685222	-0.000967685499477436	-0.00492677046850702	2.5209482475251776e-05
0.0005188584468424935	-0.0010042463213228573	-0.005074053052850495	2.675452505703192e-05
0.0005353287819549664	-0.0010423652748719186	-0.005225666681465086	2.8394117632033135e-05
0.000552321941626561	-0.001082117439892906	-0.005381734179811692	3.0134040935873797e-05
0.0005698545220903085	-0.001123581879710594	-0.005542381567875752	3.198042968434288e-05
0.0005879436464002277	-0.001166841865058981	-0.005707738124399136	3.39397944347737e-05
0.0006066069811544184	-0.0012119851107856424	-0.005877936451081292	3.601904483171622e-05
0.0006258627537490037	-0.0012591040261385586	-0.006053112536631694	3.822551432976611e-05
0.0006457297701797689	-0.0013082959794060848	-0.006233405820545369	4.056698649333901e-05
0.0006662274334088872	-0.0013596635777224715	-0.006418959256462438	4.305172298070989e-05
0.0006873757623146667	-0.001413314962895148	-0.006609919374961009	4.568849332782825e-05
0.0007091954112428275	-0.00146936412415586	-0.006806436345620421	4.848660665633899e-05
0.0007317076901784022	-0.001527931228785834	-0.007008664038178817	5.145594543995999e-05
0.0007549345855579625	-0.0015891429716154678	-0.007216760082595064	5.4607001473972346e-05
0.000778898781742495	-0.0016531329444516754	-0.007430885927810306	5.7950914204160696e-05
0.0008036236831719018	-0.0017200420265410829	-0.0076512068989888285	6.14995115842018e-05
0.0008291334372227571	-0.0017900187972347498	-0.007877892253001263	6.526535364435106e-05
0.0008554529577916509	-0.001863219972080136	-0.008111115231895612	6.926177896944732e-05
0.0008826079496271438	-0.001939810863628632	-0.008351053114082966	7.350295430088646e-05
0.0009106249334341059	-0.0020199658683122423	-0.008597887262945096	7.800392749545996e-05
0.0009395312717749479	-0.0021038689808109425	-0.00885180317255021	8.278068409398844e-05
0.0009693551957930503	-0.0021917143374029255	-0.009112990510141233	8.785020777470171e-05
0.0010001258327844815	-0.0022837067898633886	-0.009381643155037629	9.323054499053253e-05
0.0010318732346449389	-0.00238006251155376	-0.009657959233567267	9.894087411615082e-05
0.0010646284072196902	-0.002481009637422308	-0.00994214114961892	0.00010500157945992818
0.0010984233405851856	-0.002586788939718925	-0.010234395610378625	0.00011143433052838943
0.0011332910402919066	-0.002697654541311515	-0.010534933646784452	0.0001182621669664098
0.0011692655595989744	-0.002813874668578793	-0.010843970628203862	0.00012550958963581746
0.0012063820327319911	-0.002935732445944438	-0.011161726270805925	0.00013320265833857006
0.0012446767091965987	-0.003063526734210182	-0.011488424639067268	0.00014136909673874838
0.0012841869891812682	-0.0031975730149407552	-0.011824294139815332	0.0001500384050907485
0.001324951460083895	-0.0033382043232511446	-0.012169567508175615	0.0001592419814398163
0.0013670099341978692	-0.0034857722314465497	-0.012524481784750775	0.00016901325202607783
0.0014104034875944338	-0.0036406478860672663	-0.012889278283318971	0.00017938781169516408
0.0014551745002392993	-0.0038032231009944434	-0.01326420254829612	0.00019040357519816307
0.0015013666973826983	-0.003973911509377774	-0.01364950430116256	0.00020210094035182034
0.0015490251922632996	-0.004153149777252613	-0.014045437375007797	0.00021452296412755934
0.0015981965301676891	-0.004341398881821037	-0.014452259636298865	0.00022771555284607035
0.0016489287338884544	-0.00453914545747885	-0.01487023289292696	0.0002417276677740378
0.0017012713506252548	-0.004746903212777754	-0.015299622787534531	0.00025661154755232565
0.001755275500374701	-0.004965214421618297	-0.015740698675070032	0.0002724229490319978
0.0018109939258562865	-0.005194651492074154	-0.016193733483460784	0.00028922140825746715
0.0018684810440231423	-0.005435818616350942	-0.01665900355623511	0.0003070705235165215
0.0019277929992079176	-0.005689353505482272	-0.017136788475863796	0.00032603826257684163
0.001988987717955692	-0.005955929212461101	-0.017627370866527558	0.000346197296449952
0.0020521249655974694	-0.0062362560475945645	-0.018131036174951643	0.0003676253622685649
0.0021172664046195124	-0.006531083589954087	-0.018648072427881423	0.0003904056581344789
0.002184475654885509	-0.006841202798868266	-0.01917876996470311	0.00041462727309424116
0.002253818355770409	-0.007167448229472337	-0.019723421143642523	0.00044038565573165106
0.002325362230266587	-0.007510700356383107	-0.02028232001990172	0.0004677831252330794
0.0023991771511249617	-0.007871888009610287	-0.020855761994018344	0.0004969294291869862
0.0024753352090956574	-0.008251990926841953	-0.02144404342865628	0.0005279423528267785
0.002553910783334857	-0.00865204242625121	-0.022047461231958727	0.0005609483849203739
0.002634980614046608	-0.009073132203960178	-0.02266631240551594	0.0005960834460549851
0.0027186238774305257	-0.009516409260263752	-0.02330089355492024	0.0006334936856665573
0.0028049222630085933	-0.00998308495865555	-0.02395150036080111	0.0006733363548251904
0.0028939600534065805	-0.01047443622160918	-0.024618427008152616	0.0007157807625162966
0.0029858242066679907	-0.01099180886694522	-0.025301965571685386	0.0007610093239582081
0.0030806044411809366	-0.011536621088454343	-0.026002405354855936	0.0008092187103768101
0.00317839332330089	-0.012110367084245163	-0.02672003218014768	0.0008606211106232962
0.0032792863577548567	-0.012714620836036906	-0.027455127628101376	0.0009154456160795193
0.0033833820809153177	-0.013351040042316476	-0.028207968222518438	0.0009739397414541479
0.0034907821570349744	-0.0140213702079214	-0.028978824559188807	0.0010363710953398301
0.003601591477536332	-0.014727448892187883	-0.02976796037542821	0.00110302921578507
0.003715918263453063	-0.01547121011731049	-0.030575631557645783	0.0011742275876428752
0.003833874171123212	-0.016254688937989238	-0.03140208508410642	0.0012503058601002486
0.003955574401237461	-0.017080026172783393	-0.03224755790000108	0.0013316322845768876
0.0040811378113489605	-0.017949473296840518	-0.03311227572189524	0.0014186063951168036
0.004210687031954606	-0.018865397494815517	-0.03399645176859215	0.001511661955491604
0.004344348586261129	-0.019830286871827352	-0.03490028541542344	0.0016112701994969864
0.004482253013752966	-0.020846755819211197	-0.03582396076896842	0.0017179433933624043
0.004624534997682607	-0.02191755053059881	-0.03676764515920514	0.0018322387518145732
0.0047713334966079084	-0.023045554662489684	-0.03773148754611328	0.0019547627421443014
0.004922791880104851	-0.02423379513194552	-0.038715616837783406	0.0020861758136271643
0.005079058068788294	-0.025485448042339567	-0.03972014011714092	0.0022271975928440974
0.005240284678777444	-0.02680384472620479	-0.040745140774467406	0.0023786125888376627
0.005406629170747183	-0.028192477892136626	-0.04179067654300188	0.0025412764556204197
0.005578254003710746	-0.029655007860401594	-0.04285677743502866	0.002716122863316062
0.005755326793684037	-0.031195268869366105	-0.04394344357601393	0.002904171033150362
0.005938020477386454	-0.032817275432073016	-0.04505064293453851	0.0031065339955998277
0.006126513481138148	-0.03452522871923986	-0.04617830894599628	0.003324427635227705
0.0063209898951186606	-0.03632352294161347	-0.047326338028287285	0.0035591805900576316
0.006521639653157124	-0.038216751700972336	-0.04849458698803588	0.0038122450777139513
0.006728658718229597	-0.04020971427510096	-0.049682870316211145	0.0040852087249427125
0.006942249273844748	-0.0423074217977509	-0.05089095737242317	0.0043798074814546
0.007162619921504752	-0.04451510328992991	-0.05211856945761723	0.004697939703221601
0.007389985884434269	-0.04683821149380524	-0.053365376775395296	0.005041681494318329
0.007624569217776481	-0.04928242845504894	-0.05463099528276136	0.0054133034000121115
0.007866599025461475	-0.051853670793572566	-0.05591498343172205	0.005815288546937952
0.008116311683958743	-0.05455809459627879	-0.057216838803877935	0.006250352328685457
0.008373951073132374	-0.05740209985867716	-0.05853599464092124	0.006721463736787505
0.008639768814424366	-0.06039233439495777	-0.05987181627481537	0.007231868437717646
0.008914024516598675	-0.0635356971283722	-0.06122359746237668	0.00778511369582338
0.009196986029286057	-0.06683934066552391	-0.06259055663001266	0.008385075239856779
0.00948892970457724	-0.07031067304941108	-0.06397183303550033	0.009035986166583113
0.009790140666919977	-0.07395735857678608	-0.06536648285491573	0.009742467968477305
0.010100913091583553	-0.07778731755559345	-0.06677347520415741	0.010509563763334962
0.01042155049196271	-0.0818087248679271	-0.0681916881059471	0.011342773791254961
0.010752366016001555	-0.08603000719311131	-0.06961990441474204	0.012248093228364603
0.011093682752026997	-0.09045983873417485	-0.07105680771366288	0.01323205234626938
0.011445834044290356	-0.09510713527917401	-0.07250097819932821	0.01430175902087057
0.011809163818525368	-0.09998104641655635	-0.0739508885723986	0.015464943563196908
0.012184026917840478	-0.1050909457110846	-0.07540489995366695	0.01673000580747265
0.012570789449273524	-0.1104464186338069	-0.07686125784769578	0.018106064346964105
0.012969829141347231	-0.1160572480262316	-0.07831808817828992	0.019603007755324635
0.013381535712974756	-0.1219333968653146	-0.07977339342250975	0.021231547569256833
0.013806311254075509	-0.1280849880821942	-0.08122504887247106	0.023003272736351145
0.014244570618273077	-0.1345222811739142	-0.08267079905684244	0.024930705148930456
0.014696741828058664	-0.1412556453338001	-0.08410825435673208	0.027027355789605065
0.015163266492815837	-0.1482955288128405	-0.08553488785355061	0.029307780905999486
0.015644600240114777	-0.1556524242115514	-0.08694803244943433	0.03178763750976064
0.0161412131606973	-0.1633368293895739	-0.08834487830390421	0.03448373735757042
0.016653590267587195	-0.1713592036688931	-0.08972247063360726	0.0374140984186357
0.017182231969774305	-0.1797299189963399	-0.09107770792522368	0.04059799266334325
0.01772765456093496	-0.1884592057222334	-0.09240734061490259	0.04405598882097372
0.018290390723666044	-0.1975570926449698	-0.09370797029089559	0.047809988550372544
0.018870990049725183	-0.2070333409664346	-0.09497604947935424	0.05188325424642872
0.01947001957678512	-0.2168973718007078	-0.09620788207652496	0.056300426467705014
0.02008806434222652	-0.2271581868791025	-0.09739962449376616	0.06108752871772791
0.02072572795451001	-0.2378242820986091	-0.0985472875848955	0.0662719570460589
0.021383633182685564	-0.2489035535688594	-0.09964673942829536	0.07188245165789665
0.022062422564614888	-0.2604031958253468	-0.1006937090389138	0.07794904743606736
0.02276275903450085	-0.2723295918944808	-0.1016837910877341	0.08450299999138841
0.023485326570336897	-0.2846881949197864	-0.1026124517083758	0.09157668357229007
0.0242308308619086	-0.2974834010889025	-0.1034750354721725	0.09920345688938818
0.025	-0.3107184136387525	-0.1042667736142385	0.10741749265410577
0.02579358518747757	-0.3243950977621518	-0.1049827935936225	0.11625356640283718
0.02661236147294648	-0.3385138262940145	-0.1056181300705251	0.12574679999180857
0.027457128507695643	-0.3530733161200894	-0.1061677373826338	0.13593235501698447
0.028328711326670655	-0.3680704553266566	-0.1066265036007733	0.14684507135449804
0.02922796115423761	-0.3835001211967449	-0.1069892662411579	0.15851904604873943
0.030155756235524515	-0.3993549892580438	-0.1072508297074222	0.17098714791822275
0.031113002694152386	-0.4156253337006243	-0.1074059845301572	0.18428046352664768
0.032100635417193525	-0.4322988196096652	-0.1074495284647345	0.19842767060320365
0.03311961896822164	-0.449360287600288	-0.1073762894996095	0.2134543356189175
0.03417094852934491	-0.466791531599008	-0.1071811508168975	0.2293821330629822
0.035255650873142766	-0.4845710706896563	-0.1068590777346571	0.2462279850436214
0.03637478536545504	-0.5026739161312781	-0.1064051466458437	0.26400312119147873
0.03752944500000306	-0.5210713348615716	-0.1058145759521737	0.28271206049835845
0.03872075746585333	-0.5397306110217768	-0.1050827589720403	0.30235151870711646
0.03994988624876583	-0.5586148072771357	-0.1042052987800396	0.3229092472031088
0.0412180317675032	-0.5776825279603677	-0.1031780449115327	0.34436281206244723
0.04252643254621002	-0.5968876863328814	-0.1019971318389462	0.36667832499919156
0.043876366424007454	-0.6161792785380855	-0.1006590190971997	0.389809141425326
0.04526915180298468	-0.635501167111087	-0.09916053290382666	0.4136945446853246
0.04670614893580556	-0.6547918772066448	-0.09749890908512748	0.43825843972859174
0.04818876125418862	-0.673984409009287	-0.09567183708327674	0.463408083998487
0.049718436739557295	-0.6930060700921605	-0.09367750478096899	0.48903288808656903
0.05129666933719942	-0.7117783317900057	-0.09151464384030254	0.515003323642981
0.05292500041531687	-0.7302167139414765	-0.08918257521162323	0.5411699810408649
0.05460502027039045	-0.7482307026310605	-0.08668125442654398	0.5673628242287297
0.056338369680330215	-0.7657237058146024	-0.08401131624797259	0.5933906949041646
0.058126741506928016	-0.7825930519378009	-0.08117411820947283	0.6190411224084071
0.059971882349177455	-0.7987300368463219	-0.07817178253749281	0.6440804993456158
0.06187559424907563	-0.814020024431148	-0.07500723591383361	0.6682546856143201
0.06383973645157318	-0.8283426065448116	-0.07168424650318342	0.6912901050141818
0.06586622722039079	-0.8415718277542727	-0.06820745764261935	0.7128953985477371
0.06795704571147612	-0.8535764804552588	-0.06458241756771853	0.732763696645278
0.07011423390593066	-0.864220475751673	-0.06081560453433369	0.7505755684633246
0.07233989860429403	-0.8733632952931366	-0.05691444668714336	0.7660026998069902
0.07463621348413389	-0.8808605289550544	-0.05288733602666111	0.7787123417829752
0.07700542122295077	-0.8865645028304591	-0.04874363583623733	0.7883725597135548
0.07944983568847094	-0.8903250014735917	-0.04449368095030776	0.7946582958934588
0.08197184419846684	-0.8919900876848013	-0.04014877027514072	0.7972582402825455
0.08457390985231171	-0.8914070223489245	-0.035721151013799385	0.7958824801227267
0.08725857393654604	-0.8884232859299351	-0.031223994097924417	0.7902708727899704
0.09002845840680439	-0.8828877021796004	-0.02667136038997585	0.7802020561250269
0.09288626844852761	-0.8746516634347293	-0.02207815729024456	0.7655029773784717
0.09583479511896026	-0.8635704555551929	-0.017460085462542418	0.7460587862921626
0.09887691807301444	-0.8495046790936468	-0.012833575480136052	0.7218229004616042
0.1020156083756615	-0.8323217616895708	-0.008215714288224044	0.6928270129432964
0.105253931403599	-0.8118975549484013	-0.0036241614800625486	0.659190774277626
0.108595049839026	-0.7881180072064367	0.0009229445102449024	0.6211308451096139
0.1120422267584516	-0.7608809016012467	0.00540709008509135	0.5789689830447143
0.115598828819552	-0.7300976467753204	0.009809499703795004	0.5331388001112992
0.11926832954919	-0.6956951053504797	0.014111258201880503	0.48419080721665525
0.1230543127358072	-0.6576174430385912	0.01829344164444593	0.43279535139581343
0.126960475929502	-0.6158279789213564	0.0223372560245826	0.3797430526290704
0.1309906340532122	-0.5703110150649827	0.02622418298909556	0.32594236167789653
0.1351487231285291	-0.521073621267679	0.02993613163960652	0.2724138907585564
0.1394388041197814	-0.4681473484105903	0.033455595316366576	0.22028121668183911
0.1438650669001432	-0.4115898416467884	0.03676581212366485	0.170757922687941
0.1484318343436401	-0.3514863225797485	0.03985092779877592	0.12513073140705827
0.1531435665470496	-0.2879509077254547	0.04269615936070886	0.08473868728406836
0.1580048651858186	-0.2211277290062466	0.04528795780127935	0.0509484716572705
0.1630204780082528	-0.151191820887231	0.047614167901150486	0.025126075688115486
0.1681953034723672	-0.07834973814632766	0.049664183070988	0.008605212547706723
0.1735343955299258	-0.002839868284826057	0.051429092938119605	0.002653016452312905
0.1790429685623427	0.07506759663919674	0.05290182122949438	0.008433746754582524
0.1847264024732662	0.1550710623116993	0.054077251351827706	0.026971383480247673
0.1905902479428184	0.2368383394885639	0.05495233695111278	0.05911215838808888
0.1966402318486222	0.3200078834571213	0.055526194659380544	0.10548820376805793
0.2028822628589111	0.4041904877626463	0.05580017622105191	0.1664836100641064
0.2093224372031816	0.4889714480908949	0.05577791724918699	0.24220425310076385
0.2159670446260275	0.5739132046876467	0.055465360007549855	0.3324527726756118
0.2228225745299684	0.6585584629504742	0.054870747860089435	0.4367100480944166
0.2298957223132724	0.7424337819427882	0.05400458938460738	0.5541244162444716
0.2371933959089631	0.8250536097185301	0.05287959061718135	0.6835097100134174
0.2447227225313973	0.9059247327413804	0.05151055447798764	0.8233529586151712
0.2524910556370013	0.9845510946394284	0.04991424712068725	0.9718322900213217
0.2605059821059652	1.060438927425546	0.04810923173249855	1.1268452169773335
0.2687753296519088	1.1331021265623944	0.0461156711690583	1.286047084347593
0.277307174466755	1.2020677903277035	0.04395510170862078	1.4468990235095431
0.286109849108278	1.2668818343301986	0.04165018111924272	1.6067243197431147
0.2951919506380288	1.3271145842260812	0.03922441511072816	1.762771674406343
0.3045623490175868	1.3823662441461235	0.03670186704784405	1.9122834599994578
0.314230195771336	1.4322721354596046	0.034106856489924973	2.0525667476736404
0.3242049329242283	1.4765076005798188	0.031463652654159444	2.1810646560083153
0.3344963022232613	1.5147924697474502	0.02879616924060407	2.2954254457665133
0.3451143546516773	1.5468949951670723	0.02612766717936504	2.3935667810651724
0.3560694602451753	1.5726351664221576	0.023480471747923167	2.473732699221152
0.3673723182197235	1.5918873335038788	0.020875710154961227	2.534541077844563
0.3790339674208622	1.6045820786569684	0.01833307510523794	2.575019748789932
0.3910657971047042	1.61070729503836	0.015870619070451144	2.5946298668394703
0.4034795580611603	1.6103084482566203	0.013504583027677852	2.593275672289396
0.4162873740902536	1.6034880155035325	0.011249262336254827	2.5713003617665664
0.4295017538427319	1.5904041154583883	0.009116911257539209	2.5294683685378567
0.443135603036541	1.5712683597180874	0.007117686437793731	2.468934919711396
0.4572022370610905	1.5463429725262727	0.005259628530991063	2.391204252373673
0.4717153939816221	1.5159372394855255	0.0035486800886921485	2.298078307189367
0.4866892479563804	1.4804033573372757	0.0019887369371076173	2.1915980554900827
0.5021384230796917	1.4401317655412658	0.0005817295329696711	2.073979840530253
0.5180780076644671	1.395546046223498	-0.0006722697354598637	1.947549219076635
0.5345235689780836	1.3470974822064348	-0.0017749176482792523	1.814674776899574
0.5514911684460296	1.2952593635637155	-0.0027294541046675343	1.677704268819191
0.5689973773381682	1.2405211318560132	-0.0035405432878609735	1.5389052140280974
0.5870592929529344	1.1833824483889148	-0.004214106160428162	1.400411777845674
0.6056945553152745	1.124347275049458	-0.0047571479690488895	1.2641794253679413
0.6249213644046349	1.0639180149076444	-0.005177584398077493	1.1319483498252219
0.6447584979298265	1.0025898497846786	-0.005484068473212192	1.0052164818982832
0.6652253296681223	0.9408452791551184	-0.0056858212759891055	0.8852221678720551
0.6863418483865024	0.879148959266639	-0.005792467981002309	0.7729364452649254
0.7081286773635225	0.8179428977219205	-0.005813880808136668	0.6690643851437834
0.7306070945308735	0.7576420622631072	-0.005760030111047105	0.5740546724571741
0.7537990532543024	0.6986304591219149	-0.0056408446152862	0.4881163375408714
0.7777272037741915	0.641257732468028	-0.005466081689549313	0.41124135749907376
0.8024149153267334	0.5858363317920559	-0.005245208467303948	0.34323171985943723
0.8278862989673078	0.532639288079196	-0.004987294610211207	0.2837294843130418
0.8541662311183509	0.4818986320353494	-0.00470091749495404	0.23224839018283544
0.8812803778647134	0.4338044781931087	-0.004394080584788001	0.18820563324458092
0.9092552200202362	0.3885047874036403	-0.004074145694664005	0.1509525684986891
0.938118078990025	0.3461058071286371	-0.00374777975517145	0.1198032755812586
0.9678971434536808	0.3066731744189037	-0.003420916517063927	0.09406013857798404
0.9986214968955484	0.2702336509867712	-0.003098733410777533	0.07303582827439113
1.0303211460088677	0.2367774440077574	-0.00278564349093806	0.0560713178005053
1.0630270500015695	0.2062610509627357	-0.002485302066255075	0.042549797870612784
1.0967711508323386	0.1786105527573528	-0.002200627259156402	0.031906572316620856
1.1315864044064692	0.1537252673108895	-0.0019338333789270152	0.023635197521341886
1.167506812761988	0.1314816665013754	-0.0016864756505022057	0.01729027282609864
1.2045674572774705	0.1117374533657784	-0.0014595045412839445	0.01248738863817553
1.242804532933987	0.09433569418568609	-0.0012533276905793182	0.008900794027795261
1.2822553836646426	0.0791089017331803	-0.0010678772863848942	0.006259358695328754
1.3229585388262275	0.06588297147534551	-0.0009026806626639438	0.0043413807627999375
1.3649537508286058	0.054480881679074944	-0.0007569319112345113	0.002968739414447609
1.4082820339585873	0.044726080650226645	-0.0006295624138595689	0.002000818639163523
1.4529857044361996	0.03644549913384216	-0.0005193083941026323	0.0013285440883230748
1.4991084217424886	0.02947214241367927	-0.00042477385189990927	0.0008687876112774505
1.5466952312591973	0.02364723401735099	-0.00034448755944580835	0.0005593103483499747
1.5957926082619769	0.018821900278196465	-0.00027695314536768423	0.00035434063312710123
1.6464485033100924	0.014858401484258809	-0.00022069165461680176	0.00022082079947384185
1.6987123890769524	0.011630930210527484	-0.00017427632398749532	0.0001353089097992635
1.7526353086671964	0.009026010075594185	-0.0001363596397391794	8.148745183607753e-05
1.8082699254675347	0.006942538149978101	-0.0001056930294422409	4.8210006980374037e-05
1.8656705745800228	0.005291521323995793	-8.113977401045485e-05	2.8006781585228662e-05
1.9248933158880013	0.0039955610620735806	-6.168190138873042e-05	1.596831285771749e-05
1.9859959888065333	0.0029881422500095973	-4.642193838128433e-05	8.931149102655495e-06
2.0490382687708024	0.0022127805578929364	-3.4580453612693046e-05	4.897593605161034e-06
2.11408172551765	0.0016220792886366792	-2.549032803235061e-05	2.6317909754472723e-06
2.181189883217163	0.0011767415327780747	-1.8588647699332684e-05	1.3850661727881826e-06
2.2504282825130453	0.0008445771145138432	-1.3407036516656791e-05	7.134902509886883e-07
2.321864544532363	0.000599536798849746	-9.561144489211207e-06	3.5953578865894443e-07
2.395568436927172	0.0004207990066569384	-6.73989019144555e-06	1.7711723012325886e-07
2.4716119420125398	0.0002919272619603479	-4.694933796345248e-06	8.524356867901764e-08
2.5500693270674923	0.00020011010222128155	-3.230737194125556e-06	4.0054490673829255e-08
2.631017216867558	0.00013548945748653238	-2.1954566611226874e-06	1.8362213119945733e-08
2.71453466851974	9.057869853484771e-05	-1.472815628233066e-06	8.20666981414159e-09
2.8007032486730035	5.976773052285136e-05	-9.750230423747502e-07	3.5731322817853393e-09
2.889607113179692	3.8909668933162304e-05	-6.367375299886203e-07	1.5143677711703917e-09
2.98133308928566	2.4981712009183265e-05	-4.10028855205627e-07	6.242540585718727e-10
3.075970760429413	1.581168551703798e-05	-2.602551988434087e-07	2.5007713165823363e-10
3.1736125537330486	9.861346504076502e-06	-1.6275387708465415e-07	9.727264369796794e-11
3.274353830270465	6.057617338316324e-06	-1.0023460014500325e-07	3.670477479253677e-11
3.378292978200988	3.6632808436274255e-06	-6.076639117181046e-08	1.3423319093583707e-11
3.485531508859379	2.179855508425049e-06	-3.6246722484655726e-08	4.753083862501908e-12
3.5961741558960645	1.2758128089409376e-06	-2.1261043295497408e-08	1.6281503554197783e-12
3.7103289775644153	7.338749384158025e-07	-1.2260598282054916e-08	5.387227475050317e-13
3.8281074622549705	4.146000012157924e-07	-6.949328436880912e-09	1.719414541738587e-13
3.9496246373796864	2.3029266472953122e-07	-3.861491194785905e-09	5.3049622542475686e-14
4.074999181712527	1.248037570673338e-07	-2.117910026895712e-09	1.5580463321004097e-14
4.204353541296136	6.601890224345263e-08	-1.1488832988552359e-09	4.359815386264943e-15
4.337814049027795	3.405160892501171e-08	-6.075672635526367e-10	1.1598812083616777e-15
4.475511048041417	1.7369813948149093e-08	-3.0992163548382864e-10	3.0180648801345577e-16
4.617579019006131	8.673067974607904e-09	-1.5474957989629626e-10	7.524605552464733e-17
4.76415671146575	4.236193703715694e-09	-7.558446422057189e-11	1.7951050106631998e-17
4.915387279347392	2.0225553678791887e-09	-3.608752916645428e-11	4.09203252589826e-18
