r	P	Q	rho
0.00016844867497713668	0.0013543395989656826	-0.00020242885736729505	1.8752131916215544e-06
0.0001737958099096198	0.001395123013014958	-0.00020853667442170584	1.9898557660227996e-06
0.00017931268112521747	0.0014371244676737885	-0.0002148276705693347	2.1114776636289165e-06
0.00018500467663193191	0.0014803797045851966	-0.00022130726949925049	2.240500977280968e-06
0.00019087735547149905	0.0015249254737654304	-0.0002279810510565185	2.3773730601795574e-06
0.00019693645314858196	0.0015707995594491345	-0.00023485475546903328	2.522568012132014e-06
0.00020318788723230528	0.0016180408064311329	-0.0002419342876587969	2.6765882508212805e-06
0.0002096377631356021	0.0016666891469044535	-0.0002492257215472619	2.8399661726898482e-06
0.00021629238007801584	0.0017167856277409243	-0.0002567353047202508	3.0132659083075996e-06
0.00022315823723778312	0.0017683724382967013	-0.0002644694629006822	3.197085177334396e-06
0.00023024204009920347	0.0018214929386533713	-0.00027243480470787786	3.3920572483803136e-06
0.0002375507070014972	0.0018761916883348996	-0.00028063812642868484	3.598853009382364e-06
0.00024509137589554566	0.0019325144754700444	-0.00028908641691731955	3.818183154347355e-06
0.0002528714113151138	0.0019905083463932103	-0.00029778686258716063	4.050800492590537e-06
0.0002608984115693626	0.002050221635669458	-0.00030674685250252066	4.297502386887352e-06
0.0002691802161636775	0.0021117039965272634	-0.0003159739835688552	4.559133327241588e-06
0.0002777249134560577	0.0021750064316808154	-0.0003254760658212172	4.836587647275371e-06
0.0002865408485565463	0.002240181324521133	-0.00033526112781025663	5.130812390553863e-06
0.00029563663147741544	0.0023072824706526964	-0.0003453374220848915	5.442810334473449e-06
0.0003050211455420651	0.0023763651097495663	-0.00035571343077050104	5.7736431796655884e-06
0.00031470355606085	0.0024474859577019617	-0.0003663978712412236	6.12443491319839e-06
0.00032469331928230624	0.0025207032390211176	-0.0003773997018846325	6.496375354194163e-06
0.0003350001916285207	0.0025960767194668144	-0.0003887281279567416	6.890723890822329e-06
0.0003456342392236623	0.0026736677388583376	-0.00040039260752493727	7.308813417972474e-06
0.0003566058477249814	0.002753539244025713	-0.0004124028574960601	7.75205448526061e-06
0.0003679257324658784	0.002835755821853885	-0.0004247688597264447	8.221939665371505e-06
0.0003796049489209486	0.002920383732368043	-0.00043750086721029366	8.720048153089661e-06
0.0003916549035032224	0.003007490941803535	-0.0004506094103422862	9.248050605719338e-06
0.0004040873647041469	0.0030971471555986895	-0.0004641053032498169	9.807714235937657e-06
0.0004169144745871892	0.003189423851243468	-0.0004779996501897181	1.0400908168462208e-05
0.00043014876064628455	0.003284394310911031	-0.0004923038520037334	1.1029609072242459e-05
0.0004438031480407135	0.003382133653793156	-0.0005070296126263909	1.1695907080200312e-05
0.00045789097221835446	0.003482718868053827	-0.0005221889456382497	1.2402012008844917e-05
0.0004724259919396421	0.0035862288423083224	-0.0005377941808567875	1.3150259890367513e-05
0.0004874224027149498	0.003692744396527661	-0.0005538579709564236	1.3943119830078404e-05
0.0005028948506685222	0.0038023483122603032	-0.000570393298108362	1.478320120227571e-05
0.0005188584468424935	0.003915125362054593	-0.0005874134806300652	1.5673261197829035e-05
0.0005353287819549664	0.004031162337956424	-0.0006049321796332377	1.6616212736914122e-05
0.000552321941626561	0.004150548078947083	-0.0006229634056582089	1.7615132760440594e-05
0.0005698545220903085	0.004273373497176132	-0.0006415215252815467	1.867327091376693e-05
0.0005879436464002277	0.004399731602833394	-0.0006606212676826079	1.979405863628548e-05
0.0006066069811544184	0.004529717527492771	-0.0006802777311535297	2.0981118670378613e-05
0.0006258627537490037	0.004663428545748512	-0.0007005063895358988	2.2238275003082704e-05
0.0006457297701797689	0.004800964094951769	-0.0007213230985659674	2.3569563253540865e-05
0.0006662274334088872	0.004942425792841703	-0.0007427441021088592	2.4979241518964434e-05
0.0006873757623146667	0.005087917452851105	-0.0007647860382606636	2.6471801691345312e-05
0.0007091954112428275	0.005237545096851252	-0.0007874659452957021	2.805198125655105e-05
0.0007317076901784022	0.0053914169650847495	-0.0008108012674345264	2.9724775586677085e-05
0.0007549345855579625	0.005549643523018101	-0.0008348098604063765	3.1495450735608474e-05
0.000778898781742495	0.0057123374648278364	-0.0008595099967778955	3.336955674663685e-05
0.0008036236831719018	0.005879613713215177	-0.0008849203710178492	3.535294147967033e-05
0.0008291334372227571	0.006051589415224193	-0.0009110601042654248	3.745176496403762e-05
0.0008554529577916509	0.006228383933717463	-0.000937948748767391	3.9672514281104135e-05
0.0008826079496271438	0.006410118834141009	-0.0009656062919469786	4.202201897885688e-05
0.0009106249334341059	0.006596917866187001	-0.000994053160064773	4.450746701825202e-05
0.0009395312717749479	0.006788906939938153	-0.0010233102214292098	4.713642124842192e-05
0.0009693551957930503	0.006986214096051893	-0.0010533987891114033	4.991683640477554e-05
0.0010001258327844815	0.007188969469515278	-0.0010843406231160417	5.285707662056246e-05
0.0010318732346449389	0.007397305246473109	-0.001116157931956892	5.5965933438568875e-05
0.0010646284072196902	0.00761135561360179	-0.0011488733735821389	5.925264430523349e-05
0.0010984233405851856	0.007831256699470131	-0.00118251005559125	6.272691152457023e-05
0.0011332910402919066	0.008057146507295422	-0.0012170915346813842	6.639892164381591e-05
0.0011692655595989744	0.008289164838468739	-0.001252641815257461	7.027936523663798e-05
0.0012063820327319911	0.008527453206187469	-0.0012891853471359489	7.437945704298698e-05
0.0012446767091965987	0.008772154738495378	-0.0013267470222681488	7.871095641720432e-05
0.0012841869891812682	0.009023414069991511	-0.0013653521704042773	8.328618802774843e-05
0.001324951460083895	0.009281377221428045	-0.0014050265536149531	8.811806274280649e-05
0.0013670099341978692	0.00954619146637482	-0.0014457963595818032	9.322009862606743e-05
0.0014104034875944338	0.009818005184083847	-0.0014876881935637592	9.860644195596629e-05
0.0014551745002392993	0.010096967697640992	-0.0015307290689402773	0.0001042918881697044
0.0015013666973826983	0.010383229096444322	-0.0015749463962271236	0.00011029190262023676
0.0015490251922632996	0.010676940041998944	-0.0016203679704545626	0.00011662264102011544
0.0015981965301676891	0.010978251555966994	-0.0016670219567917245	0.00012330096943051746
0.0016489287338884544	0.011287314789358405	-0.0017149368742946532	0.00013034448363688449
0.0017012713506252548	0.011604280771693473	-0.0017641415776490144	0.0001377715277342848
0.001755275500374701	0.011929300138912014	-0.0018146652367716657	0.00014560121172579378
0.0018109939258562865	0.012262522838746103	-0.0018665373141283272	0.00015385342791580318
0.0018684810440231423	0.012604097812214148	-0.0019197875396173428	0.00016254886585713148
0.0019277929992079176	0.01295417264983355	-0.0019744458828620903	0.00017170902558604663
0.001988987717955692	0.013312893221087276	-0.002030542522746921	0.00018135622885275497
0.0020521249655974694	0.013680403275616955	-0.0020881078140236554	0.00019151362802649776
0.0021172664046195124	0.014056844014551272	-0.00214717225080756	0.00020220521232406394
0.002184475654885509	0.01444235363031408	-0.002207766426773546	0.00021345581097823472
0.002253818355770409	0.014837066813191916	-0.002269920991854833	0.00022529109292838414
0.002325362230266587	0.015241114222875532	-0.002333666605237856	0.00023773756257914122
0.0023991771511249617	0.01565462192312553	-0.0023990338844384817	0.0002508225511346865
0.0024753352090956574	0.016077710777647858	-0.002466053350235873	0.0002645742029759036
0.002553910783334857	0.01651049580520197	-0.002534755367231523	0.00027902145650530086
0.002634980614046608	0.016953085491902775	-0.002605170079792192	0.0002941940188404088
0.0027186238774305257	0.017405581058617784	-0.002677327343126699	0.000310122333690368
0.0028049222630085933	0.017868075681304177	-0.0027512566492378173	0.00032683754170278903
0.0028939600534065805	0.0183406536620766	-0.002826987047481991	0.0003443714325188748
0.0029858242066679907	0.018823389548747127	-0.002904547059461245	0.00036275638772450755
0.0030806044411809366	0.019316347200534215	-0.0029839645879635905	0.00038202531383380674
0.00317839332330089	0.019819578797598505	-0.0030652668196605526	0.0004022115643899281
0.0032792863577548567	0.0203331237920316	-0.0031484801212631705	0.0004233488502160709
0.0033833820809153177	0.020857007797900146	-0.0032336299288311383	0.0004454711367983
0.0034907821570349744	0.021391241417932527	-0.0033207406299237247	0.00046861252773149824
0.003601591477536332	0.021935819004431967	-0.003409835438275844	0.0004928071331113205
0.003715918263453063	0.022490717352007663	-0.0035009362606783054	0.0005180889217092307
0.003833874171123212	0.023055894319737532	-0.0035940635557380274	0.0005444915557255896
0.003955574401237461	0.023631287380413687	-0.003689236184191892	0.0005720482068784499
0.0040811378113489605	0.024216812094576576	-0.003786471250447328	0.0006007913525544945
0.004210687031954606	0.0248123605071184	-0.0038857839350235697	0.0006307525507248962
0.004344348586261129	0.02541779946433266	-0.003987187317570289	0.0006619621923144231
0.004482253013752966	0.02603296884940767	-0.004090692190145052	0.0006944492297087438
0.004624534997682607	0.026657679734509356	-0.004196306860437948	0.0007282408800946295
0.0047713334966079084	0.027291712447776652	-0.004304036944641348	0.0007633623023529647
0.004922791880104851	0.027934814553762975	-0.004413885149674887	0.0007998362462676483
0.005079058068788294	0.028586698746104297	-0.004525851044491223	0.0008376826728774433
0.005240284678777444	0.02924704065148081	-0.0046399308202068005	0.000876918344885676
0.005406629170747183	0.02991547654426909	-0.0047561170388243515	0.0009175563861577096
0.005578254003710746	0.030591600971659146	-0.004874398370340384	0.0009596058094819938
0.005755326793684037	0.031274964289439766	-0.004994759318061968	0.0010030710119510995
0.005938020477386454	0.03196507010914109	-0.005117179931992902	0.001047951237538696
0.006126513481138148	0.032661372657768785	-0.005241635510190568	0.001094240006711337
0.0063209898951186606	0.0333632740519766	-0.005368096288041503	0.0011419245132249802
0.006521639653157124	0.034070121489206164	-0.005496527115456746	0.0011909849886202189
0.006728658718229597	0.034781204359082045	-0.005626887122047572	0.0012413940353524927
0.006942249273844748	0.03549575127919078	-0.005759129370408896	0.0012931159299792803
0.007162619921504752	0.036212927060300326	-0.005893200497711889	0.0013461058983808634
0.007389985884434269	0.03693182960709875	-0.006029040345889754	0.0014003093656201424
0.007624569217776481	0.03765148676165134	-0.006166581580791462	0.0014556611837553625
0.007866599025461475	0.03837085309800251	-0.006305749300778478	0.0015120848417127573
0.008116311683958743	0.03908880667768689	-0.0064464606353490895	0.0015694916622086845
0.008373951073132374	0.03980414577737036	-0.006588624334494894	0.0016277799916872492
0.008639768814424366	0.04051558560142197	-0.0067321403496244814	0.0016868343903131931
0.008914024516598675	0.04122175499392737	-0.006876899407030973	0.001746524830233799
0.009196986029286057	0.041921193166499775	-0.007022782575033295	0.0018067059115991788
0.00948892970457724	0.04261234646023078	-0.007169660826086281	0.001867216107207859
0.009790140666919977	0.04329356516225447	-0.007317394595332336	0.001927877048122173
0.010100913091583553	0.04396310039968072	-0.007465833337257728	0.0019884928641721155
0.01042155049196271	0.04461910113608744	-0.007614815082319953	0.0020488495949303274
0.010752366016001555	0.045259611298353424	-0.007764165995629237	0.002108714688485726
0.011093682752026997	0.04588256706436184	-0.007913699939997153	0.0021678366071559733
0.011445834044290356	0.04648579434501056	-0.008063218045908737	0.002225944561142484
0.011809163818525368	0.0470670064970293	-0.00821250829123111	0.0022827483930249384
0.012184026917840478	0.04762380230632	-0.00836134509374143	0.0023379386378880834
0.012570789449273524	0.04815366428490256	-0.00850948891983958	0.0023911867857399727
0.012969829141347231	0.048653957328055046	-0.008656685913105918	0.0024421457746783676
0.013381535712974756	0.04912192778187525	-0.008802667546670966	0.0024904507449449815
0.013806311254075509	0.04955470297524709	-0.008947150303681262	0.0025357200855216267
0.014244570618273077	0.0499492912740539	-0.00908983539047278	0.002577556806206168
0.014696741828058664	0.05030258271941994	-0.009230408487398952	0.0026155502690883323
0.015163266492815837	0.050611350315758856	-0.009368539542602793	0.002649278313945776
0.015644600240114777	0.05087225203843275	-0.009503882614370476	0.0026783098122095585
0.0161412131606973	0.05108183363484393	-0.009636075768054416	0.0027022076837055578
0.016653590267587195	0.051236532296753526	-0.009764741033905306	0.0027205324092555013
0.017182231969774305	0.05133268128550004	-0.009889484432501811	0.0027328460702994214
0.01772765456093496	0.05136651559552377	-0.01000989607481053	0.002738716943853694
0.018290390723666044	0.05133417874512927	-0.010125550344243924	0.0027377246772107003
0.018870990049725183	0.05123173078666834	-0.010236006168405982	0.002729466061677306
0.01947001957678512	0.05105515763122468	-0.010340807388520104	0.002713561418195672
0.02008806434222652	0.05080038178534002	-0.0104394832348159	0.0026896615997463085
0.02072572795451001	0.05046327459924669	-0.0105315489164056	0.00265745560585762
0.021383633182685564	0.050039670127354656	-0.010616506334400536	0.0026166787932028366
0.022062422564614888	0.04952538070226719	-0.010693844927196368	0.002567121653031423
0.02276275903450085	0.04891621432323949	-0.010763042656985043	0.00250863911095318
0.023485326570336897	0.04820799395861055	-0.0108235671466231	0.0024411602872908902
0.0242308308619086	0.04739657885917892	-0.010874876975990808	0.0023646986367973012
0.025	0.046477887975597286	-0.010916423146904	0.002279362364994432
0.02579358518747757	0.04544792556745442	-0.01094765072547965	0.002185364994791972
0.02661236147294648	0.04430280908461353	-0.010968000670594318	0.0020830359314978728
0.027457128507695643	0.043038799392389776	-0.01097691185669876	0.0019728308470481045
0.028328711326670655	0.04165233340107391	-0.010973823298747224	0.0018553416755463447
0.02922796115423761	0.040140059146934894	-0.010958176586351228	0.0017313059824170878
0.030155756235524515	0.038498873355948336	-0.010929418533457884	0.0016016154391568413
0.031113002694152386	0.03672596150288068	-0.010887004048864888	0.0014673231054710743
0.032100635417193525	0.03481884035679866	-0.010830399231699372	0.0013296491913102253
0.03311961896822164	0.032775402979355425	-0.010759084694587442	0.0011899849439244463
0.03417094852934491	0.03059396611412912	-0.010672559115605282	0.0010498942806685702
0.035255650873142766	0.028273319873669295	-0.01057034301821276	0.0009111127682015024
0.03637478536545504	0.025812779595576343	-0.010451982776206918	0.0007755435344039285
0.03752944500000306	0.023212239699762244	-0.010317054838278609	0.0006452496924152665
0.03872075746585333	0.020472229335918905	-0.010165170163994448	0.0005224428584454215
0.03994988624876583	0.017593969563098298	-0.009995978859945933	0.0004094673583557153
0.0412180317675032	0.01457943175219198	-0.009809175001397889	0.00030877974442487295
0.04252643254621002	0.01143139684705379	-0.00960450162102607	0.00022292328526312376
0.043876366424007454	0.008153515061189822	-0.009381755842259693	0.00015449715053682315
0.04526915180298468	0.004750365524581906	-0.009140794130349331	0.00010612008995056511
0.04670614893580556	0.0012275153296576284	-0.008881537629582032	8.038850455022609e-05
0.04818876125418862	-0.002408422642871837	-0.008603977550092783	7.982892930919837e-05
0.049718436739557295	-0.00614973380803186	-0.00830818056251629	0.00010684509016902356
0.05129666933719942	-0.00998754863207027	-0.007994294153339087	0.00016365986668808022
0.05292500041531687	-0.01391179289346732	-0.007662551888318384	0.00025225268295189947
0.05460502027039045	-0.01791114235552681	-0.007313278525815209	0.00037429306327609643
0.056338369680330215	-0.021972982826974765	-0.0069468949164439835	0.0005310713232946432
0.058126741506928016	-0.026083376654393805	-0.006563922620184947	0.0007234276178587514
0.059971882349177455	-0.030227036753260557	-0.006164988167168869	0.0009516808299842967
0.06187559424907563	-0.034387309341183545	-0.005750826883868681	0.0012155590535744758
0.06383973645157318	-0.03854616658587392	-0.005322286202574052	0.0015141336888880531
0.06586622722039079	-0.0426842104195098	-0.004880328368943959	0.0018457594241257085
0.06795704571147612	-0.04678068879846334	-0.004426032460294464	0.0022080226077982536
0.07011423390593066	-0.0508135257007561	-0.003960595626247799	0.002597700711856054
0.07233989860429403	-0.05475936615095251	-0.003485333463601543	0.0030107357306065844
0.07463621348413389	-0.058593637541342704	-0.003001679438916414	0.0034422244397802585
0.07700542122295077	-0.06229062847707347	-0.0025111832754916904	0.0038864284375119055
0.07944983568847094	-0.06582358630929697	-0.00201550822619553	0.004336806788027329
0.08197184419846684	-0.06916483443245655	-0.0015164271601077442	0.00478607387340104
0.08457390985231171	-0.07228591030770064	-0.001015817399141336	0.005226284714001339
0.08725857393654604	-0.075157725032469	-0.0005156542507203016	0.005648949531362502
0.09002845840680439	-0.07775074510511064	-1.800319414483824e-05	0.006045178688514886
0.09288626844852761	-0.08003519683179171	0.00047498930863347976	0.006405858346746958
0.09583479511896026	-0.08198129359004043	0.0009611063926208986	0.006721856224194341
0.09887691807301444	-0.0835594858984519	0.001438072758877182	0.006984255736873406
0.1020156083756615	-0.08474073394507348	0.001903568015508916	0.007184615560739397
0.105253931403599	-0.08549680189788425	0.002355241355508923	0.007315250296608763
0.108595049839026	-0.08580057296003683	0.002790727518386811	0.007369526480352486
0.1120422267584516	-0.08562638374102657	0.0032076639642107914	0.007342166700672836
0.115598828819552	-0.08495037609405313	0.0036037091702275704	0.0072295531183046565
0.11926832954919	-0.08375086412145878	0.0039765619417976485	0.007030020285968006
0.1230543127358072	-0.08200871357683158	0.004323981611077462	0.006744125919499736
0.126960475929502	-0.07970773039751336	0.004643808978737418	0.006374887246953677
0.1309906340532122	-0.07683505458916076	0.004933987836004215	0.005927969849685152
0.1351487231285291	-0.07338155516014488	0.005192586886380278	0.005411815596293995
0.1394388041197814	-0.06934222127478647	0.005417821868405283	0.004837696445119219
0.1438650669001432	-0.06471654426919311	0.005608077662652023	0.004219681637216768
0.1484318343436401	-0.05950888466214357	0.005761930147677331	0.003574507192759019
0.1531435665470496	-0.05372881780851341	0.005878167550825929	0.00292133871685601
0.1580048651858186	-0.04739145139890274	0.005955811020669948	0.002281421350608494
0.1630204780082528	-0.040517707623524406	0.00599413412868196	0.0016776142750180377
0.1681953034723672	-0.03313456251050749	0.005992680988923565	0.0011338114581977343
0.1735343955299258	-0.02527523474016096	0.005951282666783232	0.0006742552565501941
0.1790429685623427	-0.016979316150756492	0.005870071532108714	0.0003227549167394134
0.1847264024732662	-0.008292836212417028	0.005749493199747075	0.00010182780449991306
0.1905902479428184	0.0007317470217331137	0.005590315693118471	3.178708325254193e-05
0.1966402318486222	0.010035636550435744	0.00539363546584327	0.0001298053045108442
0.2028822628589111	0.01955387306499553	0.005160879924618941	0.0004089886334382925
0.2093224372031816	0.02921560413958248	0.004893806115556425	0.0008775008635374464
0.2159670446260275	0.038944450395733	0.004594495267989753	0.0015377796033932884
0.2228225745299684	0.04865897170070161	0.004265342936043591	0.002385888677331737
0.2298957223132724	0.05827323485577279	0.003909044540183088	0.0034110505297731885
0.2371933959089631	0.0676974824069555	0.0035285761891054204	0.0045953999741623714
0.2447227225313973	0.07683890019752118	0.0031271707563259275	0.00591399578050384
0.2524910556370013	0.08560247912338365	0.0027082892943089327	0.007335119262971001
0.2605059821059652	0.09389196430475949	0.0022755879895175707	0.008820879261704268
0.2687753296519088	0.1016108826187345	0.001832880990679914	0.010328130919284235
0.277307174466755	0.1086636373244047	0.0013840995751653567	0.011809701808203732
0.286109849108278	0.1149566564383682	0.0009332482489665414	0.013215903811783218
0.2951919506380288	0.1203995796687371	0.0004843584980264101	0.014496293387563182
0.3045623490175868	0.1249064671729052	4.1441015825578205e-05	0.015601627258973835
0.314230195771336	0.1283970122423115	-0.00039156268239052096	0.01648594607408653
0.3242049329242283	0.130797739297032	-0.0008108282907180605	0.01710870604773138
0.3344963022232613	0.1320431683361526	-0.001212695396262043	0.017436868934373646
0.3451143546516773	0.1320769272552746	-0.0015937118343474198	0.017446854630606034
0.3560694602451753	0.1308527942026066	-0.001950674784235304	0.017126258882743564
0.3673723182197235	0.1283356533643776	-0.0022806677620548074	0.01647524136990256
0.3790339674208622	0.1245023491857022	-0.0025810927904008664	0.01550749699275118
0.3910657971047042	0.1193424259566462	-0.002849697176674244	0.014250735407216325
0.4034795580611603	0.1128587418167227	-0.00308459450758001	0.012746610327729866
0.4162873740902536	0.1050679484334018	-0.003284279656187142	0.011050060280864023
0.4295017538427319	0.09600082976522718	-0.0034476377904901056	0.009228045521946546
0.443135603036541	0.08570249530738566	-0.003573947557686084	0.007357690803057552
0.4572022370610905	0.07423242493250479	-0.003662878785775997	0.0055238695923592466
0.4717153939816221	0.06166436380270478	-0.003714485184096101	0.0038162911633751965
0.4866892479563804	0.048086066796785	-0.003729192628992	0.0023261766976489973
0.5021384230796917	0.033598892465686064	-0.003707783684604496	0.0011426332347725552
0.5180780076644671	0.01831724674241281	-0.0036513790289678617	0.000348854097035619
0.5345235689780836	0.002367876576702104	-0.0035614164328745435	1.8290526490843313e-05
0.5514911684460296	-0.014110986531843213	-0.0034396278770040065	0.00021095098083412361
0.5689973773381682	-0.030970633304499295	-0.003288015298454832	0.0009699911718846339
0.5870592929529344	-0.048053033934076485	-0.003108825340434772	0.0023187588652668354
0.6056945553152745	-0.06519214557536968	-0.0029045233497038006	0.004258452100609166
0.6249213644046349	-0.08221536885362901	-0.0026777667376700178	0.006766537310439643
0.6447584979298265	-0.09894515047619484	-0.0024313777050364114	0.009796054400301388
0.6652253296681223	-0.1152007265289744	-0.0021683152377724034	0.0132759089837739
0.6863418483865024	-0.1307999976881943	-0.0018916462231054567	0.017112217720665027
0.7081286773635225	-0.1455615234136269	-0.0016045155145275043	0.021190731568532215
0.7306070945308735	-0.1593066173245184	-0.0013101147974040883	0.02538031472416292
0.7537990532543024	-0.1718615205826243	-0.0010116501708692931	0.029537405693040013
0.7777272037741915	-0.1830596244762612	-0.000712308462843932	0.03351133349673601
0.8024149153267334	-0.19274370783002	-0.00041522242552002024	0.037150309317726775
0.8278862989673078	-0.2007681497076147	-0.0001234351080404853	0.04030786517324508
0.8541662311183509	-0.2070010734996558	0.00016013614051932766	0.0428494700735934
0.8812803778647134	-0.2113263752500776	0.00043273543451735846	0.0446590241362929
0.9092552200202362	-0.2136455873021095	0.0006918031462901277	0.04564491556525651
0.938118078990025	-0.2138795283025725	0.0009350088948814558	0.045745326868564425
0.9678971434536808	-0.2119696924871864	0.0011602818290505292	0.04493249678703519
0.9986214968955484	-0.2078793350732149	0.0013658372877557443	0.043215683461978585
1.0303211460088677	-0.201594216511395	0.00155019895336221	0.04064263124763821
1.0630270500015695	-0.1931229761745308	0.001712215695092456	0.037299415609094916
1.0967711508323386	-0.1824971155710408	0.0018510724292980687	0.03330862366088833
1.1315864044064692	-0.1697705820354041	0.001966294494279716	0.028825916838678106
1.167506812761988	-0.1550189556520905	0.002057745242207361	0.02403511092694663
1.2045674572774705	-0.1383382544223184	0.0021256167795853423	0.019141990883307747
1.242804532933987	-0.1198433848431681	0.0021704140291426257	0.014367147587725592
1.2822553836646426	-0.09966627657111171	0.002192932527776542	0.009938175638620712
1.3229585388262275	-0.07795375012822818	0.0021942306046932474	0.006081601807000808
1.3649537508286058	-0.0548651751609224	0.002175596789080439	0.0030149206668273537
1.4082820339585873	-0.030569983131651324	0.0021385134665649766	0.0009390971085161263
1.4529857044361996	-0.005245102170648001	0.0020846179292257853	3.1856728691385974e-05
1.4991084217424886	0.0209276170785206	0.002015662038370217	0.0004420280500381138
1.5466952312591973	0.047763917488382185	0.001933471738888861	0.0022851301268020634
1.5957926082619769	0.07507953064895209	0.001839907628260431	0.005640321182547467
1.6464485033100924	0.1026923954569725	0.001736827694970617	0.010548744655133242
1.6987123890769524	0.1304246533447704	0.001626053206116123	0.01701323424913265
1.7526353086671964	0.1581043840690912	0.0015093385509604487	0.02499927436472811
1.8082699254675347	0.1855670577077563	0.0013883456465919922	0.03443706040994817
1.8656705745800228	0.212656690690796	0.0012646232958791416	0.045224467367641366
1.9248933158880013	0.2392267056996884	0.001139591668498142	0.057230715389096236
1.9859959888065333	0.2651405065185221	0.0010145318647717236	0.0703005174718031
2.0490382687708024	0.2902717889058872	0.0008905803302530305	0.08425850456794855
2.11408172551765	0.3145046168521356	0.0007687277244809643	0.098913744963623
2.181189883217163	0.3377332998947686	0.0006498217166094298	0.11406420412607307
2.2504282825130453	0.3598621113334372	0.0005345730878618558	0.12950102494174542
2.321864544532363	0.380804889142032	0.00042356446576312585	0.1450125430013319
2.395568436927172	0.4004845612560915	0.0003172609986606116	0.16038798445902536
2.4716119420125398	0.4188326348615122	0.00021602229545408355	0.17542082269066891
2.5500693270674923	0.4357886856454115	0.0001201150016357552	0.18991179296416894
2.631017216867558	0.4512998780248221	2.972545187173656e-05	0.20367158078882178
2.71453466851974	0.4653205415091674	-5.502807567418787e-05	0.2165232093784739
2.8007032486730035	0.4778118219876901	-0.00013408388314138122	0.2283041552096838
2.889607113179692	0.4887414202192392	-0.00020742643687502615	0.23886821886364568
2.98133308928566	0.4980834234536865	-0.00027507719863415533	0.24808717238680958
3.075970760429413	0.5058182302401855	-0.00033708680299167923	0.255852195670826
3.1736125537330486	0.5119325632564325	-0.0003935286029407968	0.26207510418706265
3.274353830270465	0.5164195605496352	-0.00044449354243904064	0.2666893600927876
3.378292978200988	0.5192789320455953	-0.0004900862639995765	0.2696508494509601
3.485531508859379	0.5205171654855297	-0.000530422324407312	0.2709384009129326
3.5961741558960645	0.5201477640953422	-0.0005656263692890307	0.2705540164265734
3.7103289775644153	0.5181914972474059	-0.0005958311053291904	0.2685227828342143
3.8281074622549705	0.5146766449198316	-0.0006211769084466701	0.26489243468668594
3.9496246373796864	0.5096392169757452	-0.0006418119105920002	0.2597325434021793
4.074999181712527	0.5031231289148108	-0.0006578924191637525	0.2531333156714645
4.204353541296136	0.4951803168390537	-0.0006695835363118307	0.24520399452693772
4.337814049027795	0.4858707758028511	-0.0006770598608898921	0.2360708691893196
4.475511048041417	0.4752625074632654	-0.0006805061716066619	0.22587491408892002
4.617579019006131	0.4634313649879225	-0.0006801180055719704	0.21476909261507054
4.76415671146575	0.4504607854888609	-0.0006761020614685653	0.20291537637723908
4.915387279347392	0.4364414028218071	-0.0006686763708824947	0.19048154522515587
5.071418420771622	0.4214705364003917	-0.0006580701948920828	0.17763784611001532
5.232402522300632	0.4056515546994297	-0.0006445236160114492	0.164553599240756
5.398496807765353	0.3890931153012689	-0.0006282868080070661	0.15139384711915965
5.569863491816854	0.3719082872183059	-0.0006096189784595745	0.1383161457369528
5.746669938351971	0.3542135615298989	-0.0005887869860891907	0.12546759384181047
5.929088823967921	0.3361277669626632	-0.0005660636574619817	0.11298219615137074
6.11729830660551	0.3177709011213867	-0.0005417258213401987	0.1009786390663636
6.31148219954566	0.2992628976658677	-0.0005160521012109735	0.08955854822914278
6.511830150929169	0.2807223499491393	-0.000489320508817308	0.07880527719552738
6.718537828975057	0.2622652144217805	-0.0004618058901891792	0.06878325596038272
6.9318071130783485	0.2440035189489344	-0.00043377728164623096	0.05953790542219306
7.151846290973974	0.2260441023901555	-0.0004054952363726988	0.05109610065175782
7.378870262159308	0.2084874124756415	-0.00037720918658116706	0.04346714344755872
7.6131007477740384	0.191426388728223	-0.00034915490551468413	0.03664418421067679
7.854766507142355	0.1749454563126987	-0.0003215521340006976	0.03060601608023325
8.10410356118888	0.1591196548395318	-0.0002946024328147602	0.02531915134684516
8.361355422946625	0.1440139235343802	-0.0002684873172565131	0.020740082257205833
8.626773335382051	0.1296825607906522	-0.0002433667243309921	0.016817625800583717
8.900616516769478	0.1161688719258228	-0.00021937785379584767	0.013495254931160956
9.183152413854534	0.1035050142486407	-0.00019663441491797032	0.010713326639704444
9.474656963053889	0.09171204324339872	-0.00017522629875184887	0.008411129580134813
9.775414859946318	0.08080015817953702	-0.00015521968407279866	0.006528689654988527
10.085719837318376	0.07076913974980183	-0.00013665757173742218	0.0050082898162188945
10.40587495203616	0.06160896683624622	-0.00011956072966104833	0.0037956790893977637
10.736192881023348	0.05330059426019619	-0.00010392901778624794	0.0028409641497307973
11.076996226634638	0.045816868751646735	-8.974305128203602e-05	0.0020991935160208767
11.428617831722724	0.039123556463494615	-7.696615003998109e-05	0.0015306585941405034
11.791401104706608	0.0331804524286436	-6.554651458216088e-05	0.0011009467197150547
12.16570035495868	0.027942540472159393	-5.5419562583168154e-05	0.0007807886393661826
12.551881138838112	0.023361171420608968	-4.6510357262702224e-05	0.0005457464933564099
12.950320616708549	0.019385227942638035	-3.87360582225354e-05	0.0003757885628702411
13.361407921288762	0.015962246062899883	-3.20083275610934e-05	0.00025479432390559606
13.785544537695968	0.013039466185569342	-2.623562887302064e-05	0.00017002836671282866
14.22314469555308	0.010564790220806482	-2.1325363798929644e-05	0.00011161524718078942
14.674635773542722	0.008487625935058838	-1.7185799770825587e-05	7.204008936519718e-05
15.1404587168032	0.006759604715178921	-1.3727753013419332e-05	4.5692444356671896e-05
15.621068467574023	0.005335164292359448	-1.0866002162796982e-05	2.8464096096470293e-05
16.116934409511607	0.0041719933497978015	-8.52041946930639e-06	1.7405601108305015e-05
16.628540826109045	0.0032313400789259848	-6.616817881249787e-06	1.0441602487952263e-05
17.15638737366769	0.0024781914160805123	-5.0875228178406405e-06	6.141458577623557e-06
17.700989569282484	0.0018813336827741005	-3.871686658263226e-06	3.5394314158979397e-06
18.262879294317585	0.0014133085201410967	-2.915371543721306e-06	1.9974494724946546e-06
18.842605313864038	0.0010502802490523124	-2.171431723196561e-06	1.1030933166651159e-06
19.440733812686776	0.0007718320746171272	-1.5992302989394494e-06	5.957273089453278e-07
20.057848948184475	0.0005607089048912387	-1.164226811404573e-06	3.143958314484006e-07
20.694553420902142	0.0004025240487526115	-8.374717900713795e-07	1.6202631118319394e-07
21.351469063153793	0.00028544582284747603	-5.950424398354428e-07	8.147967185657788e-08
22.029237446329965	0.00019987828312353768	-4.174503171337543e-07	3.995150232918036e-08
22.728520507483307	0.00013814808242166885	-2.8904756150609144e-07	1.9084976225277022e-08
23.450001195804063	9.420701939626673e-05	-1.9745336042245201e-07	8.875001491358117e-09
24.194384139616915	6.335735383189107e-05	-1.3301720921874805e-07	4.01417197815739e-09
24.9623963345506	4.200457559313112e-05	-8.833051806494827e-08	1.7643921730394883e-09
25.754787853552347	2.7440152705153496e-05	-5.779349367789152e-08	7.529653205700543e-10
26.5723325794406	1.765490157869975e-05	-3.724019230970312e-08	3.1169693658549814e-10
27.415828960711465	1.118214039464452e-05	-2.3621254199167147e-08	1.2504082176919064e-10
28.28610079133703	6.968695478307596e-06	-1.4741372924745673e-08	4.8562933977460445e-11
29.183998015317133	4.270948551394081e-06	-9.046909274510437e-09	1.8241083375222617e-11
30.110397556770344	2.5728510649662286e-06	-5.457174135378219e-09	6.6195923832474005e-12
31.066204176374896	1.5226046582869532e-06	-3.2334919536877345e-09	2.3183354009073438e-12
32.052351354995885	8.846132317917176e-07	-1.881240608110018e-09	7.825441089272126e-13
33.06980220536194	5.04407673326406e-07	-1.0746406333222907e-09	2.544282557630491e-13
34.11955041268146	2.8213347455150993e-07	-6.012227723922892e-10	7.959965893132955e-14
35.20262120511739	1.537039508690227e-07	-3.297102872584932e-10	2.362501322162047e-14
36.32007235506798	8.287165847637683e-08	-1.8017868076189616e-10	6.8677442429822404e-15
37.4729952122318	4.1764128216169826e-08	-9.205526503552256e-11	1.7442508798284933e-15
38.6625157694656	2.035751725486118e-08	-4.4871441746889054e-11	4.1443052222825513e-16
39.88979576247623	9.699285974854457e-09	-2.137888133206289e-11	9.407660547857539e-17
41.15603380442049	4.5137116805884325e-09	-9.948990743918574e-12	2.0373692117897273e-17
42.46246655652105	2.0501352635241133e-09	-4.518847946868293e-12	4.203075018731852e-18
