r	P	Q	rho
9.490066195895024e-05	0.00010495216009813952	-1.3828480223788497e-05	1.1206182774565218e-08
9.791313234344777e-05	0.00011147102918310776	-1.4687343538949024e-05	1.2641508407372368e-08
0.00010102122880293944	0.00011839440384954731	-1.5599494672002495e-05	1.4260579096911538e-08
0.00010422798683489122	0.00012574734598272942	-1.6568234597588898e-05	1.6086901419381e-08
0.00010753653829380228	0.00013355646655192208	-1.7597068270011922e-05	1.814698656953414e-08
0.00011095011444990532	0.0001418500209754511	-1.8689717176225613e-05	2.0470733978863216e-08
0.00011447204914496072	0.0001506580104511104	-1.9850132672823504e-05	2.3091863880215587e-08
0.00011810578204822652	0.00016001228930439404	-2.108251010885905e-05	2.604840496092324e-08
0.00012185486201578356	0.00016994667901712923	-2.2391303841911808e-05	2.9383244196691967e-08
0.00012572295055649751	0.00018049708920543495	-2.3781243152060567e-05	3.3144746737492173e-08
0.00012971382540800198	0.00019170164598294228	-2.5257349137286128e-05	3.73874547580121e-08
0.00013383138422619562	0.00020360082816390653	-2.6824952635124945e-05	4.217287531290529e-08
0.00013807964839185672	0.00021623761177698127	-2.8489713238653496e-05	4.757036850743318e-08
0.00014246276693809226	0.00022965762339162028	-3.0257639470707776e-05	5.365814872822663e-08
0.0001469850206024578	0.0002439093027884232	-3.213511018657383e-05	6.052441329343796e-08
0.00015165082600770565	0.00025904407553605424	-3.4128897278917246e-05	6.826861469980387e-08
0.00015646473997524374	0.00027511653607066204	-3.624618976319762e-05	7.700289469186962e-08
0.00016143146397551905	0.00029218464190884945	-3.84946193263863e-05	8.685370068448598e-08
0.00016655584871967067	0.00031030991966237754	-4.0882287426674136e-05	9.79636076661084e-08
0.0001718428988969381	0.00032955768356203485	-4.341779403699127e-05	1.104933716338129e-07
0.00017729777806245068	0.0003499972672395681	-4.611026813058792e-05	1.2462424390224036e-07
0.0001829258136801725	0.00037170226956037767	-4.896940001265574e-05	1.4056057933393516e-07
0.0001887325023259272	0.00039475081534594714	-5.2005475608021216e-05	1.5853277570950655e-07
0.0001947235150555844	0.0004192258318738399	-5.522941282133101e-05	1.788005861509021e-07
0.0002009047029436515	0.000445215342094676	-5.865280009289234e-05	2.0165685179521616e-07
0.000207282102797678	0.0004728127755599525	-6.228793728044703e-05	2.2743170786335892e-07
0.0002138619430540556	0.000502117298112034	-6.614787900466444e-05	2.56497322960145e-07
0.00022065064986097037	0.0005332341614482617	-7.024648060405593e-05	2.8927323897268683e-07
0.0002276548533544489	0.0005662750737350729	-7.459844685336215e-05	3.262323874065962e-07
0.0002348813941336277	0.0006013585925154631	-7.921938360826451e-05	3.679078675314522e-07
0.0002423373299415688	0.0006386105412242045	-8.412585254854704e-05	4.1490058242969133e-07
0.0002500299425581485	0.0006781644507001637	-8.933542920160608e-05	4.678878411040899e-07
0.000257966744911749	0.000720162027164005	-9.486676443849536e-05	5.276330483639981e-07
0.00026615548841669973	0.0007647536482127201	-0.0001007396496455308	5.949966194653692e-07
0.00027460417054363376	0.0008120988884699837	-0.00010697508578588238	6.709482736330799e-07
0.0002833210426301534	0.0008623670766235022	-0.00011359535657758094	7.565808798801531e-07
0.000292314617939433	0.0009157378856775141	-0.00012062410602698736	8.531260502199338e-07
0.00030159367997462886	0.000972401958350616	-0.0001280864205700415	9.619716997385587e-07
0.0003111672910572175	0.0010325615696563678	-0.000136008916087552	1.084681820386533e-06
0.00032104480117763865	0.0010964313288168834	-0.00014441983007543944	1.2230187461301754e-06
0.0003312358571268888	0.0011642389227780787	-0.00015334911926622488	1.378968221691188e-06
0.00034175041191798224	0.00123622590371967	-0.0001628285630142039	1.5547676259607851e-06
0.0003525987345064809	0.0013126485230836	-0.00017289187277368071	1.7529377448247468e-06
0.0003637914198195881	0.001393778614781616	-0.0001835748080173972	1.9763185371611847e-06
0.0003753393991035984	0.0014799045303864097	-0.00019491529896090065	2.228109392827237e-06
0.00038725395059981225	0.0015713321292613585	-0.00020695357647808788	2.5119144432661064e-06
0.00039954671055933937	0.0016683858267416893	-0.0002197323096135645	2.8317935547606613e-06
0.00041222968460755057	0.0017714097036450817	-0.00023329675111880411	3.1923197122505454e-06
0.00042531525946927463	0.0018807686805625784	-0.0002476948914614039	3.5986435890411787e-06
0.0004388162150661944	0.0019968497605614014	-0.00026297762178004386	4.056566195811213e-06
0.0004527457369982545	0.002120063344120145	-0.00027919890628209145	4.572620612351008e-06
0.0004671174294212717	0.0022508446203140047	-0.00029641596460617506	5.1541639288699055e-06
0.0004819453283333244	0.002389655038473487	-0.00031468946469850634	5.809480662093955e-06
0.0004972439152828979	0.002536983864754528	-0.00033408372677928	6.547899066523553e-06
0.0005130281315121724	0.002693349828281445	-0.00035466693900414046	7.379921935126256e-06
0.0005293133925492664	0.002859302861756665	-0.00037651138545549445	8.31737367862747e-06
0.0005461156032636903	0.0030354259416729736	-0.00039969368712937457	9.373565690912333e-06
0.000563451173399708	0.0032223370335151694	-0.00042429505661563594	1.0563482252631807e-05
0.0005813370336027824	0.0034206911475985376	-0.0004504015672024912	1.190398949899746e-05
0.0005997906519547552	0.0036311825114615807	-0.00047810443717075774	1.34140702843868e-05
0.0006188300510339074	0.003854546865009876	-0.0005075003300786979	1.5115088119587451e-05
0.0006384738255165671	0.0040915638848967786	-0.0005386916718749565	1.7031083741539057e-05
0.0006587411603374505	0.004343059744924773	-0.0005717869857148172	1.9189108305018866e-05
0.0006796518494264739	0.004609909819558476	-0.0006069012453937743	2.161959766612218e-05
0.0007012263150403372	0.004893041537956272	-0.0006441562483521992	2.4356792764456666e-05
0.0007234856277077568	0.005193437396252051	-0.0006836810092456215	2.743921171119239e-05
0.0007464515268078281	0.005512138136151029	-0.0007256121751167613	3.091017986068821e-05
0.0007701464418016163	0.005850246098243596	-0.0007700944632478573	3.481842489233943e-05
0.0007945935141377091	0.006208928758787978	-0.000817281122814943	3.921874476541407e-05
0.0008198166198531264	0.006589422459065259	-0.000867334421509379	4.417275734276866e-05
0.0008458403928916611	0.006993036336768242	-0.0009204261583360408	4.9749741520310237e-05
0.0008726902491624222	0.007421156469247378	-0.0009767382038419043	5.6027580859896515e-05
0.0009003924113620784	0.007875250238801465	-0.0010364630690731654	6.30938220172951e-05
0.0009289739345850448	0.008356870930566423	-0.0010998045046032774	7.104686169849177e-05
0.0009584627327466224	0.008867662573920358	-0.0011669781310181123	7.999727748318235e-05
0.0009888876058449022	0.009409365038685618	-0.0012382121022875851	9.006931964149065e-05
0.0010202782680880486	0.009983819397766077	-0.0013137478034951763	0.00010140258305839859
0.0010526653769144464	0.010592973568208071	-0.0013938405844374992	0.00011415388059157991
0.0010860805629340385	0.011238888243013449	-0.0014787605306449837	0.00012849934164593937
0.0011205564608201082	0.011923743126359567	-0.0015687932734113766	0.0001446367624781078
0.0011561267411816733	0.012649843485190573	-0.0016642408404536457	0.00016278823777485222
0.0011928261434476126	0.013419627030432313	-0.0017654225488543988	0.00018320310641191314
0.001230690509794653	0.014235671141345952	-0.0018726759419654703	0.00020616124802816624
0.001269756820152343	0.015100700446766988	-0.001986357771973173	0.00023197677118126693
0.001310063228319204	0.016017594777172014	-0.0021068450298421175	0.00026100213842545863
0.0013516490992253303	0.01698939750166842	-0.002234536024364531	0.00029363277871387994
0.0013945550473778352	0.018019324264106195	-0.0023698515120448133	0.00033031224312414737
0.0014388229765266802	0.01911077213255772	-0.00251323587954352	0.0003715379660887696
0.0014844961205896384	0.020267329176393373	-0.0026651583803899573	0.00041786770113684887
0.0015316190858763526	0.0214927844850884	-0.002826114427646879	0.0004699267076806105
0.0015802378946527286	0.022791138642720046	-0.0029966269441729933	0.0005284157736742305
0.0016304000300882144	0.02416661467184246	-0.003177247772077621	0.0005941201681024834
0.0016821544826298538	0.025623669460048383	-0.003368559142895314	0.0006679196272969998
0.0017355517978484153	0.02716700568202859	-0.0035711752099247514	0.0007507994901073549
0.0017906441258033182	0.02880158422930741	-0.003785743644073832	0.0008438631090565348
0.0018474852719745677	0.030532637159051502	-0.0040129472944296215	0.0009483456778741627
0.0019061307498114465	0.032365681172401274	-0.004253505914625286	0.0010656296303192827
0.0019666378349492814	0.03430653163164338	-0.004508177955904069	0.001197261781075047
0.0020290656211472287	0.03636131712420774	-0.004777762427580103	0.0013449723968215989
0.0020934750780017253	0.03853649457991427	-0.005063100825364592	0.0015106964044755693
0.0021599291104919503	0.040838864946088856	-0.005365079127760613	0.0016965969641320178
0.00222849262041547	0.04327558942309208	-0.005684629860427412	0.001905091656566102
0.002299232569774062	0.04585420626043131	-0.006022734228072011	0.002138881559356168
0.002372218046171609	0.04858264811092977	-0.006380424313038708	0.0024009835118848437
0.00244752033028796	0.051469259937375056	-0.006758785339331634	0.0026947658977642453
0.002525212965494629	0.0545228174626336	-0.007158958000318052	0.003023988303713981
0.0026053718296803418	0.057752546150362814	-0.007582140847815952	0.003392845446685906
0.002688075209356568	0.061168140699144245	-0.008029592739664396	0.0038060157961551776
0.0027734038761154088	0.06477978502806174	-0.008502635342204065	0.00426871535604439
0.0028614411655145315	0.06859817272641912	-0.00900265568335373	0.004786757110756653
0.0029522730584661664	0.07263452793439093	-0.009531108751150387	0.005366616682278072
0.0030459882652096805	0.0769006266148854	-0.010089520131721756	0.00601550479025044
0.003142678311949716	0.08140881816972485	-0.01067948867967332	0.006741447154250594
0.003242437630244528	0.08617204734537039	-0.011302689212793333	0.00755337252713375
0.0033453636492318047	0.091203876364786	-0.011960875221801512	0.008461209600034676
0.003451556890782055	0.0965185072126046	-0.012655881584585207	0.009475993573232649
0.003561121067672485	0.1021308039904724	-0.013389627272974283	0.010609983242249472
0.0036741631848772527	0.1080563152482626	-0.014164118038597162	0.011876789504843223
0.003790793644073012	0.1143112961847065	-0.014981449062729297	0.01329151625144685
0.00391112635146183	0.1209127305978493	-0.01584380755328621	0.014870914658413649
0.004035278829016761	0.1278783524515366	-0.016753475270220867	0.016633551959349315
0.004163372329258743	0.1352266669088427	-0.01771283095855386	0.018599995823841396
0.00429553195367689	0.1429769706669015	-0.01872435266609069	0.020793015523848147
0.0044318867749078734	0.1511493714099659	-0.01979061992055876	0.023237801114467833
0.0045725699627936585	0.1597648061786556	-0.020914315738424373	0.025962201896109895
0.004717718914440774	0.1688450584332227	-0.02209822843502457	0.028996985457284914
0.004867475388408092	0.1784127735672513	-0.023345253202868683	0.03237611861906533
0.005021985643154183	0.1884914726054767	-0.024658393422030123	0.03613707161113679
0.005181400579879469	0.1991055637953766	-0.02604076166346096	0.04032114680228796
0.0053458758899026715	0.2102803517768266	-0.027495580342824653	0.04497383328177467
0.005515572206715479	0.2220420439874665	-0.02902618197905974	0.050145188538413495
0.005690655262863973	0.2344177539335123	-0.03063600900836832	0.055890248407193546
0.005871296051809977	0.2474355009266215	-0.03232861310067693	0.06226946634382137
0.006057670994930454	0.2611242058571605	-0.034107653921858425	0.069349182940586
0.006249962113818027	0.2755136825429174	-0.035976897281147245	0.0772021264063377
0.0064483572080509055	0.2906346241600853	-0.037940212599249	0.08590794449275024
0.0066530500386058405	0.3065185842303582	-0.04000156962866225	0.09555376805133992
0.006864240517093227	0.323197951604439	-0.04216503435372649	0.10623480604335621
0.007082134900999168	0.3407059188483641	-0.0444347639939198	0.11805497138950341
0.0073069459951252014	0.3590764434051012	-0.0468150010299935	0.13112753652989512
0.007538893359422399	0.3783442008701802	-0.049310066168696605	0.1455758169576565
0.0077782035234228225	0.3985445296870421	-0.05192435015816292	0.16153388028281312
0.008025110207477789	0.4197133665357925	-0.05466230436257062	0.1791472775670348
0.008279854551018963	0.441887171658582	-0.057528430001506696	0.19857379273485937
0.00854268534806526	0.4651028433365015	-0.06052726595665355	0.2199842048038857
0.00881385929020551	0.4893976207072764	-0.0636633750460515	0.24356305647619736
0.009093641217294257	0.5148089740909069	-0.06694132866437146	0.2695094212878834
0.009382304376105462	0.5413744819725033	-0.07036568968646707	0.2980376600160484
0.009680130687196793	0.5691316937787854	-0.07394099353107787	0.329378155387872
0.009987411020245049	0.598117977578035	-0.07767172728205401	0.36377801232101653
0.010304445478121716	0.62837035183374	-0.08156230676600716	0.4015017089486505
0.010631543689986018	0.6599253003509286	-0.0856170514880083	0.4428316815487635
0.01096902511368176	0.6928185695724975	-0.08984015733101398	0.4880688242137429
0.01131721934773325	0.7270849474120241	-0.09423566693027699	0.53753288167494
0.011676466453245077	0.7627580228510815	-0.09880743764126679	0.5915627111569238
0.012047117286020035	0.7998699255844417	-0.1035591070287787	0.6505163865030584
0.012429533839219657	0.8384510450673871	-0.1084940558161498	0.7147711151220314
0.012824089596901888	0.878529728407321	-0.1136153682470232	0.784722935597348
0.013231169898781347	0.9201319566487176	-0.1189257898281263	0.8607861611324412
0.013651172316568228	0.963280999127974	-0.1244276824402647	0.9433925314384433
0.01408450704225352	1.0079970457247167	-0.1301229768263836	1.0329900332879163
0.014531597288719757	1.0542968170103773	-0.1360131224903389	1.1300413478477849
0.01499287970306844	1.102193152495196	-0.142099035068127	1.2350218811745912
0.015468804793067968	1.1516945774028966	-0.1483810412649537	1.3484173330261084
0.0159598373671384	1.2028048486597347	-0.1548588214868229	1.470720758551655
0.016466456988302878	1.2555224810729022	-0.1615313503344537	1.6024290776203283
0.016989158442549022	1.3098402549935737	-0.1683968351703828	1.7440389876970313
0.017528452222057678	1.365744707113198	-0.1754526530171448	1.8960422384584696
0.018084865023771005	1.4232156064285555	-0.1826952860954594	2.0589202299433027
0.01865894026378684	1.48222541783185	-0.1901202563663344	2.233137901147603
0.01925123860808164	1.5427387562363195	-0.1977220594997875	2.4191368828064235
0.019862338520080437	1.6047118346346936	-0.2054940987552923	2.617327896839894
0.020492836825608467	1.668091910005666	-0.2134286193247313	2.8280823957732117
0.021143349295776374	1.732816731530008	-0.2215166437571775	3.0517234485317846
0.02181451124836807	1.7988139961497822	-0.2297479091556501	3.2885158945057418
0.022506978168318776	1.8660008170970233	-0.2381108069084087	3.538655805773332
0.023221426347889127	1.934283211626867	-0.2465923257904915	3.802259317920311
0.02395855354716057	2.003555614807889	-0.2551779993440526	4.079350912977452
0.024719079675497163	2.0737004268414374	-0.2638518585173925	4.369851263525441
0.025503747494639257	2.144587601992836	-0.2725963906110218	4.6735647747955396
0.02631332334411581	2.2160742878097377	-0.2813925056430626	4.990166991323518
0.02714859788968373	2.288004523864545	-0.2902195113040084	5.319192065966161
0.02801038689552524	2.360209009774934	-0.2990550977203763	5.660020521295318
0.028899532020957415	2.4325049527139817	-0.3078753332859685	6.011867565823996
0.02981690164243204	2.504696005002663	-0.3166546728460419	6.373772259311536
0.03076339170162842	2.576572302664474	-0.3253659795312716	6.744587851494053
0.031739926580467724	2.6479106159956114	-0.3339805615324997	7.122973645783822
0.03274746000390311	2.718474623244288	-0.342468225081384	7.507388762413566
0.03378697597136758	2.7880153183783967	-0.3507973448537007	7.896088192668999
0.034859489717789086	2.8562715636306097	-0.3589349529388077	8.287121545646032
0.03596604870511164	2.9229707970225665	-0.3668468474184146	8.678334889707568
0.037107733645290575	2.9878299043641454	-0.374497721468319	9.067376080797622
0.0382856595557612	3.050556264279687	-0.3818513137365216	9.451703947338347
0.03950097684841165	3.110848973611892	-0.3888705805588723	9.828601665046357
0.0407548724531234	3.1684002590793723	-0.3955178903484161	10.195194603319894
0.04204857097697684	3.22289707930176	-0.4017552402367791	10.548472856829527
0.04338333590025396	3.2740229192467707	-0.407544494755802	10.885318590958908
0.044760470810406176	3.321459776790743	-0.4128476460264995	11.202538227668432
0.04618132067519259	3.3648903384173128	-0.4176270945723524	11.49689937969512
0.04764727315623196	3.404000338113242	-0.4218459494978293	11.765172306982793
0.04915975996425129	3.4384810902680294	-0.4254683463745887	12.004175521897544
0.050720258257354586	3.4680321838645702	-0.4284597807615446	12.210825012050691
0.05233029208367752	3.4923643214897413	-0.4307874548561843	12.38218638527597
0.05399143386983677	3.5112022827338243	-0.432420634339204	12.515529075277538
0.05570530595662785	3.524287987433252	-0.4333310120393468	12.608381584361364
0.057473582183471275	3.531383630000134	-0.433493074617537	12.658586587974291
0.05929798952315436	3.5322748518431775	-0.4328844680567657	12.66435459164853
0.06118030976846538	3.526773914698401	-0.4314863573549311	12.624314721980511
0.0631223812723671	3.514722833646392	-0.4292837754606283	12.537561157229053
0.06512610074340959	3.495996424799491	-0.4262659561757715	12.403693667605268
0.06719342509813525	3.470505219212012	-0.4224266454834192	12.222850747392188
0.06932637337228578	3.438198191624686	-0.4177643855541931	11.995733886728736
0.0715270286926772	3.3990652503352967	-0.4122827655506873	11.723621654807076
0.07379754031166887	3.3531394329322346	-0.4059906332972561	11.408372451010216
0.07614012570621363	3.3004987519820355	-0.398902261924083	11.052415026403123
0.07855707274353886	3.2412676351720897	-0.3910374657415249	10.658726182427625
0.08105074191557367	3.1756179060175875	-0.3824216598657815	10.230795410954027
0.08362356864430431	3.1037692541797974	-0.3730858585123708	9.77257664101373
0.08627806566030968	3.0259891488265067	-0.3630666074116921	9.288427690233203
0.08901682545679922	2.9425921543864564	-0.3524058464919527	8.783038467698438
0.09184252282155089	2.853938615566371	-0.3411506998277077	8.26134942141383
0.09475791744922099	2.7604326876285845	-0.3293531908728302	7.728462147266486
0.09776585663657797	2.662519698635202	-0.31706988218596	7.189544455809907
0.1008692780632917	2.5606828425577284	-0.3043614402095853	6.6497325064559805
0.104071212660995	2.4554392178192295	-0.2912921274201726	6.114032855901679
0.1073747875734188	2.347335227769781	-0.2779292243222045	5.587227325261352
0.1107832292104914	2.2369414060876047	-0.2643423891199389	5.073783752954827
0.1142998663993865	2.1248467052367013	-0.2506029599649982	4.577775364298484
0.1179281336355952	2.0116523317479613	-0.2367832099521982	4.102811392342277
0.1216715744371986	1.8979652155641489	-0.2229555654288429	3.6519811436471614
0.125533844805616	1.7843912166769405	-0.209191800033311	3.2278132233549885
0.1295187167962098	1.6715281846649972	-0.195562218312534	2.83225105336078
0.1336300822022327	1.5599589968484513	-0.182134843930033	2.4666451732218437
0.1378719563557168	1.4502447080542578	-0.1689746282923462	2.1317621382459158
0.1422484820490148	1.3429179489426526	-0.1561426958244412	1.8278091590516647
0.1467639335808254	1.2384767100695853	-0.1436956420580138	1.5544729989312485
0.1514227209306528	1.137378645062783	-0.1316849001205975	1.3109710951646236
0.1562293940657774	1.0400360183222823	-0.1201561901086221	1.096112429429086
0.1611886473849453	0.9468114105353068	-0.109149064198031	0.9083653653351631
0.1663053243031148	0.8580142792117441	-0.09869655822134221	0.7459295139359875
0.171584421981739	0.7738984517715328	-0.0888249578755681	0.6068086867959719
0.1770310962092034	0.694660605994245	-0.07955368480119847	0.48888214628574006
0.1826506664361849	0.6204397675771299	-0.07089530459000752	0.3899716494040729
0.1884486209708514	0.5513178279758298	-0.06285565545717045	0.3079021808669372
0.1944306223389731	0.4873210585544725	-0.055434092980369824	0.2405547527752079
0.2006025128141833	0.4284225703377678	-0.04862384309863978	0.18591017689250075
0.2069703201237879	0.3745456433368122	-0.04241245260683769	0.14208325507871378
0.213540263335697	0.3255678264754947	-0.036782323797732136	0.10734734897993904
0.2203187589322277	0.2813256894555188	-0.031711317795781284	0.08014975122396803
0.22731242707671	0.2416200922188809	-0.02717340957551667	0.05911866315181929
0.2345280980790161	0.2062218265880089	-0.023139376717558714	0.04306287251617191
0.2419728190663278	0.1748774785847087	-0.01957750365259472	0.03096541116541261
0.2496538608656569	0.1473153590374267	-0.016454283474934706	0.02197255845299945
0.2575787251048397	0.1232513543492786	-0.013735100341109249	0.015379549330311775
0.265755151538942	0.1023945584651484	-0.011384876948521428	0.01061426102640567
0.2741911256092284	0.08445256068569484	-0.00936867353557731	0.007220007050187197
0.2828948862420798	0.06913628138453382	-0.007652227162008282	0.0048383819842204145
0.2918749338954744	0.05616426809221397	-0.006202422608254474	0.0031928950565454704
0.3011400388608921	0.04526638689953357	-0.004987688961086722	0.0020739228241108106
0.310699249828749	0.036186867712960334	-0.003978318713270309	0.001325316414659648
0.3205619027257286	0.028686685550976896	-0.0031467088861244327	0.0008328277047146411
0.330737629832639	0.022545282811819903	-0.0024675261822257066	0.0005143784625249113
0.3412363691917039	0.017561658354684675	-0.0019178004012336625	0.00031208980254563806
0.3520683743124704	0.01355486752329383	-0.0014769522315685676	0.0001859158214683812
0.3632442241858177	0.010363992269029409	-0.00112676301067452	0.00010868193063472567
0.3747748336158435	0.007847651858820399	-0.0008512950945217108	6.2310343035204e-05
0.3866714638797196	0.005883132050556807	-0.0006367720828488265	3.501672140978438e-05
0.3989457337259282	0.0043652140736233115	-0.0004714283224229268	1.927733857174152e-05
0.4116096307216188	0.003204784461817189	-0.00034533688882827646	1.0389901013490483e-05
0.4246755229601704	0.00232730313584529	-0.00025022467828781736	5.4789522757395624e-06
0.4381561711403895	0.001671200661700381	-0.00017928238907344358	2.825053826699673e-06
0.4520647410291456	0.0011862669677257095	-0.00012697611082750575	1.4233522514380286e-06
0.46641481631961	0.0008320836940788816	-8.886604752002867e-05	7.002604483537898e-07
0.4812204118976625	0.00057654148911198	-6.143665263778946e-05	3.3617455095479583e-07
0.496495987529416	0.00039447263088917195	-4.194122463137438e-05	1.573677228442043e-07
0.5122564619832317	0.0002664189254538588	-2.8262857968008255e-05	7.177783298050859e-08
0.528517227600014	0.0001775454079339653	-1.879261703985772e-05	3.187553433364489e-08
0.5452941653260172	0.00011670225967762006	-1.23249325414714e-05	1.3771321376014487e-08
0.5626036602228441	7.563076932691107e-05	-7.969530427003082e-06	5.783526684207361e-09
0.5804626174697844	4.830431118625991e-05	-5.078683699604494e-06	2.3590995072996626e-09
0.5988884788741236	3.0391683911160608e-05	-3.1882570354693432e-06	9.338194338801183e-10
0.6178992399055429	1.8828273863543497e-05	-1.970827137585239e-06	3.583880562868376e-10
0.6375134672712502	1.1480456644790605e-05	-1.1990450234599485e-06	1.3323859374120083e-10
0.6577503170490073	6.88658900757678e-06	-7.176339389635945e-07	4.7940106629629747e-11
0.6786295533957579	4.061451368412953e-06	-4.2235559556991854e-07	1.6673771467092666e-11
0.7001715678501335	2.3547814165242298e-06	-2.442358718806017e-07	5.604646680721136e-12
0.7223973992476859	1.342038477564744e-06	-1.3866083382744976e-07	1.8202941021020195e-12
0.7453287542682971	7.491830364614846e-07	-7.74185375204708e-08	5.672688520734587e-13
0.7689880286358342	4.140019065624726e-07	-4.208673732116545e-08	1.7316887209570307e-13
0.7933983289907532	2.2701927028600825e-07	-2.2273351679607227e-08	5.203385127623513e-14
0.8185834954570139	1.212991520312701e-07	-1.1490850833995095e-08	1.4845523936394305e-14
0.8445681249253457	6.215397962267916e-08	-5.88793982994424e-09	3.8977850183774605e-15
0.8713775950756039	3.117900032447103e-08	-2.9536335240762516e-09	9.808540122279116e-16
0.899038089161677	1.530188355351832e-08	-1.4495704087635639e-09	2.362488946553974e-16
0.9275766215831506	7.342013227790931e-09	-6.955199390018447e-10	5.4388906222606134e-17
