r	P	Q	rho
9.490066195895024e-05	-0.001996017533363256	0.000558668653478395	4.296196657872899e-06
9.791313234344777e-05	-0.002049597859981896	0.0005737066951334325	4.529990759683292e-06
0.00010102122880293944	-0.0021046004782630627	0.0005891464031858969	4.7764366574919915e-06
0.00010422798683489122	-0.002161062185080029	0.00060499831954246	5.036212734432071e-06
0.00010753653829380228	-0.0022190206714895085	0.0006212732515780826	5.310033193624153e-06
0.00011095011444990532	-0.0022785145408952046	0.0006379822781519254	5.598649900306806e-06
0.00011447204914496072	-0.002339583327351937	0.0006551367557051586	5.902854314299041e-06
0.00011810578204822652	-0.0024022675140192647	0.0006727483243573526	6.223479516837924e-06
0.00012185486201578356	-0.002466608551641214	0.0006908289143336668	6.561402335909e-06
0.00012572295055649751	-0.0025326488771928606	0.0007093907522122137	6.917545574470468e-06
0.00012971382540800198	-0.002600431932529244	0.0007284463674300736	7.292880345939849e-06
0.00013383138422619562	-0.002670002183096078	0.0007480085987912653	7.688428521603494e-06
0.00013807964839185672	-0.002741405136641806	0.0007680906010813424	8.105265294675577e-06
0.00014246276693809226	-0.002814687361911439	0.0007887058517506984	8.544521865889771e-06
0.0001469850206024578	-0.0028898965072908147	0.000809868157670282	9.007388255659907e-06
0.00015165082600770565	-0.002967081319367469	0.0008315916619539949	9.495116247970807e-06
0.00015646473997524374	-0.0030462916613722686	0.0008538908508431153	1.0009022471299796e-05
0.00016143146397551905	-0.003127578531462877	0.0008767805606472876	1.0550491621996458e-05
0.00016655584871967067	-0.0032109940808070867	0.0009002759847361206	1.112097983567074e-05
0.0001718428988969381	-0.0032965916314208568	0.0009243926805748531	1.172201821225439e-05
0.00017729777806245068	-0.003384425693712402	0.000949146576796919	1.2355216500505984e-05
0.0001829258136801725	-0.0034745519836800755	0.0009745539803055768	1.302226694782459e-05
0.0001887325023259272	-0.003567027439707902	0.0010006315833960677	1.372494832131883e-05
0.0001947235150555844	-0.003661910238898501	0.0010273964708890093	1.4465130106144867e-05
0.0002009047029436515	-0.0037592598128788255	0.001054866127264924	1.524477688717664e-05
0.000207282102797678	-0.003859136863009488	0.0010830584437889652	1.606595292010129e-05
0.0002138619430540556	-0.003961603374923604	0.0011119917256139714	1.6930826898040026e-05
0.00022065064986097037	-0.004066722632315887	0.0011416846988490429	1.7841676919776286e-05
0.0002276548533544489	-0.004174559229897292	0.0011721565175797906	1.880089566562545e-05
0.0002348813941336277	-0.004285179085424658	0.001203426770825332	1.9810995786899995e-05
0.0002423373299415688	-0.004398649450708768	0.0012355154894159433	2.0874615514807268e-05
0.0002500299425581485	-0.004515038921497689	0.0012684431527740698	2.1994524494458434e-05
0.000257966744911749	-0.004634417446125467	0.0013022306955800846	2.3173629849463092e-05
0.00026615548841669973	-0.004756856332809044	0.0013368995143028149	2.4414982482328607e-05
0.00027460417054363376	-0.004882428255468576	0.001372471473573404	2.5721783615570676e-05
0.0002833210426301534	-0.0050112072579383705	0.0014089689123795205	2.709739157806613e-05
0.000292314617939433	-0.005143268756427099	0.0014464146500553152	2.85453288407338e-05
0.00030159367997462886	-0.005278689540077035	0.00148483199204077	3.006928930510646e-05
0.0003111672910572175	-0.005417547769462606	0.0015242447353822834	3.167314584774986e-05
0.00032104480117763865	-0.0055599229728586445	0.001564677173944388	3.3360958122783904e-05
0.0003312358571268888	-0.0057058960400981915	0.0016061541033004611	3.513698062395713e-05
0.00034175041191798224	-0.0058555492138287445	0.0016487008252681332	3.700567100681025e-05
0.0003525987345064809	-0.00600896607796425	0.0016923431520528263	3.8971698670425154e-05
0.0003637914198195881	-0.006166231543117855	0.001737107409960446	4.1039953597081085e-05
0.0003753393991035984	-0.006327431828787774	0.0017830204426377311	4.3215555446820644e-05
0.00038725395059981225	-0.006492654442055016	0.0018301096137960848	4.550386290244559e-05
0.00039954671055933937	-0.006661988152537652	0.0018784028093718976	4.791048325880828e-05
0.00041222968460755057	-0.006835522963331486	0.0019279284390734289	5.0441282248420166e-05
0.00042531525946927463	-0.007013350077651394	0.0019787154372611694	5.310239409334847e-05
0.0004388162150661944	-0.007195561860871294	0.0020307932631053495	5.590023177109964e-05
0.0004527457369982545	-0.007382251797643672	0.0020841918999607977	5.884149747967543e-05
0.0004671174294212717	-0.007573514443761654	0.0021389418538957285	6.193319328421329e-05
0.0004819453283333244	-0.007769445372407953	0.0021950741513072484	6.51826319245686e-05
0.0004972439152828979	-0.007970141114415456	0.0022526203355523427	6.85974477598396e-05
0.0005130281315121724	-0.00817569909214379	0.0023116124625189526	7.218560782215373e-05
0.0005293133925492664	-0.008386217546554867	0.002372083095057319	7.595542294800144e-05
0.0005461156032636903	-0.008601795457048263	0.0024340652961871863	7.991555895099895e-05
0.000563451173399708	-0.008822532453593986	0.002497592620991652	8.407504779515107e-05
0.0005813370336027824	-0.009048528720676212	0.0025626991071033577	8.844329872245062e-05
0.0005997906519547552	-0.009279884892536377	0.0026294192636835013	9.303010928295478e-05
0.0006188300510339074	-0.00951670193917804	0.0026977880587885886	9.784567620929736e-05
0.0006384738255165671	-0.009759081042568792	0.00276784090501413	0.00010290060607089502
0.0006587411603374505	-0.01000712346244654	0.0028396136432984765	0.00010820592563585488
0.0006796518494264739	-0.010260930391108408	0.002913142524763716	0.00011377309186075885
0.0007012263150403372	-0.010520602796530434	0.002988464190464092	0.00011961400142005019
0.0007234856277077568	-0.010786241253135358	0.003065615648905592	0.0001257409996776539
0.0007464515268078281	-0.011057945759493667	0.003144634251193344	0.00013216688899368232
0.0007701464418016163	-0.011335815542210264	0.003225557663656153	0.0001389049362485867
0.0007945935141377091	-0.011619948845215267	0.0033084238377899568	0.00014596887945587646
0.0008198166198531264	-0.011910442703642688	0.003393270977354112	0.00015337293332250908
0.0008458403928916611	-0.012207392701445285	0.00348013750244637	0.00016113179360323324
0.0008726902491624222	-0.012510892711857586	0.0035690620103739907	0.0001692606400815061
0.0009003924113620784	-0.012821034619782025	0.003660083233129847	0.00017777513799508741
0.0009289739345850448	-0.013137908025135646	0.003753239991273485	0.00018669143770901818
0.0009584627327466224	-0.01346159992615667	0.003848571144007984	0.0001960261724223922
0.0009888876058449022	-0.013792194381631814	0.003946115535234099	0.00020579645367813207
0.0010202782680880486	-0.0141297721509665	0.004045911935353606	0.00021601986442686526
0.0010526653769144464	-0.01447441031098131	0.004147998978583978	0.00022671444937697577
0.0010860805629340385	-0.01482618184827936	0.0042524150955365455	0.0002378987023429955
0.0011205564608201082	-0.015185155225990838	0.0043591984408002165	0.0002495915502837119
0.0011561267411816733	-0.015551393923663176	0.004468386815262495	0.00026181233369975966
0.0011928261434476126	-0.015924955949028145	0.00458001758288927	0.00027458078303806176
0.001230690509794653	-0.016305893320341318	0.0046941275816743564	0.00028791699072738754
0.001269756820152343	-0.016694251517954766	0.004810753028459353	0.00030184137844556586
0.001310063228319204	-0.017090068903751126	0.004929929417313977	0.00031637465919465895
0.0013516490992253303	-0.017493376107036666	0.0050516914111566925	0.0003315377937357956
0.0013945550473778352	-0.017904195375463134	0.005176072726285252	0.00034735194091054954
0.0014388229765266802	-0.01832253988952352	0.005303106009476831	0.0003638384013509298
0.0014844961205896384	-0.018748413039145876	0.005432822707307718	0.0003810185540554535
0.0015316190858763526	-0.019181807660892905	0.005565252927333248	0.00039891378528468107
0.0015802378946527286	-0.019622705234263335	0.0057004252907598444	0.00041754540920632016
0.0016304000300882144	-0.020071075035585563	0.005838366776232787	0.0004369345796979248
0.0016821544826298538	-0.02052687324799472	0.005979102554355814	0.0004571021926947455
0.0017355517978484153	-0.020990042025992965	0.006122655812551959	0.0004780687784519271
0.0017906441258033182	-0.02146050851310952	0.0062690475698693226	0.0004998543830745306
0.0018474852719745677	-0.02193818381120339	0.006418296481330929	0.0005224784386564115
0.0019061307498114465	-0.022422961899989206	0.006570418631424561	0.0005459596213605386
0.0019666378349492814	-0.0229147185054154	0.006725427316326726	0.0005703156967696207
0.0020290656211472287	-0.023413309915586773	0.006883332814454967	0.0005955633518378664
0.0020934750780017253	-0.023918571743000903	0.0070441421449445405	0.0006217180127832652
0.0021599291104919503	-0.02443031763196148	0.007207858813649814	0.0006487936482760373
0.00222849262041547	-0.024948337910143958	0.007374482546277141	0.0006768025573040724
0.002299232569774062	-0.025472398183420855	0.007544009008265539	0.0007057551411315337
0.002372218046171609	-0.026002237873208132	0.007716429511043799	0.000735659658813807
0.00244752033028796	-0.02653756869577244	0.007891730704308597	0.0007665219657921685
0.002525212965494629	-0.02707807308314378	0.008069894253987811	0.0007983452351666212
0.0026053718296803418	-0.027623402545511683	0.008250896505577062	0.000831129661337125
0.002688075209356568	-0.028173175975248224	0.0084347081325659	0.0008648721458138771
0.0027734038761154088	-0.028726977893000785	0.008621293769703558	0.0008995659651284852
0.0028614411655145315	-0.02928435663663361	0.0088106116308931	0.0009352004209319758
0.0029522730584661664	-0.02984482249417472	0.009002613111547897	0.0009717604725450114
0.0030459882652096805	-0.030407845782344536	0.009197242375295824	0.0010092263524327856
0.003142678311949716	-0.030972854872710363	0.009394435924975363	0.001047573165314446
0.003242437630244528	-0.031539234168028535	0.009594122157934202	0.0010867704718871027
0.0033453636492318047	-0.03210632203190816	0.009796220905715707	0.001126781858450173
0.003451556890782055	-0.03267340867556056	0.01000064295830252	0.001167564494059642
0.003561121067672485	-0.03323973400609128	0.01020728957318006	0.0012090686772264513
0.0036741631848772527	-0.033804485441549376	0.010416051969586556	0.0012512373746010517
0.003790793644073012	-0.034366795698778714	0.010626810808431615	0.001294005754559794
0.00391112635146183	-0.03492574056101901	0.010839435658492052	0.0013373007191301977
0.004035278829016761	-0.03548033663318801	0.0110537844496337	0.001381040438263307
0.004163372329258743	-0.036029539093842114	0.011269702913961076	0.00142513389108364
0.00429553195367689	-0.03657223945396724	0.01148702401596423	0.0014694804194216567
0.0044318867749078734	-0.03710726333399781	0.0117055673729148	0.0015139692996605058
0.0045725699627936585	-0.03763336827180409	0.01192513866696179	0.0015584793397074976
0.004717718914440774	-0.038149241575830176	0.012145529050592716	0.0016028785087298413
0.004867475388408092	-0.038653498239111135	0.012366514547358397	0.0016470236081709945
0.005021985643154183	-0.03914467893154999	0.012587855450010389	0.00169075999348449
0.005181400579879469	-0.03962124808959777	0.012809295718469695	0.001733921356980661
0.0053458758899026715	-0.040081592124353936	0.013030562380334334	0.001776329583170856
0.005515572206715479	-0.04052401777109111	0.013251364936942366	0.0018177946890037336
0.005690655262863973	-0.04094675060530952	0.013471394778336409	0.001858114862407205
0.005871296051809977	-0.04134793375264107	0.013690324610825763	0.001897076613562576
0.006057670994930454	-0.041725626822248736	0.013907807901213293	0.0019344550543266142
0.006249962113818027	-0.04207780509580277	0.014123478342146185	0.001970014322161438
0.0064483572080509055	-0.042402359006654206	0.01433694934346239	0.002003508165806196
0.0066530500386058405	-0.04269709394646432	0.01454781355483752	0.0020346807106995145
0.006864240517093227	-0.04295973043927504	0.014755642425489667	0.002063267422804085
0.007082134900999168	-0.04318790472581152	0.01495998580717098	0.0020889962899565302
0.0073069459951252014	-0.04337916980367897	0.015160371607163645	0.0021115892401237075
0.007538893359422399	-0.043530996972035295	0.01535630549850248	0.0021307638159426836
0.0077782035234228225	-0.04364077793227012	0.015547270695164648	0.00214623512460244
0.008025110207477789	-0.04370582749917472	0.015732727800496362	0.002157718081432128
0.008279854551018963	-0.04372338698001978	0.015912114737684172	0.0021649299644297885
0.00854268534806526	-0.0436906282818358	0.016084846771620354	0.002167593295328056
0.00881385929020551	-0.043604658809978165	0.01625031663205453	0.0021654390605766343
0.009093641217294257	-0.043462527223712966	0.016407894748461292	0.0021582102827485744
0.009382304376105462	-0.04326123011703188	0.01655692960758149	0.002145665949269195
0.009680130687196793	-0.04299771969514207	0.016696748245105725	0.0021275853009424493
0.009987411020245049	-0.04266891251901729	0.016826656883456022	0.0021037724774291087
0.010304445478121716	-0.042271699391972575	0.016945941728076935	0.002074061510536674
0.010631543689986018	-0.041802956463361615	0.017053869935061434	0.002038321648839699
0.01096902511368176	-0.04125955762510807	0.017149690763300328	0.001996462988696442
0.01131721934773325	-0.040638388276780256	0.017232636924644402	0.0019484423771109686
0.011676466453245077	-0.0399363605342012	0.017301926145794795	0.001894269541072241
0.012047117286020035	-0.039150429955044	0.017356762955775196	0.0018340133859677768
0.012429533839219657	-0.03827761385238001	0.01739634071287476	0.0017678083924303378
0.012824089596901888	-0.03731501126359489	0.017419843884867902	0.001695861026575383
0.013231169898781347	-0.0362598246373336	0.01742645059609855	0.001618456063108448
0.013651172316568228	-0.03510938329503307	0.01741533545464454	0.0015359627043553463
0.01408450704225352	-0.03386116871600254	0.017385672672233142	0.0014488403610796235
0.014531597288719757	-0.03251284168575562	0.017336639488840528	0.001357643943249033
0.01499287970306844	-0.031062271336222764	0.017267419912955596	0.0012630284910154618
0.015468804793067968	-0.0295075660934088	0.017177208787299267	0.0011657529584793598
0.0159598373671384	-0.027847106532835567	0.01706521618834148	0.0010666829458059253
0.016466456988302878	-0.02607958012555335	0.016930672166226735	0.000966792159525402
0.016989158442549022	-0.024204017837445496	0.016772831829681145	0.0008671623670621447
0.017528452222057678	-0.022219832521823538	0.016590980778106883	0.000768981600477399
0.018084865023771005	-0.020126859019758137	0.016384440880350893	0.000673540356962933
0.01865894026378684	-0.01792539585407014	0.0161525763965423	0.0005822255407712505
0.01925123860808164	-0.01561624837128899	0.01589480043590745	0.0004965118940911097
0.019862338520080437	-0.013200773151068565	0.015610581739575392	0.00041795067403393733
0.020492836825608467	-0.010680923464458288	0.01529945177306604	0.00034815535060998923
0.021143349295776374	-0.008059295521019721	0.014961012108397271	0.0002887841276027383
0.02181451124836807	-0.005339175200059416	0.014594942070551134	0.00024151912585967293
0.022506978168318776	-0.0025245849132715364	0.014201006617403363	0.00020804211793185235
0.023221426347889127	0.0003796698050383384	0.01377906441615199	0.00019000676534532382
0.02395855354716057	0.0033679544380610547	0.01332907607279584	0.00018900738605123372
0.024719079675497163	0.006433760871622853	0.012851112464337278	0.0002065443705242702
0.025503747494639257	0.009569664598195367	0.012345363116150396	0.00024398647099156033
0.02631332334411581	0.012767284374664373	0.011812144559413923	0.000302530309396041
0.02714859788968373	0.01601724503114511	0.011251908595715891	0.0003831575854340879
0.02801038689552524	0.01930914419121133	0.010665250387968611	0.0004865906152350548
0.028899532020957415	0.0226315237268623	0.010052916288713845	0.0006132469921074193
0.02981690164243204	0.025971846833449014	0.009415811308851857	0.0007631943305440381
0.03076339170162842	0.029316481669534832	0.008755006121910169	0.0009361062296748563
0.031739926580467724	0.03265069256304151	0.008071743491309482	0.0011312207678357512
0.03274746000390311	0.03595863983663907	0.007367444000830407	0.0013473030100064984
0.03378697597136758	0.039223389350622875	0.006643710961792624	0.0015826131674943995
0.034859489717789086	0.042426932898773015	0.005902334364497642	0.0018348821861473177
0.03596604870511164	0.04555022062003376	0.005145293736435443	0.002101296646167951
0.037107733645290575	0.048573206604255695	0.004374759765800407	0.002378494922828175
0.0382856595557612	0.05147490887153288	0.003593094546193399	0.0026625765717504988
0.03950097684841165	0.05423348488952483	0.002802850297197852	0.00294912685305082
0.0407548724531234	0.0568263237591434	0.002006766416000356	0.0032332581834273724
0.04204857097697684	0.05923015614356709	0.0012077647175701668	0.0035096700924043454
0.04338333590025396	0.06142118293610707	0.00040894272530165487	0.0037727289474233077
0.044760470810406176	0.06337522355632985	-0.00038643511936309885	0.004016568292916263
0.04618132067519259	0.06506788462837873	-0.0011749484508067612	0.004235210113874058
0.04764727315623196	0.06647474962800769	-0.0019530342875140967	0.004422706681034514
0.04915975996425129	0.0675715898829271	-0.002717002751383674	0.004573301863257522
0.050720258257354586	0.06833459707230913	-0.003463055277555661	0.004681609908890245
0.05233029208367752	0.06874063709361182	-0.004187305374072668	0.004742808714331379
0.05399143386983677	0.06876752484650846	-0.004885801967360034	0.004752843534379417
0.05570530595662785	0.0683943191233693	-0.005554555342866513	0.0047086359734062454
0.057473582183471275	0.06760163639275667	-0.006189565660097215	0.004608291966039137
0.05929798952315436	0.06637198181684056	-0.006786853987552529	0.004451301357343372
0.06118030976846538	0.06469009535653031	-0.007342495765625192	0.004238720681305208
0.0631223812723671	0.06254331029159084	-0.00785265656419096	0.003973329877345344
0.06512610074340959	0.05992192092055372	-0.008313629956387097	0.0036597530498608307
0.06719342509813525	0.056819555611892274	-0.008721877280904285	0.0033045330432360733
0.06932637337228578	0.05323355076055389	-0.009074069012120286	0.002916149655013189
0.0715270286926772	0.04916532057138216	-0.009367127400815875	0.00250497182262989
0.07379754031166887	0.0446207169542849	-0.009598269988461134	0.002083135168285802
0.07614012570621363	0.03961037318862943	-0.009765053535804404	0.0016643379346996192
0.07855707274353886	0.03415002441214728	-0.009865417842684285	0.0012635506365610088
0.08105074191557367	0.02826079743092909	-0.009897728871895283	0.0008966377082535578
0.08362356864430431	0.021969461852546928	-0.009860820527213519	0.0005798930355604302
0.08627806566030968	0.015308634136713468	-0.009754034376357905	0.00032949546574692065
0.08901682545679922	0.008316925861622452	-0.009577256556130434	0.00016089509892966775
0.09184252282155089	0.0010390273447801264	-0.009330951051996637	8.814622535795798e-05
0.09475791744922099	-0.006474282239325464	-0.009016188510958052	0.00012320798577957712
0.09776585663657797	-0.014166206910562876	-0.008634669727922251	0.0002752389395431763
0.1008692780632917	-0.021974096365474385	-0.008188742945102698	0.0005499164221001239
0.104071212660995	-0.029829706515579955	-0.007681414124327091	0.0009488155137550449
0.1073747875734188	-0.03765956481960527	-0.007116349396174084	0.0014688852511304782
0.1107832292104914	-0.04538544599859182	-0.006497868959671773	0.00210206100950816
0.1142998663993865	-0.05292496230650829	-0.005830931803131124	0.002835051400838089
0.1179281336355952	-0.0601922708471347	-0.005121110740779212	0.003649335244954146
0.1216715744371986	-0.06709889849048775	-0.00437455741023309	0.004521398931172205
0.125533844805616	-0.07355468276712827	-0.003597957050252974	0.005423236651908342
0.1295187167962098	-0.07946882473293926	-0.0027984730730573285	0.006323125555975245
0.1336300822022327	-0.08475104723495112	-0.0019836816559603994	0.00718667500033311
0.1378719563557168	-0.08931284931226563	-0.0011614967973386555	0.007978134127085696
0.1422484820490148	-0.09306884468289195	-0.0003400865053099794	0.00866192550943936
0.1467639335808254	-0.09593816944989436	0.0004722189930170616	0.00920435534817401
0.1514227209306528	-0.09784594136448815	0.0012670259252954197	0.009575433596198224
0.1562293940657774	-0.0987247502674016	0.0020359812430951287	0.009750721534983048
0.1611886473849453	-0.09851615675161456	0.002770881030648361	0.009713110922794697
0.1663053243031148	-0.09717217370836247	0.003463781456333013	0.009454429125185406
0.171584421981739	-0.09465670329302464	0.004107110558814844	0.00897675983544603
0.1770310962092034	-0.09094690003772489	0.004693779079271207	0.008293370188516929
0.1826506664361849	-0.0860344294042812	0.005217288500651449	0.0074291431422192755
0.1884486209708514	-0.0799265900787001	0.0056718344324403385	0.006420429507437576
0.1944306223389731	-0.07264726782545239	0.00605240348195888	0.005314257110411438
0.2006025128141833	-0.06423768882088772	0.006354861777698729	0.0041668649332628595
0.2069703201237879	-0.054756941151335885	0.006576033353870787	0.003041566818922082
0.213540263335697	-0.044282234679273925	0.006713766666822553	0.0020059909710468276
0.2203187589322277	-0.03290887183997102	0.006766987593709215	0.001128785966873052
0.22731242707671	-0.020749905218879653	0.006735737364624956	0.00047592872443769383
0.2345280980790161	-0.007935462055026436	0.0066211940066851485	0.00010681176810092771
0.2419728190663278	0.005388278823167668	0.006425676039991561	7.032286124711878e-05
0.2496538608656569	0.019060465668008588	0.006152627370383112	0.00040115617504012146
0.2575787251048397	0.03290730859448525	0.005806582582336025	0.001116607360218171
0.265755151538942	0.04674416244497443	0.0053931121564184895	0.002214102381413867
0.2741911256092284	0.06037794031497856	0.004918747525807323	0.0036696897539017495
0.2828948862420798	0.0736098302916459	0.004390886347596311	0.005437686998482419
0.2918749338954744	0.08623827760277952	0.0038176788929125704	0.007451615196023454
0.3011400388608921	0.0980621840784063	0.0032078970437209565	0.009626482549670357
0.310699249828749	0.1088842670441744	0.0025707880040594373	0.011862392560708899
0.3205619027257286	0.1185145109987366	0.001915915461705984	0.014049360049326063
0.330737629832639	0.1267736381990856	0.001252991538449453	0.016073125330028082
0.3412363691917039	0.1334965190964848	0.0005917034038428656	0.01782167072379625
0.3520683743124704	0.1385354408837683	-5.846114275242775e-05	0.01919207179856527
0.3632442241858177	0.141763152587875	-0.0006883845335525587	0.020097265304919162
0.3747748336158435	0.1430756083887744	-0.0012894820460043564	0.020472292479764898
0.3866714638797196	0.1423943372183895	-0.0018538515799796744	0.020279584037545022
0.3989457337259282	0.1396683760515583	-0.0023744063296345136	0.01951289307429771
0.4116096307216188	0.1348757163106335	-0.0028449866151855105	0.01819955279914707
0.4246755229601704	0.1280242269437272	-0.0032604478692143885	0.01640083320484683
0.4381561711403895	0.1191520333238077	-0.003616722661680877	0.014210287728009295
0.4520647410291456	0.1083273473555501	-0.003910855649135249	0.011750108976998378
0.46641481631961	0.09564776021589849	-0.004141011387764856	0.009165642009631611
0.4812204118976625	0.08123902414558289	-0.00430645599272443	0.0066183246073438715
0.496495987529416	0.06525336288251715	-0.004407514592995113	0.004277427552364932
0.5122564619832317	0.04786736105096092	-0.0044455073629890455	0.0023110467896974404
0.528517227600014	0.02927949065326571	-0.004422667560577486	0.0008768485612660585
0.5452941653260172	0.009707337539508802	-0.004342045432756973	0.00011308576064608249
0.5626036602228441	-0.010615407617186726	-0.004207402048628631	0.00013038911087783037
0.5804626174697844	-0.03144213047538658	-0.004023097087483064	0.0010047928790065483
0.5988884788741236	-0.052516586464245514	-0.0037939743680154903	0.0027723860953617336
0.6178992399055429	-0.07357625192289308	-0.0035252484888205777	0.005425892223928959
0.6375134672712502	-0.09435568466686128	-0.0032223954073225163	0.008913379061113294
0.6577503170490073	-0.1145898523571481	-0.00289104916738641	0.013139192428521244
0.6786295533957579	-0.1340173933829133	-0.002536906349027351	0.01796709762297427
0.7001715678501335	-0.1523837804555617	-0.002165639206489204	0.02322550653910151
0.7223973992476859	-0.1694443613770428	-0.0017828179243725287	0.02871457004222534
0.7453287542682971	-0.1849672543023205	-0.0013938419845368265	0.03421482795961716
0.7689880286358342	-0.1987360762662252	-0.0010038803148517943	0.039497035785381426
0.7933983289907532	-0.2105524839606221	-0.0006178196872374922	0.04433273020315396
0.8185834954570139	-0.2202385050341572	-0.00024022073779970097	0.04850505680568336
0.8445681249253457	-0.2276386369398017	0.00012471902143537078	0.051819364582645154
0.8713775950756039	-0.232621689005828	0.00047319576503889295	0.05411307411015621
0.899038089161677	-0.2350823423849956	0.0008018239487378656	0.055264350622861065
0.9275766215831506	-0.2349424022207844	0.00110765526695947	0.055199159261463265
0.9570210642687056	-0.2321517170724186	0.0013881921786189598	0.05389634681719707
0.987400173897012	-0.2266887425863344	0.0016413960977081728	0.05139048019652295
1.0187436199817097	-0.2185607297212916	0.0018656902643556792	0.04777227337646599
1.0510820138479002	-0.207803522581503	0.0020599572642162885	0.04318654742121163
1.0844469385284514	-0.1944809570453326	0.002223531152042433	0.037827786744052606
1.1188709796093146	-0.1786838587905622	0.002356184157887566	0.03193347299607145
1.1543877570539731	-0.1605286478239314	0.0024581080094852647	0.02577548906716609
1.1910319580381128	-0.1401555659640578	0.002529889988437456	0.019649983014058948
1.2288393708265706	-0.1177265535749345	0.002572483946355456	0.013866159090286179
1.2678469197256592	-0.09342281180166523	0.0025871766347442763	0.008734515247868726
1.308092701144993	-0.06744209616306748	0.002575549842603342	0.004555069791860176
1.3496160208040404	-0.03999579611253854	0.0025394389802358155	0.0016061124570100943
1.3924574321197405	-0.01130586257736698	0.0024808888875578034	0.00013397733829071493
1.4366587758126717	0.01839834895588239	0.002402107769939689	0.0003442693660408232
1.4822632207704554	0.04888324894504337	0.002305420263889364	0.002394886990016235
1.5293153062083042	0.07991412630184576	0.002193220699434876	0.006391077799623786
1.5778609851678893	0.1112581333589561	0.00206792764809244	0.012382648563277004
1.6279476693970094	0.1426870785507252	0.0019319408201136188	0.02036333478067325
1.6796242756538933	0.1739799694822191	0.0017876013010917182	0.03027222529944556
1.7329412734813598	0.2049252587698867	0.0016371559983197797	0.04199704196166786
1.7879507344974923	0.235322756566678	0.0014827270074986906	0.05537899823751876
1.8447063832509665	0.2649851864557507	0.0013262864197332413	0.07021890807665614
1.9032636496906972	0.293739374752838	0.0011696368781218655	0.08628418833061488
1.9636797233010583	0.3214270765155848	0.0010143979750439772	0.10331639452060737
2.0260136089555294	0.3479054540691084	0.0008619983682470775	0.12103894801221934
2.0903261845433323	0.3730472350008335	0.000713673296711046	0.1391647488713415
2.156680260425336	0.3967405858898963	0.0005704670072614322	0.15740341792486454
2.225140640777288	0.418888745102261	0.0004332394657650621	0.1754679684697817
2.2957741868802963	0.4394094626230574	0.00030267662951378126	0.19308076745582614
2.3686498824203586	0.4582342969856872	0.00017930350012333447	0.2099787030837121
2.443838900860729	0.4753078190108515	6.34991604699187e-05	0.22591752684499575
2.521414674952911	0.4905867694433473	-4.4486980019693816e-05	0.24067538033195138
2.6014529684541583	0.5040392130238426	-0.0001445184529468522	0.2540555491512778
2.6840319501215486	0.5156437254282221	-0.00023655515216625448	0.26588850753183574
2.769232270054869	0.5253886423103288	-0.0003206374496664157	0.2760333282770647
2.8571371384628854	0.533271391869441	-0.00039687143567034	0.2843785348933073
2.9478324069299333	0.5392979243730704	-0.0004654155970068305	0.29084246784477996
3.0414066522621703	0.5434822443472198	-0.000526469134114021	0.2953732270904403
3.1379512629954105	0.5458460440351088	-0.0005802620121621896	0.2979482404927807
3.2375605286489977	0.5464184304941972	-0.0006270467495684996	0.298573494371368
3.340331731812913	0.5452357336083841	-0.0006670918693712794	0.2972824502150349
3.4463652431580334	0.5423413783060672	-0.0007006768806475852	0.29413466157101575
3.555764619462344	0.5377858016110536	-0.0007280886133423492	0.2892140985274724
3.668636704748828	0.5316263935675883	-0.0007496187055026925	0.28262718426588396
3.785091734633835	0.5239274406206	-0.0007655620304283878	0.2745005491204748
3.9052434439878025	0.5147600505085167	-0.0007762158524509051	0.26497851211058027
4.029209178013506	0.5042020389446898	-0.0007818795115301537	0.2542203074115531
4.1571100068503135	0.492337760301193	-0.0007828544537825426	0.24239708307949076
4.2890708438163605	0.4792578668256146	-0.0007794444485069627	0.22968871044788686
4.425220567404144	0.4650589837391886	-0.0007719558548975203	0.21628045427236878
4.565692147148664	0.4498432905213307	-0.0007606978276178325	0.2023595646882433
4.710622773491057	0.4337180019580208	-0.0007459823731862758	0.18811186171215882
4.860153991764537	0.4167947458089068	-0.0007281241928150373	0.17371839029875139
5.014431840433509	0.3991888374056615	-0.0007074402666014261	0.15935222838101448
5.173606993720865	0.3810184552087971	-0.0006842491543046553	0.1451755314066033
5.337834908762754	0.3624037229366872	-0.0006588699986678343	0.1313368925080463
5.507275977434546	0.3434657113428147	-0.0006316212462380475	0.11796909381362439
5.682095682996269	0.3243253708162954	-0.0006028190950621437	0.1051873095459889
5.862464761710512	0.3051024122323496	-0.0005727757046532893	0.09308781002200642
6.048559369590619	0.2859141548267468	-0.000541797206812128	0.08174719747450626
6.240561254442049	0.2668743622527223	-0.0005101815666506541	0.07122218551302821
6.438657933364915	0.2480920895521614	-0.00047821634852294727	0.06154991358923366
6.643042875891047	0.2296705649290778	-0.00044617644732781206	0.052748767468263895
6.853915692934468	0.2117061305735409	-0.0004143218474548636	0.04481965738501443
7.071482331739781	0.1942872665823539	-0.0003828954732647696	0.037747688564986094
7.2959552770189005	0.1774937210299797	-0.0003521211940925938	0.031504144994403585
7.527553758472541	0.1613957674367674	-0.00032220204221627404	0.026048697560659115
7.766503964899138	0.1460536085577092	-0.0002933186994607397	0.021331742608588004
8.013039265100327	0.1315169420814169	-0.00026562829874264614	0.017296776612839862
8.267400435798717	0.117824700197899	-0.00023926358053473568	0.01388271722378575
8.529835896790534	0.105004970559772	-0.0002143324330327359	0.011026089780650433
8.800601953562829	0.09307510148841269	-0.00019091783415787388	0.008663010966697722
9.079963047612173	0.08204198927520091	-0.0001690782017819673	0.006730916591670499
9.36819201470932	0.07190254034564726	-0.0001488481461111893	0.005169997463928033
9.665570351362078	0.06264429611212545	-0.00013023960622133085	0.003924324797738684
9.97238848973661	0.05424620363627123	-0.00011324334051250644	0.0029426634330019766
10.28894608130568	0.04667951109103831	-9.783073057426308e-05	0.002178986326550213
10.615552289500863	0.03990876347445435	-8.395584816760241e-05	0.0015927164506443832
10.95252609165452	0.03389287139955592	-7.155772769584899e-05	0.0011487318522152288
11.300196590526465	0.028586224055986462	-6.056278083962916e-05	0.0008171758736294821
11.658903335719517	0.02393981680933385	-5.088728721894411e-05	0.000573117418380464
12.02899665529791	0.01990236432987177	-4.2439894403746e-05	0.00039610590706358923
12.410837997932374	0.016421371634084057	-3.512406252443232e-05	0.0002696626800444687
12.804800285906088	0.013444137946574713	-2.8840393469097255e-05	0.0001807456768948256
13.211268279326232	0.010918671651011836	-2.3488791197545932e-05	0.00011921794234592145
13.630638951896854	0.008794498712787556	-1.8970408400558173e-05	7.734356748561686e-05
14.063321878620055	0.007023351558378135	-1.5189344677389974e-05	4.932769782876431e-05
14.50973963580414	0.0055597302976849216	-1.2054072303885896e-05	3.0910746283654774e-05
14.970328213769353	0.004361333120807607	-9.478576897731214e-06	1.902131643407343e-05
15.445537442654343	0.003389357459879992	-7.383211303408575e-06	1.1487798502653303e-05
15.935831431739173	0.00260867786131707	-5.695271300472365e-06	6.805232620240988e-06
16.441689022713877	0.001987910277110413	-4.349310822485656e-06	3.951806186345829e-06
16.963604257335405	0.0014993755103681096	-3.2872218908473858e-06	2.248137726919389e-06
17.50208685992952	0.0011189767444439052	-2.458110159719548e-06	1.252114996911838e-06
18.05766273520895	0.0008260074048440774	-1.8180006996076323e-06	6.822915379837914e-07
18.630874481894047	0.0006029060598543511	-1.3294104064918045e-06	3.634974843411273e-07
19.222281922637443	0.00043497472303086416	-9.608233246755197e-07	1.892039328572382e-07
19.83246265077036	0.0003100758797211828	-6.861034123544387e-07	9.614752192275788e-08
20.46201259440449	0.00021832196059389303	-4.83876169775892e-07	4.766471261370906e-08
21.111546598440448	0.00015176898135368152	-3.3690641734011374e-07	2.3033937207068175e-08
21.78169902505104	0.0001041238244504226	-2.314947299943585e-07	1.0841824407992438e-08
22.47312437322605	7.047231519546337e-05	-1.5690997185852313e-07	4.966371829748006e-09
23.18649791798337	4.703297977707317e-05	-1.0487035295339939e-07	2.2121121845015023e-09
23.922516369871012	3.093929068389379e-05	-6.908073574540752e-08	9.57244480170528e-10
24.681898555403787	2.005139347602361e-05	-4.4829769044094935e-08	4.020603900385147e-10
25.46538611909948	1.2796802425526543e-05	-2.86469640169504e-08	1.6375897296650943e-10
26.27374424780005	8.038424290407865e-06	-1.8017069308302553e-08	6.461658968740564e-11
27.107762417985168	4.9674875491242885e-06	-1.1147223820356229e-08	2.467605681130373e-11
27.96825516680813	3.0183959355291186e-06	-6.78120776871527e-09	9.110760008397506e-12
28.856062887607013	1.8024300778498585e-06	-4.053961773641109e-09	3.248770620143909e-12
29.772052650668048	1.0571719454375457e-06	-2.3802187824099413e-09	1.117618187661657e-12
30.717119050042953	6.08631753340988e-07	-1.3719626909965474e-09	3.7043449345655075e-13
31.69218507724691	3.4383300359848523e-07	-7.762485326619584e-10	1.1822173692534042e-13
32.69820302269094	1.9048805181856306e-07	-4.3011183451363076e-10	3.6285882881821756e-14
33.73615540572861	1.0284362559502314e-07	-2.3353269919779766e-10	1.0576865863050893e-14
34.80705593422571	5.4918137960439273e-08	-1.2613916535585635e-10	3.0160177881308778e-15
35.911950494589895	2.7474843740768253e-08	-6.386087155915023e-11	7.548711167905487e-16
37.051918173227264	1.32908234939352e-08	-3.089238941883784e-11	1.766469434866639e-16
38.22807231042342	6.28285747473571e-09	-1.4603495401256285e-11	3.9474511309920326e-17
39.44156158767836	2.900236336354254e-09	-6.741134614435502e-12	8.411416249605437e-18
40.69357114955698	1.3063289541914452e-09	-3.036352320862599e-12	1.7065045559943313e-18
