r	P	Q	rho
9.490066195895024e-05	1.3802509026172778e-09	-1.2006942259155245e-10	1.919509220417279e-18
9.791313234344777e-05	1.5136679680949787e-09	-1.316748021705191e-10	2.308528971163427e-18
0.00010102122880293944	1.6599775936236952e-09	-1.4440155751798678e-10	2.7763774211463344e-18
0.00010422798683489122	1.8204251424297983e-09	-1.5835799626724038e-10	3.3390249541723266e-18
0.00010753653829380228	1.9963762097742988e-09	-1.7366288086965166e-10	4.015676767144741e-18
0.00011095011444990532	2.18932821289871e-09	-1.9044643620238528e-10	4.829427868856448e-18
0.00011447204914496072	2.400923133716309e-09	-2.0885145735804227e-10	5.80805082525472e-18
0.00011810578204822652	2.632961438074372e-09	-2.290345196004963e-10	6.984942745555297e-18
0.00012185486201578356	2.8874173678573967e-09	-2.511673078449265e-10	8.400264072734605e-18
0.00012572295055649751	3.166455700811816e-09	-2.754380734579338e-10	1.0102307837513866e-17
0.00012971382540800198	3.4724501230706756e-09	-3.0205323134343993e-10	1.2149146011778564e-17
0.00013383138422619562	3.8080033718632235e-09	-3.3123911078844726e-10	1.4610609028637603e-17
0.00013807964839185672	4.175969317932707e-09	-3.6324387487706573e-10	1.7570665856951066e-17
0.00014246276693809226	4.579477174211889e-09	-3.9833962464787374e-10	2.113028564569232e-17
0.0001469850206024578	5.0219580351834955e-09	-4.368247057551454e-10	2.5410878330702142e-17
0.00015165082600770565	5.507173970902662e-09	-4.790262370829568e-10	3.055843128160166e-17
0.00015646473997524374	6.03924992114842e-09	-5.253028826279844e-10	3.6748482728588466e-17
0.00016143146397551905	6.622708658698334e-09	-5.760478900078856e-10	4.4192101149580423e-17
0.00016655584871967067	7.262509116494221e-09	-6.316924211885704e-10	5.3143073982148755e-17
0.0001718428988969381	7.96408840170285e-09	-6.927092034733555e-10	6.390655011071455e-17
0.00017729777806245068	8.733407850606096e-09	-7.596165314802654e-10	7.684942995992631e-17
0.0001829258136801725	9.577003512136486e-09	-8.329826537726806e-10	9.241285637296077e-17
0.0001887325023259272	1.0502041484986181e-08	-9.134305810274375e-10	1.1112723077872688e-16
0.0001947235150555844	1.151637857386692e-08	-1.0016433561498063e-09	1.3363026486954012e-16
0.0002009047029436515	1.262862877502062e-08	-1.0983698306055364e-09	1.6068868102206325e-16
0.000207282102797678	1.3848236149841308e-08	-1.2044309954681114e-09	1.9322429848461593e-16
0.0002138619430540556	1.518555469887141e-08	-1.320726920309106e-09	2.323453911104448e-16
0.00022065064986097037	1.6651935906916673e-08	-1.4482443581291428e-09	2.793843811689137e-16
0.0002276548533544489	1.8259824694065192e-08	-1.5880650800777842e-09	3.3594314855655545e-16
0.0002348813941336277	2.0022864577522065e-08	-1.7413750097882247e-09	4.039474928145028e-16
0.0002423373299415688	2.1956012925955823e-08	-1.9094742338063945e-09	4.857125954543097e-16
0.0002500299425581485	2.4075667272124776e-08	-2.093787971878343e-09	5.840217026692425e-16
0.000257966744911749	2.6399803741596203e-08	-2.2958785988337317e-09	7.022206961353797e-16
0.00026615548841669973	2.8948128756140482e-08	-2.517458818531814e-09	8.443317573850911e-16
0.00027460417054363376	3.174224528069539e-08	-2.7604060998900846e-09	1.0151899772961393e-15
0.0002833210426301534	3.4805835003550244e-08	-3.0267784954723166e-09	1.220607538355017e-15
0.000292314617939433	3.8164857971574976e-08	-3.3188319745564563e-09	1.4675710296658284e-15
0.00030159367997462886	4.184777134698665e-08	-3.639039415126075e-09	1.764478574574518e-15
0.0003111672910572175	4.588576911047595e-08	-3.990111412932777e-09	2.121424795947525e-15
0.00032104480117763865	5.0313044708786406e-08	-4.375019080771158e-09	2.5505432598254515e-15
0.0003312358571268888	5.516707883444667e-08	-4.7970190275129645e-09	3.0664179786763756e-15
0.00034175041191798224	6.0488954732826e-08	-5.259680724394289e-09	3.686577885992438e-15
0.0003525987345064809	6.632370365868105e-08	-5.766916485682339e-09	4.432090992757377e-15
0.0003637914198195881	7.272068335270622e-08	-6.3230143123230756e-09	5.3282782972784064e-15
0.0003753393991035984	7.973399268027665e-08	-6.932673870658442e-09	6.40557155573532e-15
0.00038725395059981225	8.742292587174844e-08	-7.601045903988524e-09	7.700543866811761e-15
0.00039954671055933937	9.585247012872227e-08	-8.333775402842899e-09	9.257147842242625e-15
0.00041222968460755057	1.05093850716162e-07	-9.137048890538483e-09	1.1128203120779036e-14
0.00042531525946927463	1.1522512804900898e-07	-1.0017646214180072e-08	1.3377183369582993e-14
0.0004388162150661944	1.263318517070148e-07	-1.0982997267968166e-08	1.6080362984711377e-14
0.0004527457369982545	1.3850777677627964e-07	-1.2041244115803904e-08	1.9329395787364095e-14
0.0004671174294212717	1.5185564842408674e-07	-1.3201309024036291e-08	2.323441251824794e-14
0.0004819453283333244	1.6648806116904256e-07	-1.4472968963123453e-08	2.7927741342434393e-14
0.0004972439152828979	1.825283999156135e-07	-1.586693718934941e-08	3.356837647152489e-14
0.0005130281315121724	2.0011187048561854e-07	-1.7394952574955515e-08	4.034734508433792e-14
0.0005293133925492664	2.1938662810424898e-07	-1.906987741755217e-08	4.8494152815672515e-14
0.0005461156032636903	2.405150130903533e-07	-2.0905804527951615e-08	5.828452418481375e-14
0.000563451173399708	2.636749038661619e-07	-2.291817447012891e-08	7.004969764987298e-14
0.0005813370336027824	2.890611983469791e-07	-2.5123903908443295e-08	8.418758693739227e-14
0.0005997906519547552	3.168874358038981e-07	-2.754152610615531e-08	1.0117618263062568e-13
0.0006188300510339074	3.4738757242015436e-07	-3.0191344716326095e-08	1.2158964276774803e-13
0.0006384738255165671	3.8081792499292244e-07	-3.3095602112117595e-08	1.461176108750787e-13
0.0006587411603374505	4.174592985764865e-07	-3.627866361911665e-08	1.7558840740196114e-13
0.0006796518494264739	4.576193153299115e-07	-3.9767219138446994e-08	2.1099686948102225e-13
0.0007012263150403372	5.016349634336369e-07	-4.359050378704539e-08	2.5353776855947464e-13
0.0007234856277077568	5.498753866867578e-07	-4.77805393315791e-08	3.0464592082272795e-13
0.0007464515268078281	6.027449373031611e-07	-5.237239835617372e-08	3.6604432755416934e-13
0.0007701464418016163	6.606865165042418e-07	-5.740449328259972e-08	4.3980194893954175e-13
0.0007945935141377091	7.241852297739665e-07	-6.291889255612924e-08	5.284030340632625e-13
0.0008198166198531264	7.93772386115174e-07	-6.896166652232785e-08	6.348303124085136e-13
0.0008458403928916611	8.700298733422306e-07	-7.558326575111126e-08	7.62664810569501e-13
0.0008726902491624222	9.535949443840077e-07	-8.283893481612243e-08	9.162056070762085e-13
0.0009003924113620784	1.0451654527737904e-06	-9.078916481165513e-08	1.1006134961190403e-12
0.0009289739345850448	1.1455055789920543e-06	-9.9500188187894e-08	1.322083318951348e-12
0.0009584627327466224	1.2554520931288602e-06	-1.0904451981024577e-07	1.5880506654422835e-12
0.0009888876058449022	1.375921203471764e-06	-1.1950154850225277e-07	1.907439778257624e-12
0.0010202782680880486	1.5079160451315977e-06	-1.3095818371644697e-07	2.290960845047629e-12
0.0010526653769144464	1.6525348677236222e-06	-1.4350956239613853e-07	2.7514664835414603e-12
0.0010860805629340385	1.8109799864592292e-06	-1.5725982154637657e-07	3.3043791628286682e-12
0.0011205564608201082	1.984567566810135e-06	-1.7232294252722065e-07	3.968203623755939e-12
0.0011561267411816733	2.1747383192222584e-06	-1.8882367362030137e-07	4.76514113681312e-12
0.0011928261434476126	2.383069187222768e-06	-2.068985380039753e-07	5.721825756118766e-12
0.001230690509794653	2.6112861197267768e-06	-2.266969349069791e-07	6.870206699373946e-12
0.001269756820152343	2.861278026459308e-06	-2.483823423994629e-07	8.248605732714717e-12
0.001310063228319204	3.135112024216197e-06	-2.721336310280018e-07	9.902984117521464e-12
0.0013516490992253303	3.4350500912517846e-06	-2.9814649831236035e-07	1.1888460463864816e-11
0.0013945550473778352	3.763567257462407e-06	-3.2663503500144637e-07	1.4271128947533501e-11
0.0014388229765266802	4.123371469298647e-06	-3.578334349394298e-07	1.7130237040986632e-11
0.0014844961205896384	4.5174252805562495e-06	-3.919978614261793e-07	2.0560793488771405e-11
0.0015316190858763526	4.948969533440671e-06	-4.2940848407513493e-07	2.467669108911968e-11
0.0015802378946527286	5.42154920865404e-06	-4.703717013830426e-07	2.961444535931923e-11
0.0016304000300882144	5.93904163880168e-06	-5.152225655366122e-07	3.553766987945827e-11
0.0016821544826298538	6.505687296249799e-06	-5.64327427398545e-07	4.264243264190028e-11
0.0017355517978484153	7.126123384784398e-06	-6.180868211473938e-07	5.1163665813647133e-11
0.0017906441258033182	7.805420484127349e-06	-6.769386097007119e-07	6.138283481533835e-11
0.0018474852719745677	8.549122517669533e-06	-7.413614138377642e-07	7.363711256805179e-11
0.0019061307498114465	9.363290336799524e-06	-8.118783498660317e-07	8.833035238618454e-11
0.0019666378349492814	1.02545492400635e-05	-8.890611027546705e-07	1.0594620976131826e-10
0.0020290656211472287	1.1230140772218383e-05	-9.735343638983218e-07	1.270638309215326e-10
0.0020934750780017253	1.2297979177173411e-05	-1.065980665087036e-06	1.5237660662053023e-10
0.0021599291104919503	1.3466712910000244e-05	-1.1671456428539087e-06	1.827145855520001e-10
0.00222849262041547	1.4745791646780282e-05	-1.2778437701631134e-06	2.190712559911998e-10
0.002299232569774062	1.6145539267208774e-05	-1.3989645953996478e-06	2.6263554016816217e-10
0.002372218046171609	1.7677233323754635e-05	-1.5314795318409644e-06	3.1483000753890915e-10
0.00244752033028796	1.935319155295419e-05	-1.676449244242824e-06	3.7735650535385967e-10
0.002525212965494629	2.1186866029275287e-05	-1.8350316828706128e-06	4.5225063341959813e-10
0.0026053718296803418	2.319294561010863e-05	-2.008490819266704e-06	5.419467614445357e-10
0.002688075209356568	2.5387467372014163e-05	-2.198206142278079e-06	6.493556098090329e-10
0.0027734038761154088	2.7787937793565022e-05	-2.4056829773903963e-06	7.779567974067452e-10
0.0028614411655145315	3.0413464499183307e-05	-2.632563697238835e-06	9.319092144631032e-10
0.0029522730584661664	3.3284899441448806e-05	-2.880639896306258e-06	1.1161826170395504e-09
0.0030459882652096805	3.642499446667732e-05	-3.1518656082888658e-06	1.3367144787101873e-09
0.003142678311949716	3.985857028030368e-05	-3.448371650421436e-06	1.6005968918293383e-09
0.003242437630244528	4.361269990495308e-05	-3.7724811852207056e-06	1.916299207292339e-09
0.0033453636492318047	4.771690780522219e-05	-4.1267265966372925e-06	2.2939331628954677e-09
0.003451556890782055	5.2203385939287806e-05	-4.513867784513734e-06	2.7455685059023026e-09
0.003561121067672485	5.7107228088666966e-05	-4.936911988536543e-06	3.285608599953589e-09
0.0036741631848772527	6.246668391390186e-05	-5.399135260549648e-06	3.931237260761037e-09
0.003790793644073012	6.832343428574298e-05	-5.904105712168387e-06	4.702950136858698e-09
0.00391112635146183	7.472288954862844e-05	-6.45570867309762e-06	5.6251863969684325e-09
0.004035278829016761	8.171451248594662e-05	-7.058173904410868e-06	6.727079369680833e-09
0.004163372329258743	8.935216787471084e-05	-7.716105020281834e-06	8.043348180594528e-09
0.00429553195367689	9.769450064080572e-05	-8.434511281262061e-06	9.615356436010127e-09
0.0044318867749078734	0.0001068053447547554	-9.21884193214974e-06	1.1492368714752119e-08
0.0045725699627936585	0.00011675416514180523	-1.0075023267768982e-05	1.3733041171806015e-08
0.004717718914440774	0.00012761653501870446	-1.10094986205419e-05	1.6407189070055938e-08
0.004867475388408092	0.0001394746512125276	-1.2029271474544812e-05	1.959788170306452e-08
0.005021985643154183	0.00015241789016365317	-1.3141951921741082e-05	2.34039241422528e-08
0.005181400579879469	0.0001665434074649724	-1.435580668721118e-05	2.79427957556844e-08
0.0053458758899026715	0.00018195678394170665	-1.5679812961376776e-05	3.335412775691267e-08
0.005515572206715479	0.00019877272142987848	-1.7123716288346326e-05	3.980381644416385e-08
0.005690655262863973	0.00021711579156529975	-1.8698092770483925e-05	4.748888562028031e-08
0.005871296051809977	0.00023712124104748367	-2.041441585999136e-05	5.664323133080352e-08
0.006057670994930454	0.00025893585699246377	-2.228512801854536e-05	6.75444049672246e-08
0.006249962113818027	0.0002827188961331299	-2.432371753567291e-05	8.052161746549069e-08
0.0064483572080509055	0.000308643081763061	-2.654480080537836e-05	9.596517836999677e-08
0.0066530500386058405	0.0003368956724472803	-2.8964210368327886e-05	1.1433761959596593e-07
0.006864240517093227	0.0003676796066378077	-3.1599089033390185e-05	1.361867955650731e-07
0.007082134900999168	0.00040121472742982254	-3.4467990397232806e-05	1.6216129986861052e-07
0.0073069459951252014	0.0004377390917716661	-3.759098608365104e-05	1.9302859469982435e-07
0.007538893359422399	0.0004775103684942743	-4.0989780024986656e-05	2.2969631408603446e-07
0.0077782035234228225	0.0005208073295477856	-4.4687830105964206e-05	2.732372766702753e-07
0.008025110207477789	0.0005679314388192536	-4.871047748506657e-05	3.249188298161308e-07
0.008279854551018963	0.0006192085428491247	-5.308508389967848e-05	3.862372456699722e-07
0.00854268534806526	0.0006749906676581833	-5.784117724807629e-05	4.5895800321108345e-07
0.00881385929020551	0.0007356579257329805	-6.30106057233104e-05	5.4516292012737e-07
0.009093641217294257	0.0008016205369874126	-6.862770075042796e-05	6.473052466302781e-07
0.009382304376105462	0.0008733209672112724	-7.472944894856822e-05	7.682740023109889e-07
0.009680130687196793	0.0009512361871223792	-8.135567330241528e-05	9.114690292696113e-07
0.009987411020245049	0.0010358800546454651	-8.854922368243341e-05	1.0808884526270535e-06
0.010304445478121716	0.0011278058224353338	-9.635617679928253e-05	1.2812304859264142e-06
0.010631543689986018	0.001227608771929816	-0.0001048260456137976	1.5180117967580567e-06
0.01096902511368176	0.0013359289743444403	-0.0001140119981488222	1.7977049602148753e-06
0.01131721934773325	0.0014534541779890056	-0.0001239710855618571	2.1278978775690814e-06
0.011676466453245077	0.001580922820078715	-0.0001347644792366934	2.5174784279095743e-06
0.012047117286020035	0.0017191271598102785	-0.0001464577165366687	2.97684805433049e-06
0.012429533839219657	0.00186891652785634	-0.00015912095473057426	3.518168466328967e-06
0.012824089596901888	0.002031200685578535	-0.00017282923245317958	4.155646168685065e-06
0.013231169898781347	0.002206953285148138	-0.00018766273789441555	4.905860106020186e-06
0.013651172316568228	0.002397215419370423	-0.0002037070827230511	5.788138342418848e-06
0.01408450704225352	0.002603099247310584	-0.00022105358054078943	6.824990376818833e-06
0.014531597288719757	0.0028257916787906684	-0.0002397995284297112	8.042602425757698e-06
0.01499287970306844	0.0030665580974436665	-0.0002600484898985679	9.471403782095846e-06
0.015468804793067968	0.0033267460982475978	-0.0002819105772503339	1.1146713175771232e-05
0.0159598373671384	0.003607789211294671	-0.0003055027310835364	1.3109474911833725e-05
0.016466456988302878	0.003911210578954422	-0.0003309489943022553	1.5407095429754658e-05
0.016989158442549022	0.004238626548542812	-0.0003583807776435748	1.8094391799796365e-05
0.017528452222057678	0.004591750137090977	-0.000387937113336228	2.1234664525378653e-05
0.018084865023771005	0.004972394318799853	-0.00041976489308007033	2.490090782709557e-05
0.01865894026378684	0.005382475079255923	-0.00045401908608312257	2.9177171309338814e-05
0.01925123860808164	0.005824014173458967	-0.0004908629324119899	3.416008751106704e-05
0.019862338520080437	0.006299141517170465	-0.0005304681064037692	3.996058026525223e-05
0.020492836825608467	0.006810097133033786	-0.0005730148443550409	4.670576897320622e-05
0.021143349295776374	0.007359232564354537	-0.0006186920301487958	5.45410837644259e-05
0.02181451124836807	0.007949011660381703	-0.0006676972319066246	6.363260597038005e-05
0.022506978168318776	0.008582010627428253	-0.0007202366821654311	7.416964728762813e-05
0.023221426347889127	0.009260917230257747	-0.0007765251934805803	8.636757932179488e-05
0.02395855354716057	0.009988529017899924	-0.0008367860007569653	0.00010047092275249166
0.024719079675497163	0.010767750437518635	-0.0009012505210132946	0.0001167567019863095
0.025503747494639257	0.011601588689234724	-0.0009701580207013816	0.00013553806669931032
0.02631332334411581	0.012493148164020008	-0.0010437551801409648	0.00015716817592422762
0.02714859788968373	0.013445623296066503	-0.0011222955441023488	0.00018204433310803824
0.02801038689552524	0.014462289650563011	-0.001206038847085911	0.00021061235163746228
0.028899532020957415	0.015546493057774335	-0.001295250201422395	0.00024337111947971037
0.02981690164243204	0.016701636594942743	-0.0013901991359652078	0.0002808773185871691
0.03076339170162842	0.017931165209077806	-0.0014911584728810837	0.0003237502393464874
0.031739926580467724	0.019238547766466704	-0.0015984030298850144	0.0003726766124085666
0.03274746000390311	0.02062725630905933	-0.0017122081352268807	0.00042841535953796507
0.03378697597136758	0.02210074229414018	-0.0018328479428394056	0.0004918021415335673
0.034859489717789086	0.02366240959231433	-0.0019605935353197387	0.0005637535547251867
0.03596604870511164	0.02531558402027684	-0.0020957108028610365	0.0006452707980569246
0.037107733645290575	0.027063479189618735	-0.0022384580868981454	0.0007374426004537261
0.0382856595557612	0.02890915846161188	-0.002389083578106603	0.0008414471633017645
0.03950097684841165	0.030855492811119576	-0.002547822459522252	0.0009585528359022978
0.0407548724531234	0.032905114421156005	-0.0027148937869573768	0.0010901172033438286
0.04204857097697684	0.03506036585386239	-0.002890497100608836	0.0012375842272953077
0.04338333590025396	0.037323244674518634	-0.0030748087638172894	0.0014024790419680311
0.044760470810406176	0.03969534344342728	-0.003267978027381471	0.0015863999714790934
0.04618132067519259	0.04217778503687725	-0.003470122820698155	0.0017910073030077563
0.04764727315623196	0.04477115331370261	-0.003681325274332432	0.0020180083248145025
0.04915975996425129	0.04747541920896704	-0.003901626982473506	0.002269138122177522
0.050720258257354586	0.05028986241175981	-0.004131024018151828	0.0025461356208322794
0.05233029208367752	0.05321298887064425	-0.004369461719140304	0.002850714380262341
0.05399143386983677	0.05624244446851028	-0.004616829268192766	0.0031845276722851043
0.05570530595662785	0.05937492531885524	-0.0048729540977424015	0.003549127438258342
0.057473582183471275	0.06260608525805833	-0.005137596156441127	0.003945916805605947
0.05929798952315436	0.06593044124297558	-0.005410442083006392	0.004376095966027022
0.06118030976846538	0.06934127750979441	-0.005691099341775153	0.004840601378408273
0.0631223812723671	0.07283054950780003	-0.005979090384139634	0.005340038463429822
0.06512610074340959	0.07638878878930502	-0.006273846910614164	0.005874608207754876
0.06719342509813525	0.08000501021274986	-0.006574704319567986	0.006444028396031956
0.06932637337228578	0.08366662299756382	-0.006880896440508574	0.0070474505396414784
0.0715270286926772	0.08735934735381856	-0.00719155066199814	0.007683373971009212
0.07379754031166887	0.09106713859334183	-0.007505683576537567	0.008349559017530034
0.07614012570621363	0.09477212080742736	-0.007822197276676044	0.009042941652572845
0.07855707274353886	0.0984545323645003	-0.00813987644772957	0.00975955253169674
0.08105074191557367	0.1020926856333489	-0.008457386412256946	0.010494443844756033
0.08362356864430431	0.1056629434674975	-0.008773272289206513	0.011241627928876131
0.08627806566030968	0.1091397150871956	-0.009085959435704338	0.011994032068181495
0.08901682545679922	0.1124954740602729	-0.009393755341058062	0.012743474323453189
0.09184252282155089	0.1157008011046137	-0.009694853139947033	0.013480665553654519
0.09475791744922099	0.1187244544062581	-0.009987336904241912	0.014195242972502492
0.09776585663657797	0.1215334700616318	-0.010269188859815832	0.01487584058506012
0.1008692780632917	0.124093295104365	-0.010538298655587376	0.015510201628413373
0.104071212660995	0.1263679553618693	-0.0107924747865861	0.016085337654358486
0.1073747875734188	0.1283202601009071	-0.011029458241023396	0.016587738101454932
0.1107832292104914	0.1299120450629756	-0.011246938403456376	0.017003633075895745
0.1142998663993865	0.1311044550593071	-0.011442571202759088	0.017319310572128085
0.1179281336355952	0.1318582667933335	-0.011613999445722997	0.01752148750486717
0.1216715744371986	0.1321342520089704	-0.011758875225997436	0.01759773170055067
0.125533844805616	0.131893580431047	-0.01187488424535238	0.017536929434761577
0.1295187167962098	0.1310982612759619	-0.011959771831733948	0.017329790251847513
0.1336300822022327	0.129711621373442	-0.012011370388253425	0.016969377737930984
0.1378719563557168	0.1276988171619217	-0.01202762796107479	0.016451651738923934
0.1422484820490148	0.1250273770084171	-0.012006637573976483	0.01577600434743769
0.1467639335808254	0.1216677694663736	-0.011946666944699568	0.01494576897801021
0.1514227209306528	0.1175939922287768	-0.011846188174154155	0.013968679182559087
0.1562293940657774	0.1127841756650606	-0.011703906984664851	0.012857251719152935
0.1611886473849453	0.1072211939547824	-0.011518791077558458	0.011629066980977504
0.1663053243031148	0.1008932759543836	-0.011290097182696851	0.01030691942720214
0.171584421981739	0.09379460706225257	-0.011017396381524797	0.008918811336989995
0.1770310962092034	0.08592591249047929	-0.010700597298758729	0.007497765219871707
0.1826506664361849	0.07729501152151846	-0.010339966773523532	0.006081433718989243
0.1884486209708514	0.067917331542248	-0.009936147635956074	0.00471149095366315
0.1944306223389731	0.0578163699315542	-0.00949017322763109	0.003432796019952771
0.2006025128141833	0.04702409126428117	-0.009003478311764046	0.0022923277809418505
0.2069703201237879	0.03558124682767482	-0.008477906021047565	0.001337900016313634
0.213540263335697	0.02353760318004702	-0.007915710487455638	0.0006166772359825747
0.2203187589322277	0.010952066478438166	-0.007319554791155445	0.0001735236424888556
0.22731242707671	-0.0021073103669063528	-0.006692503858164019	4.923036487401126e-05
0.2345280980790161	-0.015563449914124537	-0.006038011933513109	0.00027867856133870976
0.2419728190663278	-0.029330512769851023	-0.0053599042647269725	0.0008890075530694323
0.2496538608656569	-0.04331430974406791	-0.004662352656572513	0.0018978669608993048
0.2575787251048397	-0.057412870435113054	-0.003949844609784205	0.0033118389640405203
0.265755151538942	-0.07151717212076138	-0.0032271458407416203	0.0051251203784280245
0.2741911256092284	-0.08551202924190536	-0.002499256101372977	0.007318553426128728
0.2828948862420798	-0.09927713961548429	-0.0017713583819750011	0.009859088160749754
0.2918749338954744	-0.1126882788984019	-0.0010487617839886072	0.012699748102363566
0.3011400388608921	-0.1256186298883418	-0.0003368385909048675	0.015780153635260523
0.310699249828749	-0.1379402281822254	0.0003590436650749863	0.01902763546331784
0.3205619027257286	-0.1495255007516102	0.0010335940580966446	0.022358943691696713
0.330737629832639	-0.1602488694008459	0.0016816726792146098	0.025682528167249384
0.3412363691917039	-0.1699883871282872	0.0022983659734332096	0.028901334244624276
0.3520683743124704	-0.1786273723902755	0.0028790611534255254	0.03191602716017932
0.3632442241858177	-0.1860560044241445	0.00341951768238492	0.034628529883457417
0.3747748336158435	-0.1921728423251885	0.003915933742611887	0.03694573586441829
0.3866714638797196	-0.1968862316301475	0.004365005627258041	0.0387832414796461
0.3989457337259282	-0.2001155647863401	0.004763978119154114	0.04006893475727566
0.4116096307216188	-0.2017923660335757	0.005110684154476454	0.04074627808195541
0.4246755229601704	-0.2018611767431003	0.005403572404078584	0.0407771332708353
0.4381561711403895	-0.2002802238932898	0.005641721827178115	0.04014399710792155
0.4520647410291456	-0.1970218617759296	0.005824842739156364	0.038851542810589404
0.46641481631961	-0.1920727848153312	0.005953264459631194	0.03692739602444283
0.4812204118976625	-0.1854340171005239	0.0060279101372515	0.03442211039866017
0.496495987529416	-0.1771206914313336	0.006050259850427488	0.03140834497737139
0.5122564619832317	-0.1671616369418516	0.006022303526968709	0.027979281004850344
0.528517227600014	-0.1555987993368778	0.005946485582138696	0.02424634704585655
0.5452941653260172	-0.1424865211954466	0.005825643422757502	0.020336346843669573
0.5626036602228441	-0.1278907115153341	0.005662942091156627	0.016388103005026203
0.5804626174697844	-0.1118879336735156	0.005461807323087689	0.01254874104096356
0.5988884788741236	-0.09456443936792679	0.005225859173483707	0.008969742797071384
0.6178992399055429	-0.0760151731096195	0.004958848137546833	0.005802896717736671
0.6375134672712502	-0.05634276776978548	0.0046645953835745615	0.003196265930052443
0.6577503170490073	-0.035656546935828384	0.004346938345032483	0.0012902852123624464
0.6786295533957579	-0.01407154480621897	0.004009682522060815	0.00021408592716114808
0.7001715678501335	0.0082924505410207	0.003656559946206754	8.213516661547805e-05
0.7223973992476859	0.03131182907507444	0.0032911943933849755	0.0009912626005617257
0.7453287542682971	0.05486006812420936	0.0029170731107358494	0.00301813639012627
0.7689880286358342	0.07880862389895793	0.002537524568678272	0.006217238231784049
0.7933983289907532	0.1030278115997924	0.0021557015683610365	0.01061937701229415
0.8185834954570139	0.1273876809317268	0.0017745689282223655	0.01623077034804445
0.8445681249253457	0.1517588932752181	0.0013968949364258703	0.02303271300358245
0.8713775950756039	0.1760136053066546	0.0010252457785443474	0.030981840381953212
0.899038089161677	0.2000263617074349	0.000661982219141908	0.04001098359837204
0.9275766215831506	0.2236749969493822	0.0003092579172693938	0.05003059990076553
0.9570210642687056	0.2468415432006738	-3.098112441773971e-05	0.06093074840952018
0.987400173897012	0.2694131383524267	-0.00035699635128630934	0.07258356656329863
1.0187436199817097	0.2912829251883032	-0.0006672559411022781	0.08484618773674556
1.0510820138479002	0.3123509299616369	-0.0009604337206105633	0.09756402588083107
1.0844469385284514	0.3325249062311341	-0.0012354077555663029	0.11057433949634705
1.1188709796093146	0.3517211278575522	-0.0014912585731754768	0.12370997563352067
1.1543877570539731	0.3698651136860592	-0.001727266910331592	0.136803185772981
1.1910319580381128	0.3868922657299798	-0.0019429108323428144	0.14968940018417976
1.2288393708265706	0.4027484027215632	-0.0021378620347962266	0.16221084634885027
1.2678469197256592	0.4173901717722892	-0.002311981126077509	0.17421990074882845
1.308092701144993	0.4307853226254033	-0.002465311690289093	0.1855820719512031
1.3496160208040404	0.4429128315898937	-0.002598072949584177	0.1961785263700289
1.3924574321197405	0.4537628656602927	-0.0027106508813274648	0.20590808588044132
1.4366587758126717	0.4633365814389158	-0.0028035876976332027	0.2146886478034794
1.4822632207704554	0.4716457581284693	-0.002877569659586836	0.22245800156772433
1.5293153062083042	0.4787122688313028	-0.0029334132728358014	0.22917404124304278
1.5778609851678893	0.4845673994297988	-0.0029720499902723026	0.23481439767130288
1.6279476693970094	0.4892510291726552	-0.002994509625183009	0.23937553663439765
1.6796242756538933	0.4928106914844899	-0.003001902749512495	0.24287138906153863
1.7329412734813598	0.4953005372251381	-0.0029954024114182726	0.24533159461111675
1.7879507344974923	0.4967802254495669	-0.0029762255499835495	0.2467994503162469
1.8447063832509665	0.4973137685362047	-0.0029456145091581822	0.24732966102051832
1.9032636496906972	0.4969683592758192	-0.002904819057426609	0.24698598809505612
1.9636797233010583	0.4958132071456966	-0.002855079303838133	0.24583888785793265
2.0260136089555294	0.49391840960978	-0.002797609866142215	0.24396322197241754
2.0903261845433323	0.4913538819554295	-0.0027335855972633752	0.2414361098028877
2.156680260425336	0.4881883661282883	-0.002664129113390924	0.2383349784069405
2.225140640777288	0.4844885353657529	-0.0025903002979137347	0.2347358505564858
2.2957741868802963	0.4803182074498675	-0.0025130878812310623	0.23071189601855274
2.3686498824203586	0.4757376752299415	-0.0024334031245081145	0.22633225708395563
2.443838900860729	0.4708031589771959	-0.0023520755665887294	0.22166114676237772
2.521414674952911	0.4655663812426202	-0.0022698507331156926	0.21675720756569938
2.6014529684541583	0.4600742613980156	-0.0021873896554158645	0.2116731106744342
2.6840319501215486	0.4543687220154015	-0.0021052699984019235	0.2064553677076754
2.769232270054869	0.4484866089338397	-0.0020239886212555925	0.2011443349229138
2.8571371384628854	0.4424596946739836	-0.0019439652449287177	0.19577436041186827
2.9478324069299333	0.4363147741309521	-0.0018655470763949092	0.190374062390838
3.0414066522621703	0.4300738305761493	-0.0017890141061761673	0.18496670031791446
3.1379512629954105	0.4237542620009694	-0.0017145848655658851	0.17957061436524743
3.2375605286489977	0.4173691561904095	-0.0016424224389077	0.17419971009056226
3.340331731812913	0.4109276037071003	-0.0015726405517698903	0.16886396868676473
3.4463652431580334	0.4044350389844428	-0.0015053095826244923	0.16356996671528728
3.555764619462344	0.3978936009464795	-0.0014404623739590313	0.15832139260600708
3.668636704748828	0.3913025058864222	-0.001378099747703793	0.1531195502719081
3.785091734633835	0.3846584266133792	-0.001318195655715254	0.14796384280446717
3.9052434439878025	0.3779558731414241	-0.001260701921425605	0.14285223141143097
4.029209178013506	0.3711875712601019	-0.0012055525486844964	0.13778166641492087
4.1571100068503135	0.3643448362999811	-0.0011526675928157908	0.13274848838103956
4.2890708438163605	0.3574179401097559	-0.001101956601930835	0.1277487982206536
4.425220567404144	0.3503964698390502	-0.0010533216479106091	0.12277879556216238
4.565692147148664	0.3432696774339466	-0.0010066599727368512	0.11783508480990645
4.710622773491057	0.3360268189467955	-0.0009618662810665058	0.11291494823824512
4.860153991764537	0.3286574827463637	-0.0009188347112818888	0.10801658522240301
5.014431840433509	0.3211519056254663	-0.0008774605177517301	0.10313931642382863
5.173606993720865	0.3135012755490816	-0.0008376414948141411	0.098283751414175
5.337834908762754	0.3056980195492766	-0.000799279171687607	0.0934519180035442
5.507275977434546	0.2977360749195915	-0.0007622798040339873	0.08864735137902423
5.682095682996269	0.2896111415230149	-0.000726555184451123	0.08387514117669984
5.862464761710512	0.28132091274285	-0.0006920232920641147	0.07914193484270697
6.048559369590619	0.2728652822481147	-0.0006586087968355793	0.07445589602189057
6.240561254442049	0.2642465235694139	-0.0006262434329653935	0.06982661739935815
6.438657933364915	0.255469439227681	-0.0005948662520229693	0.0652649882451636
6.643042875891047	0.2465414761409532	-0.0005644237653886972	0.060783018031947134
6.853915692934468	0.2374728039613565	-0.0005348699826307328	0.05639361870716718
7.071482331739781	0.2282763531737724	-0.0005061663517487114	0.052110349622692516
7.2959552770189005	0.2189678100441393	-0.0004782816065476495	0.04794713058882143
7.527553758472541	0.2095655658063399	-0.000451191523790054	0.043917929945522516
7.766503964899138	0.2000906182004347	-0.0004248785954639021	0.04003643601365301
8.013039265100327	0.1905664239554658	-0.0003993316181183869	0.03631572140491556
8.267400435798717	0.1810187018610333	-0.00037454520463080823	0.03276791070756398
8.529835896790534	0.1714751869142687	-0.00035051922271206985	0.029403862591008877
8.800601953562829	0.1619653372127978	-0.0003272581660811377	0.02623287755636257
9.079963047612173	0.1525199964506813	-0.000304770465711632	0.0232624422023526
9.36819201470932	0.1431710161203589	-0.00028306774965666337	0.020498019984286964
9.665570351362078	0.1339508428630837	-0.00026216406218891543	0.017942897033726046
9.97238848973661	0.1248920776059897	-0.00024207505353305157	0.015598089649072095
10.28894608130568	0.1160270144044867	-0.00022281715410130723	0.013462317719103127
10.615552289500863	0.1073871678929531	-0.00020440674753838367	0.011532045610187737
10.95252609165452	0.09900279922244772	-0.00018685935861119447	0.009801589170300195
11.300196590526465	0.09090245095071359	-0.0001701888718790115	0.008263284553099002
11.658903335719517	0.08311250179305191	-0.00015440679786459638	0.0069077117957592835
12.02899665529791	0.07565675220160846	-0.00013952160315397255	0.005723963619973333
12.410837997932374	0.06855605141467207	-0.00012553811943312533	0.00469994794539059
12.804800285906088	0.061827976047987405	-0.00011245704596883749	0.0038227112687776923
13.211268279326232	0.05548656919265307	-0.00010027455737043789	0.0030787694157579323
13.630638951896854	0.04954214765501031	-8.89820265378948e-05	0.0024544323120718903
14.063321878620055	0.04400118321069056	-7.856586958480083e-05	0.0019361102965366206
14.50973963580414	0.03886626173962243	-6.900751630581135e-05	0.0015105910636501454
14.970328213769353	0.03413612185731353	-6.028350622255748e-05	0.001165278449558481
15.445537442654343	0.029805772259866335	-5.2365706537609307e-05	0.0008883868021742386
15.935831431739173	0.025866684545218968	-4.522164462226707e-05	0.0006690874143590121
16.441689022713877	0.0223070558632554	-3.8814944107822815e-05	0.0004976062478862833
16.963604257335405	0.019112133487867892	-3.310585039865893e-05	0.0003652747424554119
17.50208685992952	0.016264591402892763	-2.8051828633340343e-05	0.0002645377204081429
18.05766273520895	0.01374494734839374	-2.360821494051221e-05	0.00018892413495792877
18.630874481894047	0.011532007558839428	-1.9728900320564383e-05	0.00013298758756663756
19.222281922637443	0.009603325737443354	-1.636702589379562e-05	9.222413309897855e-05
19.83246265077036	0.007935662636353582	-1.3475668313715736e-05	6.29749230716548e-05
20.46201259440449	0.006505433026849782	-1.100849525418129e-05	4.2320780053795674e-05
21.111546598440448	0.005289127785819217	-8.920372708206074e-06	2.797495230777415e-05
21.78169902505104	0.0042637002474606	-7.167908293710318e-06	1.817919117910489e-05
22.47312437322605	0.003406907836419554	-5.709917995810897e-06	1.1607053609020486e-05
23.18649791798337	0.0026976021530446246	-4.507807267659119e-06	7.277077696437357e-06
23.922516369871012	0.00211596305137887	-3.5258612113992727e-06	4.47731206649786e-06
24.681898555403787	0.0016436746778388048	-2.731442373062581e-06	2.7016739073459357e-06
25.46538611909948	0.0012640438236562782	-2.095098354798255e-06	1.5978111775607006e-06
26.27374424780005	0.0009620631427294824	-1.5905847663714166e-06	9.255680205584274e-07
27.107762417985168	0.000724423606532792	-1.1948116910657047e-06	5.247909892769544e-07
27.96825516680813	0.0005394822118488941	-8.877242207891753e-07	2.910418449556672e-07
28.856062887607013	0.0003971923056304296	-6.521295370599357e-07	1.5776215292494968e-07
29.772052650668048	0.0002890035075162867	-4.7348175757562003e-07	8.352325154169116e-08
30.717119050042953	0.00020773866976693905	-3.396373769811871e-07	4.315547027008519e-08
31.69218507724691	0.00014746068099572964	-2.406006848033393e-07	2.1744710328413868e-08
32.69820302269094	0.000103330039613815	-1.6825772797687266e-07	1.06771253972556e-08
33.73615540572861	7.144151589725648e-05	-1.1609729868755536e-07	5.103903672280713e-09
34.80705593422571	4.8715482861056745e-05	-7.899054093874205e-08	2.3732045098914715e-09
35.911950494589895	3.279989536064119e-05	-5.301178245735456e-08	1.0758359459180906e-09
37.051918173227264	2.174960234699037e-05	-3.505904703519654e-08	4.73046431388988e-10
38.22807231042342	1.4146317135467851e-05	-2.2607785233407172e-08	2.0011879960918452e-10
39.44156158767836	9.34915065898248e-06	-1.4641297175584651e-08	8.740683241193552e-11
40.69357114955698	5.678252796287198e-06	-8.773386911324595e-09	3.224263179086128e-11
41.9853237611511	3.2858759781974125e-06	-5.076959820845391e-09	1.0797006719615826e-11
43.31808100228308	1.8687299009740892e-06	-2.8873477532960724e-09	3.4921597795716776e-12
44.69314449961769	1.0439061247185891e-06	-1.6129243730124378e-09	1.0897425987500158e-12
46.111857197885335	5.724649772741178e-07	-8.845074213836479e-10	3.277169325588347e-13
