r	P	Q	rho
0.00014647710867577102	-0.0004672475812101864	-0.0025028117230406328	6.482386823136391e-06
0.00015112679122575637	-0.0004822693686573893	-0.0025772058771366085	6.874573877092672e-06
0.00015592407054366736	-0.000497806179380654	-0.002653799058562755	7.290460435458129e-06
0.00016087363185385384	-0.0005138775202806433	-0.0027326555000349627	7.731476187721115e-06
0.00016598030910565137	-0.0005305037364862624	-0.002813841262230275	8.199136863455553e-06
0.00017124908969441907	-0.0005477060522014801	-0.0028974242827456754	8.69504939386242e-06
0.00017668511933243938	-0.0005655066136730193	-0.002983474426178576	9.220917381769508e-06
0.00018229370707443656	-0.000583928534220748	-0.003072063535394033	9.778546898574875e-06
0.00018808033050262248	-0.0006029959424233925	-0.003163265483772696	1.0369852627406783e-05
0.00019405064107633316	-0.0006227340320612082	-0.0032571562287824914	1.0996864373383791e-05
0.0002002104696514813	-0.0006431691153175578	-0.003353813866588568	1.1661733962620131e-05
0.00020656583217521497	-0.0006643286786093362	-0.0034533186878814	1.2366742553293742e-05
0.00021312293556134408	-0.000686241441542427	-0.003555753234858421	1.3114308383296354e-05
0.00021988818375227284	-0.0007089374190596241	-0.003661202359382232	1.3906994980488942e-05
0.0002268681839733588	-0.0007324479869870899	-0.0037697532823169665	1.4747519863180983e-05
0.00023406975318580653	-0.0007568059511689212	-0.0038814956540430033	1.5638763760079417e-05
0.00024149992474439797	-0.0007820456203950404	-0.003996521616149443	1.6583780380728822e-05
0.000249165955266562	-0.000808202883338536	-0.004114925864301144	1.758580676933124e-05
0.00025707533171949167	-0.0008353152897311584	-0.004236805712274823	1.864827427682322e-05
0.0002652357787322305	-0.0008634221360187662	-0.004362261157156121	1.9774820188200266e-05
0.0002736552661398695	-0.000892564555752358	-0.004491394945686711	2.0969300044325542e-05
0.0002823420167672228	-0.0009227856149849411	-0.004624312641747502	2.2235800699848892e-05
0.0002913045144595832	-0.0009541304129599232	-0.004761122694960721	2.3578654161405116e-05
0.000300551512368402	-0.000986646188392981	-0.0049019365103900574	2.5002452252965453e-05
0.0003100920414999838	-0.0010203824316665554	-0.005046868519314282	2.651206215809929e-05
0.00031993541953554647	-0.001055391003274244	-0.005196036251045583	2.8112642891972054e-05
0.0003300912599312597	-0.0010917262588714667	-0.005349560405759434	2.9809662759178524e-05
0.0003405694813071499	-0.0011294451813089637	-0.00550756492829802	3.160891785700042e-05
0.00035138031713404075	-0.0011686075200469123	-0.005670177082904136	3.351655168740145e-05
0.00036253432572799056	-0.0012092759383698691	-0.0058375275288368896	3.553907594504885e-05
0.00037404240056198657	-0.0012515161688463358	-0.0060097503968147194	3.768339255289849e-05
0.0003859157809049683	-0.0012953971775016126	-0.0061869833662247815	3.995681702142127e-05
0.0003981660627985691	-0.001340991337198796	-0.0063693677430310645	4.236710321240685e-05
0.0004108052103822975	-0.001388374610750331	-0.006557048538306217	4.4922469593479825e-05
0.0004238455675782173	-0.0014376267443115542	-0.006750174547304368	4.7631627075035566e-05
0.000437299870146541	-0.0014888314716381835	-0.006948898428983856	5.050380852727461e-05
0.0004511812581239074	-0.0015420767298218135	-0.0071533767858798685	5.354880008142294e-05
0.00046550328865649246	-0.001597454887151238	-0.0073637702442175875	5.677697432610772e-05
0.00048027994924048793	-0.001655062983782889	-0.007580243534146181	6.01993255172533e-05
0.000495525671382877	-0.0017150029859409523	-0.007802965569963312	6.382750692781926e-05
0.0005112553446958502	-0.0017773820544068522	-0.00803210953018823	6.767387047226809e-05
0.0005274843314386247	-0.0018423128280988835	-0.008267852937329316	7.17515087498827e-05
0.0005442284815208728	-0.0019099137235858545	-0.00851037773717887	7.607429966101133e-05
0.0005615041479824077	-0.001980309251423804	-0.008759870377454057	8.06569537610718e-05
0.0005793282029642497	-0.002053630350252223	-0.009016521885588243	8.551506452876884e-05
0.0005977180541866668	-0.002130014739635816	-0.009280527945461112	9.066516173755049e-05
0.0006166916619502848	-0.002209607292689797	-0.009552088972839544	9.612476813295074e-05
0.0006362675566768715	-0.002292560429581057	-0.009831410189283364	0.00010191245963322563
0.0006564648570069239	-0.002379034533054351	-0.010118701694251404	0.00010804792928671136
0.0006773032884717349	-0.0024691983871920754	-0.010414178535123513	0.00011455205523673925
0.0006988032027581754	-0.0025632296406781423	-0.010718060774832998	0.00012144697296386472
0.0007209855975850063	-0.002661315295901219	-0.011030573556781784	0.00012875615209577133
0.0007438721372101312	-0.0027636522252999784	-0.011351947166686882	0.00013650447809765586
0.0007674851735888207	-0.0028704477164232934	-0.011682417090981952	0.00014471833918038688
0.0007918477682035702	-0.002981920047251405	-0.012022224071371206	0.00015342571879045706
0.0008169837145869112	-0.0030982990934000807	-0.012371614155105183	0.00016265629407496271
0.000842917561559174	-0.0032198269689087534	-0.012730838740518408	0.00017244154074679647
0.0008696746372038969	-0.003346758702395487	-0.013100154617337934	0.0001828148448102203
0.0008972810736042945	-0.003479362950446504	-0.013479824001239074	0.0001938116216453208
0.000925763832364948	-0.003617922750195821	-0.01387011456209008	0.00020546944299188778
0.0009551507309436398	-0.0037627363131413007	-0.014271299445291204	0.00021782817241940123
0.0009854704698190493	-0.003914117862337072	-0.01468365728557544	0.00023093010992049882
0.0010167526605208471	-0.004072398515198816	-0.01510747221259787	0.0002448201463210103
0.0010490278545495575	-0.004237927214257593	-0.015543033847598508	0.00025954592826093803
0.0010823275732144335	-0.00441107170829986	-0.01599063729037892	0.00027515803456822037
0.001116684338418494	-0.004592219586435617	-0.01645058309578663	0.0002917101649214237
0.0011521317044207785	-0.004781779367743408	-0.01692317723885226	0.0003092593417793837
0.001188704290606843	-0.004980181649249606	-0.017408731067673357	0.000327866126646098
0.0012264378152995075	-0.0051878803151100845	-0.01790756124308534	0.0003475948518387588
0.001265369130642869	-0.005405353809974507	-0.01841998966410401	0.0003685138690367044
0.001305536258593651	-0.005633106479626728	-0.0189463433780656	0.00039069581601038284
0.0013469784280550432	-0.005871669982108875	-0.01948695447432936	0.00041421790306338355
0.001389736113189295	-0.006121604772650864	-0.020042159960343985	0.00043916222086855743
0.001433851072946482	-0.006383501665841106	-0.020612301618813028	0.0004656160715427184
0.0014793663918480477	-0.006657983478587013	-0.021197725844625447	0.0004936723249850392
0.0015263265220649574	-0.006945706757525236	-0.02179878346014584	0.0005234298027038596
0.0015747773268315534	-0.00724736359465015	-0.022415829507384608	0.0005549936915771948
0.0016247661252375152	-0.007563683535034329	-0.023049223015491335	0.0005884759902360048
0.0016763417384416677	-0.007895435580615326	-0.023699326741934857	0.0006239959910286352
0.001729554537352776	-0.008243430294117957	-0.02436650688565134	0.0006616808008224758
0.001784456491823887	-0.008608522007268964	-0.02505113277035667	0.000701665904227672
0.001841101221408272	-0.008991611137540179	-0.02575357649613208	0.0007440957731908633
0.0018995440477265304	-0.00939364661772512	-0.026474212557301997	0.0007891245273079053
0.0019598420484960083	-0.009815628442710809	-0.027213417424531244	0.0008369166496471341
0.0020220541132752934	-0.010258610337849158	-0.027971569088974062	0.0008876477633630749
0.0020862410009782274	-0.010723702553358576	-0.028749046566211536	0.0009415054749191085
0.0021524653992136154	-0.01121207478919361	-0.029546229357615927	0.0009986902903313163
0.002220791985508572	-0.011724959254806084	-0.030363496866680988	0.001059416611499809
0.002291287490475312	-0.012263653868181968	-0.03120122776775676	0.00112391382041401
0.0023640207629830657	-0.01282952559847104	-0.03205979932452599	0.0011924274598107008
0.0024390628373987767	-0.013424013956427294	-0.03293958665545748	0.001265220519734747
0.002516487002962244	-0.014048634636743416	-0.03384096194336991	0.0013425748404093175
0.00259636887536347	-0.014704983316187668	-0.03476429358613856	0.0014247926428725926
0.00267878647059212	-0.015394739611231768	-0.03570994528547727	0.0015121981999894085
0.0027638202811312083	-0.016119671198588384	-0.03667827507062999	0.0016051396617073972
0.002851553354569441	-0.016881638101751112	-0.03766963425371047	0.001703991049806812
0.002942071374708972	-0.01768259714624219	-0.03868436631333664	0.0018091544389007071
0.003035462745247804	-0.01852460658581677	-0.03972280570311836	0.0019210623420869788
0.0031318186761185494	-0.019409830901340543	-0.040785276581474905	0.0020401803214460394
0.0032312332725678806	-0.02034054577344172	-0.041872091459182414	0.0021670098455276146
0.0033338036270636625	-0.021319143229330453	-0.0429835497609835	0.0023020914180876513
0.0034396299141195314	-0.02234813696336997	-0.04411993629753232	0.002446008004631853
0.0035488154881295306	-0.023430167830064	-0.045281519643899606	0.002599388785805832
0.0036614669843083526	-0.02456800950708382	-0.04646855042082672	0.002762913269353076
0.003777694422835764	-0.025764574324785194	-0.04768125947489506	0.0029373157952496502
0.0038976113163069273	-0.027022919257347178	-0.04891985595377194	0.003123390471726901
0.004021334780593571	-0.028346252069190385	-0.050184525272705685	0.003321996583216916
0.004148985649224268	-0.0297379376086862	-0.051475426968475776	0.0035340645148049963
0.004280688591395523	-0.03120150423933833	-0.052792692437059634	0.003760602241551421
0.004416572233728951	-0.032740650396586905	-0.05413642255135839	0.004002702435050752
0.004556769285893431	-0.03435925125613856	-0.05550668515543467	0.004261550243827011
0.004701416670214942	-0.03606136549724537	-0.05690351243185616	0.004538431808608327
0.004850655655400648	-0.03785124214162452	-0.05832689813891558	0.004834743578171326
0.005004631994507858	-0.039733327445709725	-0.059776794714712346	0.005152002496272852
0.005163496067292568	-0.04171227182063573	-0.061253110245338416	0.005491857135166183
0.00532740302707665	-0.043792936750758606	-0.06275570529471393	0.00585609985629293
0.005496512952277097	-0.04598040167758651	-0.0642843895939724	0.0062466800839018274
0.005670991002745325	-0.04827997081171535	-0.06583891858870358	0.006665718782510025
0.005851007581069215	-0.050697179830712015	-0.06741898984283093	0.007115524234215293
0.0060367384989954325	-0.05323780241583945	-0.06902423929843308	0.007598609216795315
0.006228365149134567	-0.05590785657505258	-0.07065423739142238	0.008117709688180118
0.006426074682116756	-0.05871361069378855	-0.0723084850236711	0.00867580508712023
0.006630060189370854	-0.0616615892487058	-0.07398640939293535	0.009276140363535143
0.0068405208917056304	-0.06475857811267535	-0.0756873596827725	0.00992224985492485
0.007057662333877168	-0.0680116293719684	-0.07741060261558638	0.010617983127138225
0.007281696585332499	-0.07142806556870229	-0.07915531787297331	0.011367532898458281
0.007512842447325533	-0.07501548327318014	-0.08092059338868403	0.012175465165085502
0.0077513256666075425	-0.07878175588177233	-0.08270542052077229	0.013046751643332952
0.007997379155900918	-0.08273503552642791	-0.08450868911087561	0.013986804638797916
0.008251243221371513	-0.08688375397175965	-0.08632918244007083	0.015001514444996296
0.008513165797321717	-0.09123662236490926	-0.08816557209237907	0.016097289362933552
0.008783402688333523	-0.09580262969207143	-0.09001641273876379	0.01728109841827164
0.009062217819098007	-0.1005910397836349	-0.09188013685637789	0.018560516833499546
0.009349883492175264	-0.105611386697401	-0.09375504939988195	0.019943774288122273
0.00964668065393652	-0.1108734682962765	-0.095639322443876	0.021439805969569115
0.009952899168948136	-0.1163873378232436	-0.09753098981787049	0.02305830638043539
0.010268838103065536	-0.1221632932623089	-0.09942794175777306	0.02480978582288
0.01059480601551346	-0.1282118642595885	-0.1013279196005898	0.02670562942750274
0.010931121260237844	-0.1345437963637466	-0.1032285105519349	0.02875815853074025
0.011278112296823682	-0.1411700323297546	-0.1051271425590177	0.030980694130607993
0.011636118011282398	-0.1481016902144674	-0.1070210793250279	0.03338762206427598
0.012005488047022185	-0.1553500379769339	-0.1089074155042699	0.035994459451254485
0.012386583146324414	-0.1629264642808106	-0.1107830721210032	0.038817921831613644
0.012779775502659707	-0.1708424451808753	-0.1126447922587269	0.04187599029839212
0.013185449124187685	-0.1791095063606443	-0.1144891370705884	0.045187977775921664
0.01360400020879546	-0.1877391805736705	-0.1163124821657026	0.04877459343002014
0.014035837531041132	-0.1967429599275102	-0.1181110144304131	0.05265800401081913
0.01448138284138017	-0.2061322426368523	-0.119880729347907	0.05686189072348427
0.014941071278064611	-0.2159182738612301	-0.1216174288840806	0.061411499995587565
0.015415351792117357	-0.2261120802334424	-0.1233167200121319	0.06633368626204522
0.01590468758579656	-0.2367243976776879	-0.1249740139529822	0.07165694461938432
0.01640955656497842	-0.2477655921119243	-0.1265845262132842	0.07741143091121408
0.016930451805900106	-0.2592455726275817	-0.1281432775074048	0.08362896649734249
0.017467882036718712	-0.2711736967420566	-0.1296450956543322	0.09034302463197383
0.018022372134356528	-0.2835586673259669	-0.1310846185448854	0.09758869503473648
0.01859446363711788	-0.2964084208186367	-0.1324562982788468	0.10540262288593287
0.01918471527357816	-0.3097300063624035	-0.1337544065755968	0.11382291811964457
0.019793703508261613	-0.3235294555098778	-0.1349730415654329	0.12288903053194206
0.02042202310464078	-0.3378116421890559	-0.1361061360718984	0.13264158587488886
0.02107028770600748	-0.3525801326500775	-0.1371474674980083	0.14312217778066347
0.021739130434782608	-0.3678370251653586	-0.1380906694311271	0.1543731100664375
0.02242920451085006	-0.383582779312788	-0.138929245082276	0.16643708372445412
0.02314118388951868	-0.3998160347406802	-0.1396565826756722	0.17935682272040768
0.02387576391973534	-0.4165334193942446	-0.1402659729031648	0.19317463262673304
0.02463366202319188	-0.4337293472775458	-0.1407506285557395	0.20793188612864166
0.025415618394989223	-0.4513958059333222	-0.1411037064402287	0.2236684295853637
0.026222396726543057	-0.4695221339466503	-0.1413183316835622	0.24042190513564154
0.027054784951436848	-0.4880947889182716	-0.1413876245191247	0.25822698333633315
0.0279135960149509	-0.5070971065103754	-0.1413047296397958	0.27711450204977084
0.02879966866801881	-0.5265090513425535	-0.1410628481898288	0.29711050828506236
0.02971386828638688	-0.5463069607092182	-0.1406552724526221	0.3182352009880647
0.03065708771577632	-0.5664632823024931	-0.1400754232734323	0.3405017744021452
0.03163024814387394	-0.586946307356751	-0.1393168902349578	0.3639151636244649
0.03263430000000267	-0.6077199008825777	-0.1383734745792725	0.38847069639587056
0.03367022388335072	-0.6287432309286989	-0.1372392348416612	0.4141526580185838
0.03473903152066594	-0.649970499099615	-0.1359085351303516	0.4409327796210807
0.035841766754350614	-0.6713506748632337	-0.1343760959508769	0.4687686638023187
0.03697950656192176	-0.6928272365050343	-0.1326370474348112	0.49760216599542706
0.03815336210783258	-0.7143379219210683	-0.1306869847899399	0.5273577546879963
0.039364479828682325	-0.7358144927886016	-0.1285220257426969	0.5579408788987534
0.0406140425528744	-0.7571825160069509	-0.1261388696941358	0.5892363769943305
0.041903270655816185	-0.7783611666578869	-0.1235348582581395	0.6211069669658854
0.04323342325178896	-0.7992630570899018	-0.120708036795465	0.6533918645757109
0.04460579942365167	-0.819794097077942	-0.1176572165001264	0.6859055821983959
0.04602173949157989	-0.8398533903433064	-0.1143820365362554	0.7184369675533275
0.04748262632207865	-0.8593331730299812	-0.1108830256647633	0.7507485476503483
0.048989886678548006	-0.8781188000155132	-0.1071616627408312	0.7825762489020646
0.050544992614720015	-0.8960887851777404	-0.1032204354065519	0.8136295692068367
0.05214946291232823	-0.9131149019336517	-0.09906289624913216	0.8435922815465687
0.05380486456441359	-0.9290623505031098	-0.09469371564521442	0.87212375090506
0.0555128143057158	-0.9437899984173832	-0.09011873046745696	0.8988609466937503
0.05727498019164416	-0.9571507007792754	-0.08534498779189581	0.9234212309434568
0.059093083227370544	-0.9689917066767096	-0.0803807827152172	0.9454059978381534
0.06096889904863536	-0.9791551579435436	-0.07523568937125312	0.9644052322826135
0.06290425965590785	-0.9874786861387908	-0.06992058422708328	0.980003043677049
0.0649010552035947	-0.9937961131674076	-0.06444766074226779	0.9917842155217972
0.06696123584604416	-0.9979382603818872	-0.058830434490991214	0.999341791556426
0.06908681364214865	-0.9997338702744828	-0.05308373787711712	1.0022856946010028
0.07127986452040594	-0.9990106439862718	-0.04722370361696853	1.0002523449811689
0.07354253030635802	-0.9955963968140508	-0.04126773622445496	0.992915211402212
0.07587702081438785	-0.9893203326832318	-0.035234470808094914	0.9799961885935871
0.07828561600591687	-0.980014437170154	-0.029143718579417343	0.96127765339457
0.08077066821611094	-0.967514987098165	-0.023016398576802887	0.9366150048630086
0.08333460445126979	-0.9516641729981288	-0.016874455227470175	0.9059494454074363
0.08597992875914298	-0.9323118288178828	-0.010740761502274104	0.8693207101113939
0.08870922467448826	-0.9093172611913884	-0.0046390075623918715	0.8268794018917717
0.09152515774226001	-0.8825511683447996	0.0014064250470988944	0.7788985427781839
0.09443047812089223	-0.8518976363347653	0.007370603435215631	0.7257839085877593
0.0974280232682188	-0.8172561977992517	0.013228197236820316	0.6680826780434259
0.1005207207126539	-0.7785439357729235	0.01895364573498045	0.6064899006154412
0.1037115909123391	-0.7356976124027464	0.024521337456994037	0.5418522728857815
0.1070037502050498	-0.6886757996262017	0.02990580126523043	0.4751687139401038
0.1104004138517409	-0.637460986082568	0.03508190775418809	0.40758724902903326
0.1139048991767062	-0.5820616317633484	0.040025079547754576	0.34039775016381585
0.1175206288074166	-0.5225141392263708	0.044711508865823466	0.2750201447165338
0.1212511340172012	-0.4588847076645584	0.049118380497677326	0.21298779023110184
0.1251000581740376	-0.3912710338108097	0.05322409808187473	0.1559258265160088
0.1290711602988175	-0.3198038216619457	0.057008511350534606	0.10552445471598962
0.1331683187365649	-0.2446480614155934	0.060453141752732864	0.06350725630218397
0.13739553494419	-0.1660040369429209	0.06354140363144459	0.031594850256800804
0.1417569373984806	-0.08410802068502697	0.06625881789701103	0.011464390092662195
0.1462567856281454	0.0007673848144749038	0.06859321492534275	0.00470561801324775
0.1508994743738486	0.0883132983170268	0.07053492322091176	0.012774414053412087
0.155689537880298	0.1781850415918546	0.07207694023501089	0.036944994360732286
0.1606316543245793	0.27000308542253	0.07321508163259363	0.07826211431615337
0.1657306503850594	0.3633544893569279	0.07394810527150483	0.1374948072090794
0.1709915059553237	0.4577948587761652	0.07427780621207944	0.21509332521756827
0.1764193590077488	0.5528508356624475	0.07420907922877101	0.3111510339326486
0.1820195106114622	0.648023130926524	0.0737499455632087	0.4253730326863911
0.1877974301095891	0.7427900963747923	0.07291154105176642	0.5570532200910167
0.1937587604608421	0.836611823477938	0.07170806328817955	0.7050613895236222
0.1999093237506716	0.9289347442385466	0.07015667614527575	0.8678417182612871
0.2062551268773592	1.0191966969051287	0.06827737077499815	1.0434237063422713
0.2128023674186063	1.1068324063729795	0.06609278312025756	1.2294462317779817
0.2195574396843489	1.1912793162380444	0.06362796898497426	1.4231949277337355
0.2265269409617089	1.2719836970679503	0.06091013879068423	1.6216525706141518
0.2337176779581816	1.3484069439969184	0.057968355262117424	1.8215616168309037
0.2411366734493522	1.4200319667221115	0.05483319838646159	2.019497466157957
0.248791173137633	1.486369566848011	0.05153640303330112	2.2119504900895546
0.2566886527287207	1.5469646917209985	0.04811047555427314	2.3954143752895023
0.2648368252326842	1.6014024507773914	0.044588296454359085	2.5664779255365375
0.2732436484968139	1.6493137802576847	0.04100271679613289	2.7219171685325585
0.2819173329775898	1.690380645062611	0.037386156327955694	2.858784449887268
0.2908663497593577	1.7243406725535797	0.03377021139194573	2.9744911821999884
0.3000994388275455	1.7509911221008616	0.030185280456168397	3.066881060832252
0.3096256176045003	1.7701921058862475	0.026660214631245797	3.1342908587861715
0.3194541897562813	1.7818689904777645	0.023221999794601732	3.175596360500708
0.3295947542790106	1.7860139245098237	0.019895475989420777	3.1902415685078274
0.3400572148736559	1.7826864548499013	0.016703098637752278	3.1782499898094114
0.3508517896184003	1.772013211306298	0.013664744865525056	3.1402175462962987
0.3619890209480466	1.7541866576275336	0.010797566943617352	3.0772874172503597
0.3734797859502016	1.7294629237138168	0.008115893568491326	2.9911078722291586
0.3853353069882966	1.698158750136856	0.005631178498116406	2.883774850837647
0.3975671626618178	1.6606475908958642	0.003351994976539335	2.7577616570185604
0.410187299114454	1.6173549336063722	0.0012840734636877986	2.6158386301055327
0.4232080417012004	1.5687529079419869	-0.000569620538649983	2.4609860106439982
0.4366421070258188	1.5153542631711827	-0.002208772298926365	2.2963034215861464
0.4505026153604062	1.4577058041957542	-0.003635571371777775	2.12491942896519
0.4648031034592031	1.3963813828128055	-0.004854537042578526	1.9499045327961009
0.4795575377791561	1.3319745472151003	-0.005872319944508019	1.7741906785704022
0.4947803281201462	1.265090966981435	-0.006697483928553707	1.6005000110289953
0.5104863416982038	1.1963407029840945	-0.007340272634130222	1.4312849572188207
0.526690917665456	1.1263305271353028	-0.007812363764669898	1.2686814893844804
0.543409882090987	1.0556563249685718	-0.008126615687331272	1.1144763183286803
0.5606595634172404	0.984895747531712	-0.008296809534260291	0.9700884705544978
0.5784568084070629	0.9146012272377728	-0.00833739048192488	0.8365649169448883
0.5968189985969586	0.8452934797209125	-0.00826321178920535	0.714589347527762
0.6157640672726283	0.7774556098743874	-0.008089285202775135	0.6045026618602476
0.6353105169833682	0.7115279333204858	-0.007830541369998294	0.506333317273469
0.6554774376124369	0.6479036141485924	-0.007501603902394761	0.41983536728791654
0.676284525021036	0.5869252055811107	-0.007116580670264317	0.3445318426668655
0.697752100284116	0.5288821622425369	-0.0066888757493657695	0.27976108259713156
0.7199011295367894	0.4740093711188816	-0.006231025156076193	0.22472370958301327
0.7427532444507399	0.4224867236044913	-0.005754559083267232	0.17852814657230062
0.7663307633606204	0.3744397240098681	-0.005269892781465415	0.14023287868651432
0.7906567130610749	0.3299411015762809	-0.004786247530587222	0.10888403867479378
0.8157548512956739	0.2890133646157881	-0.004311602339924645	0.08354731484127612
0.8416496899597223	0.2516322082067607	-0.0038526761354548624	0.06333361132041526
0.8683665190396072	0.2177306622665908	-0.0034149392873894582	0.047418303101384784
0.8959314313120587	0.187203846081647	-0.0030026524475704644	0.035054295909481885
0.9243713478274516	0.1599141796027253	-0.0026189298552560026	0.025579403631599437
0.9537140442020334	0.1356968918717895	-0.0022658235777479534	0.018418780420149605
0.9839881777447556	0.1143656633661617	-0.001944424618150657	0.013083285744277891
1.0152233154452073	0.09571824200085459	-0.001654976474916551	0.009164720798866691
1.0474499628499745	0.07954188180853859	-0.0013969965928102995	0.006328862561123846
1.080699593855641	0.06561846834194246	-0.0011694012050384591	0.00430715088672085
1.1150046814475154	0.05372921471034484	-0.0009706293206965562	0.002887770634668532
1.1503987294141107	0.04365883570363225	-0.0007987620373833806	0.001906731955789119
1.1869163050683529	0.03519913333053125	-0.0006516339228662311	0.0012394036139899457
1.224593073007467	0.02815195387769636	-0.0005269338720191441	0.0007928101664374243
1.2634658299445214	0.02233150287894324	-0.0004222935621852556	0.0004988743526849133
1.3035725406456422	0.01756602887770675	-0.00033536235757672297	0.0003086778384433068
1.3449523750079977	0.013698908476481395	-0.00026386821037906487	0.00018772971987946247
1.3876457463147625	0.010589183056463235	-0.000205664737601406	0.00011217309578758073
1.4316943507044282	0.008111611177440326	-0.00015876519107736902	6.582344227987266e-05
1.4771412078930022	0.006156309796852664	-0.00012136446507649004	3.7914879648207393e-05
1.5240307031888665	0.0046280621384368874	-9.185059296584428e-05	2.1427395688661192e-05
1.5724086308413343	0.0034453706134671114	-6.880737134626773e-05	1.1875313118494322e-05
1.6223222387652372	0.0025393301793069016	-5.100982503773599e-05	6.450799761789201e-06
1.6738202746852189	0.0018523915843983707	-3.741420323086023e-05	3.4327544045533062e-06
1.7269530337448116	0.0013370758501752753	-2.714409421649176e-05	1.7885086309727691e-06
1.781772407626785	0.0009546918509449531	-1.947408368483273e-05	9.118157701960644e-07
1.8383319352327392	0.0006740987062291649	-1.3812180221947613e-05	4.5459984206231755e-07
1.896686854971446	0.0004705445482328426	-9.682010617693412e-06	2.2150591320125108e-07
1.956894158706996	0.0003246036086482786	-6.705563735549897e-06	1.0541246733249634e-07
2.0190126474194456	0.00022122489215032097	-4.587048558755296e-06	4.8961493921401526e-08
2.083102988632324	0.00014889824328664214	-3.0982396157037515e-06	2.218028594256439e-08
2.149227775663078	9.893751631356244e-05	-2.065517741445765e-06	9.79289849783666e-09
2.217451588754341	6.487585442720033e-05	-1.3586793547463924e-06	4.210722497248302e-09
2.2878410581457027	4.1964727135719454e-05	-8.814833987831183e-07	1.7618153365577188e-09
2.3604649291476	2.676622983437904e-05	-5.638303051534153e-07	7.16748964159812e-10
2.4353941292808727	1.682701985045427e-05	-3.554192129240165e-07	2.832749198644976e-10
2.5127018375475574	1.0422055875350184e-05	-2.2070175125945242e-07	1.0866795793193027e-10
2.592463555900574	6.356665404932569e-06	-1.3494246825002424e-07	4.042540454000395e-11
2.674757182982099	3.816173968801048e-06	-8.120309323602247e-08	1.456977770250584e-11
2.7596630902026518	2.25390032296126e-06	-4.807005863165956e-08	5.082377396381722e-12
2.847264200235187	1.3090592030678882e-06	-2.797725734024665e-08	1.7144187240650169e-12
2.937646068000859	7.470947581856036e-07	-1.6005136212992116e-08	5.58406742093602e-13
3.030896964225547	4.1868434175143645e-07	-8.997193381136161e-09	1.753775275165712e-13
3.127107961648752	2.306425564385562e-07	-4.9576103667008555e-09	5.3220566741060597e-14
3.2263730239690567	1.2397367336704484e-07	-2.6953453327847444e-09	1.5376736574581687e-14
3.328789097613018	6.503283113481924e-08	-1.447827458493983e-09	4.2313653297594834e-15
3.4344562064171185	3.3288608972949975e-08	-7.591404401158957e-10	1.1087077815617849e-15
3.54347754931524	1.6846933377930597e-08	-3.8419113365529284e-10	2.8396676706761133e-16
3.6559596011270754	8.34367096946411e-09	-1.9027584051614087e-10	6.965305014216228e-17
3.772012216545909	4.04116464829007e-09	-9.215799651396062e-11	1.6339504810910874e-17
3.8917487374273194	1.912764439754484e-09	-4.362023176796548e-11	3.660570526608776e-18
