r	P
0.0003052606481455696	0.00010167155317823616
0.00032494826847663327	0.00011514090343926368
0.000345905631228329	0.00013038968823853782
0.0003682146277510407	0.00014765196508501
0.0003919624309334851	0.0001671923675051719
0.00041724183583266913	0.00018931005592541804
0.00044415162227259136	0.00021434317010988812
0.00047279694082855167	0.00024267384496770976
0.0005032897237053083	0.00027473385877435365
0.0005357491221146012	0.0003110109908452724
0.0005703019718611005	0.0003520561745189834
0.0006070832889560706	0.0003984915410143832
0.0006462367971953668	0.00045101946038583214
0.0006879154897632925	0.0005104326974696104
0.0007322822270567903	0.0005776258134522707
0.000779510373065983	0.0006536079575432433
0.0008297844727977324	0.0007395172082376195
0.0008833009733892633	0.0008366366398312798
0.0009402689917296224	0.0009464123071987954
0.0010009111315884658	0.0010704733603353056
0.0010654643534451262	0.0012106545197298655
0.0011341809004168366	0.0013690211641643223
0.001207329283904191	0.0015478973038421456
0.0012851953328052786	0.0017498967335926878
0.0013680833103983134	0.001977957682919332
0.0014563171032570064	0.002235381301398624
0.0015502414868443916	0.0025258743387812158
0.0016502234727304385	0.0028535963983087466
0.001756653742697739	0.0032232121582465053
0.0018699481753390625	0.003639948969188904
0.001990549471111993	0.004109660241770004
0.0021189288822005934	0.004638895039092317
0.0022555880539435447	0.00523497427813934
0.0024010609850242206	0.005906073921832433
0.002555916114082141	0.0066613155048280415
0.002720758540899307	0.007510864277563163
0.0028962323908407524	0.008466035169623866
0.0030830233317884048	0.00953940665955509
0.0032818612534032342	0.010744942487107546
0.003493523119184964	0.012098120947920003
0.0037188360024738303	0.013616071260884094
0.003958680318257636	0.015317716184799008
0.00421399326341244	0.0172239196719339
0.004485772478819731	0.019357637868956744
0.004775079947669835	0.021744071196192743
0.005083046145184321	0.02441081453891908
0.005410874455972496	0.0273880017528782
0.005759845876282909	0.030708439703125225
0.006131324019524039	0.03440772590314757
0.006526760444613316	0.038524342482735896
0.00694770032797514	0.04309971767254104
0.0073957885013513315	0.04817824423747809
0.00787277587901691	0.05380724231137493
0.008380526299515682	0.06003685187933295
0.008921023808649838	0.06691983772938855
0.009496380412182048	0.07451128707131502
0.010108844328543892	0.0828681772350031
0.0107608087737982	0.09204878797325712
0.011454821313182872	0.102111929991808
0.012193593815777363	0.1131159585359139
0.012980013051190082	0.1251175383443442
0.01381715196967334	0.1381701242559468
0.014708281709743256	0.1523221205005816
0.015656884380224598	0.1676146815744484
0.016666666666666666	0.1840791190180648
0.017741574315297656	0.2017338818972777
0.018885807551113774	0.2205810849367677
0.02010383749034968	0.2406025677619726
0.02140042361146236	0.2617554823374906
0.022780632352896606	0.2839674242733099
0.024249856910303357	0.3071311480519851
0.025813838310568885	0.3310989372250191
0.027478687845002136	0.3556767389402663
0.029250910949338307	0.3806182182853336
0.031137432623870368	0.4056189420089523
0.0331456244930382	0.4303109628486199
0.03528333361021125	0.4542581438884212
0.03755891312022015	0.4769526351373465
0.03998125489945163	0.4978129887942803
0.04255982430104878	0.516184471101724
0.04530469714098408	0.5313421915087371
0.04822659906952935	0.5424977167931913
0.05133694748196718	0.5488098601059607
0.054647896132311226	0.5494003225736651
0.058172382624364014	0.5433748071244768
0.061924178965685056	0.5298501090492339
0.06591794538200961	0.5079875040375414
0.07016928760239934	0.4770324914915608
0.07469481783896774	0.4363606002068926
0.07951221969946003	0.3855285197144809
0.08464031728633468	0.324329283569057
0.09009914875235278	0.2528496082374054
0.09591004460009551	0.1715268016293597
0.1020957110313664	0.08120193245053602
0.1086803186721685	-0.016834751585815176
0.1156895970199505	-0.1208107766878939
0.1231509349821775	-0.2284558019303893
0.1310934878990815	-0.337008525032578
0.1395482914687877	-0.4432509516879456
0.1485483830199789	-0.5435739852493795
0.1581289306059754	-0.6340768346093472
0.1683273704246675	-0.7107006877203421
0.1791835531012725	-0.769394555296397
0.1907398994055186	-0.8063083461475516
0.2030415660117245	-0.8180053540686013
0.2161366219494855	-0.8016836975712409
0.2300762364344515	-0.755394095714717
0.244914878813149	-0.678239827588839
0.2607105314031362	-0.5705438432449165
0.277524916060169	-0.4339677442052366
0.295423735357694	-0.2715677524389492
0.3144769293210814	-0.08777402811432586
0.3347589487197944	0.1117177897207166
0.356349045985389	0.3201495444501746
0.3793315848921121	0.5299978983327666
0.403796370210183	0.733356478544672
0.4298389986198843	0.922381921566308
0.4575612322576683	1.0897713421508812
0.4870713963539156	1.2292294832806503
0.5184848025161277	1.3358795180469496
0.5519241993115385	1.4065741253798434
0.5875202519098089	1.440073418008721
0.6254120526600166	1.4370719958415448
0.6657476645970322	1.400075701075702
0.7086847000010464	1.3331458664043618
0.7543909362709794	1.2415419107665324
0.8030449715183136	1.1313004894940402
0.854836922443095	1.0087911837310803
0.9099691672190706	0.8802862494467808
0.9686571362907996	0.7515769006470784
1.031130154172798	0.6276621940426018
1.0976323355400617	0.512529270700722
1.1684235391114643	0.4090354072426865
1.2437803830533485	0.3188929610084166
1.3239973258710225	0.2427483327127228
1.4093878170117666	0.1803367184749197
1.5002855216753634	0.130687327024331
1.5970456246181146	0.09235037941855376
1.700046218044995	0.06361829154337527
1.80968977901316	0.04271857754902678
1.9264047421197945	0.027963852534339015
2.050647173619609	0.017853006655836515
2.1829025535136437	0.011125407696920208
2.323687672572919	0.006775641290439678
2.47355265170961	0.0040393243301689264
2.6330830915864576	0.0023610990385014327
2.8029023608640906	0.0013546424589842927
2.983674032027611	0.0007621905560016536
3.1761044743105	0.00041841269260383833
3.3809456138477483	0.00022103653650245523
3.598997871843568	0.00010874249684529505
3.831113292234648	4.563302987536792e-05
4.07819887107034	1.0984589626778263e-05
4.341220100619447	-7.138914557773186e-06
4.621204742052233	-1.5671947441655867e-05
4.919246841439539	-1.8705091267186935e-05
5.23651100476157	-1.86868688337677e-05
5.574236948631084	-1.7092413740303592e-05
5.933744344512985	-1.4803964442714608e-05
6.316437975369259	-1.2335932047133828e-05
6.723813224878919	-9.973449132627735e-06
7.157461920682232	-7.860010189067993e-06
7.619078554481816	-6.053451339884861e-06
8.110466903305786	-4.5615513036912565e-06
8.6335470778057	-3.364398786373908e-06
9.190363025130644	-2.4282407705318e-06
9.783090515695145	-1.7139286785203244e-06
10.414045645049349	-1.1819779051263687e-06
11.085693884072697	-7.955047908562031e-07
11.800659712854989	-5.218140974207894e-07
12.561736875909356	-3.3310724176731534e-07
13.37189929878965	-2.0660577031258462e-07
14.234312708769192	-1.242875579137632e-07
15.152347004988872	-7.238002332460365e-08
16.129589426411275	-4.0722631003557954e-08
17.169858569034897	-2.2087073771636174e-08
18.27721930714097	-1.1521820302301515e-08
19.45599867687809	-5.766503786862796e-09
20.71080278424993	-2.7616558630521524e-09
22.046534803574623	-1.262040506377197e-09
23.46841413674493	-5.486881053168786e-10
24.98199680815453	-2.2622345065450695e-10
26.59319717498415	-8.816522398787607e-11
28.308311037680703	-3.228385726902262e-11
30.134040240934382	-1.154094751491384e-11
