r	P	Q	rho
0.00010366072306285332	-0.0003292494169144767	-0.0012545192279066104	1.6822236717259207e-06
0.00010695126763668912	-0.00033879975365910337	-0.0012893163691956647	1.7771219729553606e-06
0.00011034626530782614	-0.00034863857298273864	-0.001325072331046344	1.8773655370760323e-06
0.00011384903177349655	-0.0003587752500520191	-0.0013618131479292918	1.983254729922976e-06
0.00011746298798246096	-0.0003692195011177964	-0.0013995655377774926	2.0951067345400764e-06
0.0001211916634760504	-0.000379981397779018	-0.0014383569184853837	2.213256487612865e-06
0.00012503869983526478	-0.00039107138190800646	-0.0014782154247159891	2.33805766761571e-06
0.00012900785423729358	-0.0004025002812397469	-0.0015191699250349884	2.469883737528888e-06
0.00013310300312493282	-0.0004142793258612008	-0.001561250039302326	2.6091290450575258e-06
0.00013732814599248192	-0.000426420165315038	-0.0016044861564210682	2.7562099835341566e-06
0.00014168740929181755	-0.0004389348866474724	-0.001648909452352859	2.911566216774835e-06
0.00014618505046245982	-0.0004518360332762175	-0.0016945519084486176	3.0756619713936393e-06
0.00015082546208956658	-0.0004651366247953297	-0.0017414463300696086	3.2489874002388995e-06
0.00015561317619391618	-0.00047885017774249375	-0.001789626365499906	3.432060020816421e-06
0.0001605528686580693	-0.0004929907273845739	-0.0018391265251445136	3.6254262327773043e-06
0.00016564936379303232	-0.0005075728505740994	-0.0018899822010065871	3.829662918761621e-06
0.00017090763904988162	-0.0005226116897332549	-0.001942229686436588	4.045379133121415e-06
0.00017633282988095155	-0.00053812297802479	-0.0019959061961449995	4.27321788328827e-06
0.00018193023475533257	-0.000554123065772504	-0.002051049886469101	4.51385800880603e-06
0.0001877053203335785	-0.0005706289481973185	-0.0021076998758830625	4.768016163318255e-06
0.0001936637268066769	-0.0005876582945385014	-0.002165896265739296	5.036448905083327e-06
0.0001998112734044961	-0.0006052294786333283	-0.002225680161227581	5.3199549018888015e-06
0.0002061539640790897	-0.0006233616110323968	-0.002287093692536968	5.6193772565512884e-06
0.0002126979933684076	-0.0006420745727319284	-0.0023501800362038315	5.9356059595199305e-06
0.0002194497524461424	-0.0006613890506087355	-0.002414983436627728	6.269580475451395e-06
0.0002264158353636175	-0.00068132657464809	-0.002481549227734834	6.6222924709930505e-06
0.00023360304548981456	-0.0007019095570595205	-0.002549923854766796	6.9947886914002486e-06
0.0002410184021558292	-0.0007231613333806039	-0.0026201548961706724	7.388173994023959e-06
0.00024866914751024423	-0.0007451062056741017	-0.0026922910855634447	7.803614547138448e-06
0.0002565627535921164	-0.0007677694879293518	-0.002766382333742139	8.242341203035901e-06
0.00026470692962848283	-0.0007911775537846437	-0.0028424797507080627	8.705653054798022e-06
0.000273109629563516	-0.0008153578866934355	-0.002920635667670951	9.194921186664926e-06
0.00028177905982667965	-0.0008403391326636811	-0.0030009036589959013	9.711592628460937e-06
0.000290723687347472	-0.0008661511557062562	-0.0030833385640529247	1.0257194525107235e-05
0.00029995224782458456	-0.0008928250961355395	-0.0031679965089256618	1.0833338532854616e-05
0.00030947375425755214	-0.0009203934318725811	-0.0032549349279323253	1.1441725454507999e-05
0.0003192975057492268	-0.0009488900429090288	-0.003344212584908284	1.2084150126590846e-05
0.0003294330965876716	-0.0009783502790980862	-0.0034358895941957374	1.2762506572113852e-05
0.00033989042561634525	-0.0010088110314472505	-0.003530027441281808	1.3478793433372252e-05
0.00035067970590172835	-0.0010403108070964255	-0.003626689003021985	1.4235119700002214e-05
0.0003618114747078324	-0.00107288980817429	-0.0037259385673811575	1.5033710748382617e-05
0.0003732966037873344	-0.0011065900147354468	-0.0038278418526195455	1.587691470937803e-05
0.0003851463099993869	-0.0011414552719909972	-0.003932466025845617	1.6767209182386064e-05
0.0003973721662644731	-0.0011775313820557084	-0.004039879720852516	1.770720831468143e-05
0.00040998611286700745	-0.0012148662004459235	-0.004150153055148671	1.8699670266145766e-05
0.000423000469116718	-0.0012535097375738105	-0.00426335764608708	1.9747505080641532e-05
0.0004364279453802016	-0.001293514265495438	-0.004379566625991184	2.0853782986536005e-05
0.00045028165549440145	-0.001334934430182582	-0.004498854656168353	2.2021743150214565e-05
0.0004645751295741308	-0.0013778273696009949	-0.004621297939694678	2.325480290784787e-05
0.00047932232722615087	-0.0014222528378912717	-0.004746974232847084	2.4556567502203935e-05
0.0004945376511827087	-0.00146827333596228	-0.004875962855050636	2.5930840352931357e-05
0.0005102359613678506	-0.0015159542488214922	-0.005008344697200316	2.7381633890494464e-05
0.0005264325894102466	-0.001565363989981402	-0.005144202228207577	2.891318098582629e-05
0.000543143353616704	-0.0016165741532965885	-0.005283619499612404	3.052994700979101e-05
0.0005603845744209881	-0.0016696596726018175	-0.005426682148091665	3.223664255872958e-05
0.0005781730903230449	-0.0017246989895379307	-0.0055734773956839625	3.403823688471325e-05
0.0005965262743341847	-0.0017817742299690725	-0.005724094047540152	3.5939972071666483e-05
0.0006154620509442963	-0.0018409713894120949	-0.00587862248699706	3.7947378001261396e-05
0.0006349989136276545	-0.0019023805279166964	-0.006037154667759752	4.0066288155449973e-05
0.0006551559429044247	-0.0019660959748529746	-0.006199784102964829	4.230285630570848e-05
0.0006759528249754988	-0.0020322165440816095	-0.0063666058508838825	4.466357414254788e-05
0.0006974098709488656	-0.002100845760000759	-0.006537716497012088	4.715528990261717e-05
0.000719548036676292	-0.0021720920949829027	-0.006713214132272228	4.978522805482678e-05
0.0007423889432196869	-0.0022460692187343317	-0.00689319832704902	5.2561010111377265e-05
0.0007659548979671376	-0.0023228962601295534	-0.007077770100752427	5.5490676634428885e-05
0.0007902689164192419	-0.002402698082092656	-0.007267031886591922	5.858271051443547e-05
0.0008153547446670123	-0.002485605570117387	-0.007461087491225949	6.18460616019269e-05
0.000841236882583304	-0.0025717559350374895	-0.007660042048932615	6.529017278081633e-05
0.0008679406077504206	-0.00266129303067829	-0.007864001969928485	6.892500757817594e-05
0.0008954920001472611	-0.002754367687039847	-0.008073074882442471	7.276107941293275e-05
0.0009239179676201223	-0.002851138059680764	-0.008287369568131201	7.680948259414732e-05
0.0009532462721620304	-0.002951769995989993	-0.00850699589040071	8.108192518852133e-05
0.0009835055570262703	-0.0030564374190514363	-0.008732064715177089	8.559076388661854e-05
0.0010147253747005874	-0.0031653227298226367	-0.00896268782364565	9.034904100805783e-05
0.0010469362157693876	-0.0032786172283641754	-0.009198977816454266	9.537052379774409e-05
0.0010801695386921236	-0.003396521554870256	-0.009441048008851925	0.00010066974617814516
0.0011144578005269454	-0.003519246151263141	-0.009689012316208081	0.00010626205313681231
0.001149834488629626	-0.0036470117441242153	-0.009942985129332178	0.00011216364794390078
0.0011863341533587188	-0.003780049849742249	-0.010203081178985747	0.0001183916424115096
0.0012239924418188874	-0.0039186033020645016	-0.010469415388951932	0.00012496411042537436
0.001262846132675366	-0.004062926804338122	-0.010742102716998816	0.00013190014499996254
0.0013029331720735462	-0.004213287505227628	-0.011021257983044153	0.00013921991913052172
0.0013442927106987752	-0.004369965600188355	-0.011306995683799469	0.0001469447507402894
0.0013869651420125597	-0.004533254958865223	-0.01159942979314158	0.00015509717204809664
0.0014309921417025152	-0.004703463779270333	-0.01189867354742913	0.00016370100371119767
0.0014764167083845918	-0.0048809152694710796	-0.012204839214951036	0.00017278143413056258
0.0015232832055973276	-0.005065948357491993	-0.012518037848662783	0.0001823651043413298
0.0015716374051291432	-0.005258918430097479	-0.012838379021335493	0.00019248019894988622
0.0016215265317209898	-0.005460198101078216	-0.013165970542211703	0.0002031565436214045
0.0016729993091880158	-0.005670178009610329	-0.013500918154231083	0.000214425709667915
0.0017261060080052883	-0.005889267649192247	-0.013843325210858888	0.00022632112633742365
0.0017808984944040495	-0.00611789622758865	-0.01419329233152029	0.0002388782014595361
0.001837430281026456	-0.006356513558122558	-0.014550917034614795	0.00025213445116283896
0.0018957565791882687	-0.006605590982554276	-0.014916293347057076	0.0002661296394442616
0.0019559343528005478	-0.00686562232566802	-0.01528951138926418	0.00028090592844115026
0.0020180223740029887	-0.007137124881552269	-0.01567065693448437	0.00029650804033317556
0.002082081280563272	-0.00742064043140628	-0.016059810941339986	0.0003129834318838051
0.002148173635098446	-0.007716736292531136	-0.016457049058436708	0.00033038248272025976
0.0022163639861762043	-0.008026006397967314	-0.016862441099874	0.0003487586985469321
0.002286718931355731	-0.00834907240601975	-0.017276050490477594	0.00036816893059049154
0.002359307182229669	-0.00868658483866371	-0.017697933679564584	0.00038867361268556864
0.002434199631530745	-0.00903922424754811	-0.018128139522045967	0.0004103370175282267
0.0025114694223685907	-0.00940770240600453	-0.018566708625670704	0.00043322753375049834
0.002591192019664373	-0.009792763525127576	-0.01901367266322025	0.00045741796560315803
0.0026734452838530023	-0.01019518549161239	-0.01946905364847397	0.00048298585717554133
0.002758309546924902	-0.010615781124615246	-0.01993286317478431	0.0005100138432304099
0.0028458676908816043	-0.011055399448439664	-0.020405101615127395	0.0005385900288882347
0.002936205228681789	-0.01151492697734036	-0.02088575728253018	0.0005688084005582433
0.003029410387756832	-0.011995289008176932	-0.02137480554982104	0.0006007692706823506
0.0031255741961774114	-0.012497450916034466	-0.02187220792770732	0.0006345797590315536
0.0032247905715553507	-0.01302241944725588	-0.02237791110025214	0.0006703543134710561
0.0033271564127674968	-0.013571244003596113	-0.02289184591690508	0.0007082152732884673
0.003432771694591228	-0.014145017910407544	-0.023413926340338367	0.0007482934783565409
0.003541739565344023	-0.014744879660894616	-0.023944048349453188	0.0007907289275752156
0.003654166447622433	-0.015372014127529112	-0.024482088797051486	0.0008356714902036685
0.00377016214223886	-0.016027653730691406	-0.025027904221818345	0.0008832816738474587
0.0038898399354576384	-0.016713079553492688	-0.025581329614430687	0.0009337314530035238
0.004013316709635153	-0.017429622390533618	-0.02614217713780116	0.0009872051621807644
0.004140713057372059	-0.018178663717061904	-0.02671023480168332	0.0010439004576990778
0.004272153399289076	-0.018961636563599907	-0.027285265092108248	0.0011040293523166696
0.004407766105541386	-0.01978002627961916	-0.02786700355639435	0.00116781932683452
0.004547683621190319	-0.020635371168237326	-0.028455157344774377	0.0012355145227667876
0.004692042595554758	-0.021529262972200355	-0.029049403710018493	0.0013073770200337934
0.0048409840156686	-0.02246334718958473	-0.02964938846680095	0.0013836882034150935
0.004994653343974612	-0.023439323195708576	-0.03025472441296441	0.0014647502211773068
0.005153200660389153	-0.024458944145672415	-0.03086498971528072	0.0015508875388455074
0.005316780808876531	-0.0255240166297598	-0.0314797262627934	0.0016424485904966593
0.005485553548676108	-0.026636400051611903	-0.03209843799135733	0.0017398075291945223
0.005659683710329881	-0.02779800569664954	-0.03272058918356704	0.0018433660772307246
0.005839341356662917	-0.02901079545565088	-0.03334560274888892	0.001953555475656322
0.006024701948873831	-0.03027678016570624	-0.03397285848948757	0.0020708385311492506
0.006215946517897569	-0.03159801752796596	-0.03460169135796276	0.0021957117565293586
0.00641326184120782	-0.03297660955867992	-0.035231389713994546	0.002328707599164981
0.006616840625231727	-0.03441469952700466	-0.03586119358773114	0.002470396749070744
0.006826881693555075	-0.035914468329938165	-0.03649029295864814	0.0026213905156300976
0.007043590181101758	-0.03747813025154378	-0.03711782605956059	0.002782343258539476
0.007267177734477151	-0.039107928050362985	-0.03774287771648157	0.0029539548547136488
0.007497862718671064	-0.04080612731560868	-0.03836447773609301	0.003136973178460841
0.007735870430322168	-0.04257501002940168	-0.03898159935372613	0.003332196567178075
0.007981433317752142	-0.04441686726899159	-0.039593157755939565	0.0035404762390779344
0.008234791207984466	-0.04633399097962188	-0.04019800869303207	0.0037627186229847636
0.008496191540969542	-0.04832866474549647	-0.04079494719813035	0.003999887552980837
0.00876588961124497	-0.050403153483227325	-0.04138270643085017	0.0042530062725957
0.009044148817266869	-0.05255969197923928	-0.04195995666493398	0.004523159184275647
0.009331240918655899	-0.05480047218994018	-0.04252530444071801	0.004811493270016158
0.009627446301609097	-0.057127629221096314	-0.043077291904769055	0.005119219098271739
0.0099330542527368	-0.05954322590086136	-0.04361439636054749	0.005447611320575946
0.01024836324159212	-0.0620492358593755	-0.044135030055490944	0.0057980085487315
0.010573681212168805	-0.06464752502687388	-0.04463754023146043	0.006171812490015533
0.010909325883652284	-0.06733983146192618	-0.045120209467035016	0.0065704862036697394
0.011255625060717566	-0.07012774342188505	-0.04558125634166817	0.0069955513271306065
0.011612916953677036	-0.07301267558898054	-0.04601883645321113	0.007448584105169109
0.011981550508790843	-0.07599584336789812	-0.0464310438217472	0.007931210039575115
0.012361885749062471	-0.07907823517427212	-0.04681591271404342	0.008445096961526422
0.012754294125852314	-0.08226058263847948	-0.04717141992418848	0.008991946313686237
0.013159158881652654	-0.08554332865560818	-0.04749548754712003	0.00957348241482003
0.013576875424378392	-0.08892659322069134	-0.04778598628272052	0.01019143946685066
0.014007851713538988	-0.09241013699844616	-0.04804073930894391	0.010847546053421496
0.014452508658668858	-0.09599332258905048	-0.04825752676298937	0.011543506870966145
0.014911280530405297	-0.09967507346615981	-0.04843409086982165	0.012280981428870496
0.015384615384615384	-0.1034538305806442	-0.04856814175730672	0.013061559455566474
0.015872975499986196	-0.1073275066436643	-0.048657363996837566	0.01388673275346655
0.01637683782950553	-0.1112934381259476	-0.04869942390751881	0.014757863258818341
0.016896694466274242	-0.11534833503674	-0.04869197766070324	0.015676147084258442
0.017433053124105022	-0.1194882285761388	-0.04863268021987361	0.01664257435363208
0.01798643763337699	-0.1237084167886191	-0.04851919514847492	0.017657884682202488
0.018557388452630472	-0.128003408383796	-0.048349205315267305	0.01872251821248673
0.019146463196401464	-0.132366864933036	-0.04812042452301824	0.01983656218847609
0.01975423717981141	-0.1367915416976723	-0.04783061008182317	0.02099969314082542
0.020381303980444083	-0.1412692273964558	-0.047477576342966815	0.022211114864593783
0.021028276018058404	-0.1457906832766396	-0.04705920920294989	0.023469492501076446
0.02169578515270324	-0.150345581914852	-0.04657348158004452	0.02477288318780222
0.02238448330181848	-0.1549224462406984	-0.0460184698574469	0.026118663917222833
0.02309504307692497	-0.1595085893478198	-0.045392371277714186	0.027503457445945265
0.023828158440525125	-0.1640900557338285	-0.044693522262659297	0.028923057322973768
0.024584545383855894	-0.1686515646919204	-0.043920417621194745	0.03037235335705317
0.02536494262615582	-0.1731764566627299	-0.043071730594741786	0.03184525911868438
0.02617011233612924	-0.1776466434447033	-0.042146333675746175	0.033334643369476884
0.027000840876312285	-0.182042563254339	-0.04114332011957308	0.03483226762667169
0.027857939571067497	-0.1863431417233399	-0.04006202605362361	0.03632873239884596
0.028742245498957267	-0.1905257600171378	-0.038902053069975205	0.03781343496316716
0.02965462231026992	-0.194566231357262	-0.037663291169276726	0.039274541886269325
0.0305959610704968	-0.1984387873273419	-0.036345941904137466	0.04069897980884497
0.03156718113058426	-0.2021160754376056	-0.03495054154997301	0.04207244830493627
0.03256923102481038	-0.2055691695138025	-0.03347798411038723	0.0433794588746898
0.03360308939716335	-0.2087675945615263	-0.031929543942882666	0.0446034043154063
0.034669765957126286	-0.2116793678336593	-0.03030689776924676	0.0457266628188532
0.03577030246580186	-0.2142710578945878	-0.028612145813636088	0.04673074113932657
0.03690577375333997	-0.2165078635271425	-0.026847831790488396	0.047596461040938114
0.03807728876866193	-0.218353714363844	-0.025016961444278767	0.048304192936391696
0.03928599166250657	-0.2197713951396766	-0.023123019324177554	0.04883414014430616
0.040533062904855865	-0.2207226954557107	-0.021169983459265507	0.04916667648889998
0.041819720437831456	-0.2211685869076743	-0.0191623375845418	0.049282739016441424
0.043147220865188095	-0.221069429367051	-0.017105080554963077	0.04916427638146533
0.04451686067956556	-0.2203852081003049	-0.015003732574632668	0.048794751940585794
0.04592997752869778	-0.2190758032701188	-0.012864337861478205	0.048159698767062054
0.04738795152181586	-0.2171012931767156	-0.010693463364778348	0.047247321657736076
0.04889220657752059	-0.2144222923630063	-0.008498193154188337	0.04604913874909245
0.05044421181444113	-0.2110003254201378	-0.006286118104929659	0.04456065260823318
0.052045482986037984	-0.2067982369857462	-0.00406532051500887	0.0427820376513026
0.05369758396095141	-0.2017806380218804	-0.001844353307167641	0.04071882751963878
0.055402128250341166	-0.1959143879894521	0.0003677865088038484	0.03838258268819763
0.05716078058370929	-0.189169111998049	0.0025616904082768326	0.035791515191878266
0.058975258534744765	-0.1815177514014563	0.0047275772169020095	0.032971044060182655
0.0608473341987781	-0.1729371456286132	0.006855338483015933	0.02995425200388889
0.062778835923484	-0.1634086422863721	0.008934590519709554	0.026782211281630403
0.06477165009452246	-0.1529187317450803	0.010954733218411812	0.023504144698410407
0.06682772297786219	-0.1414597015230603	0.012905015666286351	0.020177386584340408
0.0689490626205856	-0.1290303048259207	0.014774608520644867	0.016867108620408328
0.071137740812032	-0.1156364365780351	0.016552683004480387	0.013645776779112748
0.07339589510719388	-0.1012918092159993	0.01822849628774006	0.010592308691162554
0.07572573091434294	-0.08601861941009395	0.019791482908856593	0.007790905680950155
0.07812952364892434	-0.0698481957559788	0.021231351770331527	0.005329540748361093
0.08060962095582291	-0.05282161635516999	0.022538188111119926	0.00329809307770499
0.08316844500217181	-0.03499028410362496	0.023702559717933808	0.0017861313188346079
0.08580849484294245	-0.016416446461675782	0.02471562648862858	0.000880361907154466
0.08853234886162663	0.002826354481364267	0.025569252305478584	0.0006617749431155498
0.09134266728839395	0.02265291667114661	0.026256118017056115	0.0012025383670354907
0.09424219479818442	0.04296611317630832	0.026769834168107503	0.0025627109028673115
0.09723376319127297	0.06365674386029598	0.027105051961653207	0.004786864880739249
0.1003202941589248	0.08460352000711804	0.02725757079177552	0.007900730763063477
0.1035048021368414	0.1056731981815557	0.02722444055524128	0.011907994977464212
0.1067903972491851	0.1267208791698435	0.02700405684191626	0.01678740030349952
0.1101802883460571	0.1475904870257238	0.02659624702494255	0.022490312216302114
0.1136777861373946	0.1681154420028923	0.026002345229018908	0.028938923797236928
0.1172863064263497	0.1881195394597869	0.025225254155667585	0.036025274573780346
0.121009373445306	0.2074180446580556	0.02426949179410903	0.043611253481715476
0.1248506232977914	0.2258190107356249	0.023141221150024097	0.051529741725930604
0.1288138075096502	0.2431248240265392	0.021848261284993058	0.05958702657911298
0.13290279669294	0.2591339773449677	0.02040007817745264	0.06756658140426841
0.1371215843261344	0.2736430678874131	0.018807754189704404	0.07523426022049573
0.1414742906543214	0.2864490120872944	0.0170839352501445	0.08234489736941807
0.145965166713208	0.2973514651449609	0.015242755227964	0.08865023541079452
0.1505985984808599	0.3061554281299711	0.01329973737900104	0.0939080291877963
0.1553791111612316	0.312674020595099	0.01127167316398816	0.09789209377102018
0.1603113736036709	0.3167313916412508	0.009176479170472407	0.10040298222096951
0.1654002028627131	0.318165737418135	0.007033033292992757	0.10127890002412596
0.1706505689026185	0.3168323882231827	0.004860991728978856	0.10040639146779477
0.176067599451248	0.3126069237515249	0.0026805887181818766	0.09773027433326774
0.1816565850080177	0.3053882707267026	0.0005124212817940605	0.09326225847301584
0.1874229840108226	0.2951017331726721	-0.0016227785021981167	0.08708766633158213
0.193372428166976	0.2817019020358665	-0.0037043809203151767	0.07936968404862771
0.1995107279533713	0.2651753877949308	-0.005712102791269478	0.07035061441048995
0.2058438782912377	0.2455433171748103	-0.007626255287614393	0.06034968037892135
0.2123780644010322	0.2228635331941725	-0.00942799220822636	0.0497570414648684
0.2191196678431848	0.1972324366250708	-0.011099555407766106	0.039023834187312645
0.2260752727505991	0.168786406664093	-0.012624514006943453	0.028648229428488093
0.2332516722589921	0.1377027393711621	-0.01398799392376229	0.019157708404333406
0.2406558751413564	0.1042000444266053	-0.015176894175182204	0.011087987375311198
0.2482951126530217	0.06853804422104934	-0.016180086300928046	0.0049592586983519945
0.2561768455940022	0.031016724479160245	-0.01698859316404863	0.0012506494951096982
0.2643087715955273	-0.008025207215787977	-0.01759574330205182	0.00037401413320803693
0.2726988326378714	-0.048212589247224345	-0.017997296961972355	0.0026483564598589917
0.2813552228068249	-0.08913682260634141	-0.018191539983523887	0.008276305271326527
0.2902863962963828	-0.1303596445269099	-0.01817934183227452	0.017324125390636998
0.2995010756654649	-0.171417650522765	-0.017964174366693043	0.02970672247142175
0.3090082603567333	-0.2118275371658495	-0.017552088383390476	0.045178981308367706
0.3188172354858259	-0.2510920169346307	-0.01695164565089503	0.06333455925857437
0.3289375809095899	-0.288706334086679	-0.016173805028840162	0.08361293931088004
0.339379180582172	-0.3241652875405402	-0.015231762375086224	0.1053151402312922
0.3501522322081035	-0.3569706441573185	-0.014140745247313171	0.12762800146624032
0.3612672572018057	-0.386638804712494	-0.012917764866238085	0.1496564339586455
0.3727351109632458	-0.4127085664617953	-0.011581329362546024	0.1704624880207539
0.3845669934797753	-0.4347488117711543	-0.010151123898628184	0.18910957465283584
0.3967744602645086	-0.452365942970739	-0.008647664745877803	0.20470972846536298
0.4093694336419214	-0.4652108804107358	-0.007091935708674757	0.21647145880462793
0.4223642143916938	-0.472985444381803	-0.005505016318906614	0.2237455358017231
0.4357714937621677	-0.4754479525044752	-0.003907711891825686	0.22606602575292722
0.4496043658651529	-0.4724178823601448	-0.0023201957659962813	0.2231840388820362
0.4638763404641861	-0.4637794740439806	-0.0007616738038554523	0.21509198069149477
0.4786013561687332	-0.4494841780225657	0.0007499195057312169	0.2020365886718866
0.4937937940472205	-0.4295518888033369	0.0021981852024144004	0.18451965719269842
0.5094684916721894	-0.4040709427520785	0.003568477734036196	0.16328606080989183
0.5256407576112929	-0.3731968969692502	0.0048480719534886	0.13929942770914336
0.5423263863782852	-0.3371501434018285	0.00602627675258898	0.1137065352073723
0.5595416738586069	-0.296212446320039	0.007094495051956421	0.08779214521494423
0.5773034332246308	-0.250722520143548	0.008046231999380123	0.06292652395651968
0.5956290113561112	-0.2010707869226576	0.008877055167204669	0.040508263462138365
0.6145363057818759	-0.1476934676135621	0.009584512166855833	0.02190522324919493
0.6340437821593031	-0.09106616822081198	0.010168012328808164	0.008396435469140021
0.6541704923086582	-0.03169712108665426	0.010628679873913253	0.0011176763210441509
0.6749360928199006	0.02987976619502799	0.01096918630973604	0.001013123476167238
0.6963608642501348	0.09311191537858449	0.011193569642671123	0.008795124786814008
0.7184657309304541	0.1574350147026698	0.011307047456192222	0.02491363317660644
0.7412722814015202	0.2222797879908739	0.011315830047565098	0.04953635215893322
0.7648027894978382	0.2870785162936549	0.01122693873759077	0.0825401186707839
0.7890802361013185	0.3512712528891857	0.011048033275871968	0.12351355214560303
0.8141283315853707	0.414311690413913	0.010787251060284608	0.17177054159907174
0.8399715389714498	0.4756726535544642	0.010453059764171048	0.22637373979797867
0.8666350978206689	0.5348512015245543	0.010054123988906325	0.2861668931814437
0.8941450488838151	0.5913733313432785	0.009599185780291154	0.34981456139169165
0.9225282595338392	0.6447982759798817	0.009096958285468337	0.4158475713566752
0.9518124500056596	0.6947223913268877	0.008556031481808635	0.482712406685667
0.9820262204689088	0.7407826234968626	0.007984788757718577	0.5488226521263999
1.013199078960057	0.7826595440202386	0.007391333133341895	0.6126105936514559
1.0453614702012015	0.8200799360474786	0.006783422033396227	0.6725771163221198
1.0785448053336593	0.8528189104555247	0.006168409722363893	0.7273381433090512
1.112781492595406	0.8807015274960536	0.00555319674362824	0.7756660185279555
1.1481049689723215	0.9036038978231516	0.004944185937868321	0.8165244491357809
1.1845497328541548	0.9214537367355052	0.004347244828307289	0.8490958874814231
1.2221513777270974	0.9342303474819728	0.0037676743383834336	0.8728005375262077
1.2609466269358784	0.9419640135674674	0.003210183941862972	0.8873065081370725
1.3009733695493233	0.9447347861787077	0.0026788734369226387	0.8925309925790195
1.3422706973644078	0.9426706610124108	0.0021772215826083054	0.8886327154273953
1.3848789430849509	0.935945148804978	0.0017080818421303218	0.8759962391151519
1.4288397197122231	0.9247742554694316	0.001273685442317231	0.8552090458536475
1.474195961185952	0.9094129006539226	0.0008756518866792985	0.8270325906420078
1.5209919643154088	0.8901508172806358	0.0005150069499814194	0.7923687427375425
1.5692734320415338	0.867307988712674	0.00019220804120799063	0.752223184228755
1.6190875180723434	0.8412296939600021	-9.282334764938419e-05	0.7076674066162127
1.6704828729352246	0.8122812441305964	-0.000340662576418028	0.6598009356173405
1.7235096914910792	0.7808425043704726	-0.0005523368422267022	0.6097153217075388
1.7782197619567333	0.74730230423034	-0.0007292750727238993	0.5584612657501073
1.8346665164834832	0.7120528450151073	-0.0008732537606892169	0.5070200166662391
1.8929050833411776	0.6754842247156829	-0.0009863398897436595	0.45627991070612534
1.9529923407587997	0.6379791403173745	-0.0010708323555967947	0.40701853016203
2.0149869724741323	0.5999079706459485	-0.001129202960417356	0.359890848343866
2.078949525046762	0.5616242353744078	-0.001164038559501014	0.3154231367456562
2.144942466990387	0.5234605622631772	-0.0011779855039911792	0.2740123478947292
2.213030249782193	0.4857252204190812	-0.0011736975664859732	0.23593036731714262
2.2832793708088706	0.4486992700812101	-0.0011537883575053827	0.20133236619898462
2.3557584383107515	0.4126343610781521	-0.0011207890531678296	0.17026837211047652
2.4305382383874994	0.3777511932559816	-0.001077112042271073	0.14269712417666955
2.507691804130785	0.3442386336676848	-0.0010250208762882132	0.11850128757719132
2.5872944869514685	0.3122534679381565	-0.0009666066824971859	0.09750316256788398
2.669424030170951	0.2819207475524019	-0.0009037709857140675	0.07948012470249972
2.754160644948564	0.2533346814830392	-0.0008382146912377399	0.06417916344598155
2.8415870886191574	0.2265600098809748	-0.0007714328152779507	0.05133003318585588
2.9317887455173843	0.2016337897589542	-0.0007047144156217227	0.04065668179496573
3.0248537103676254	0.1785675177525357	-0.0006391470775438752	0.03188676690528889
3.120872874320998	0.1573495130534114	-0.0005756252480613707	0.024759200602571894
3.2199400137234657	0.137947484254616	-0.0005148616841006528	0.019029773494731284
3.3221518817017555	0.1203112068190877	-0.00045740128428119447	0.014474995702200157
3.4276083026565254	0.1043752427743329	-0.000403636604694745	0.01089435422670958
3.536412269755059	0.0900616406205554	-0.0003538244110084465	0.0081112243029799
3.64867004551872	0.077282560892768	-0.0003081026872735591	0.005972689145410299
3.7644912656033904	0.06594278089124439	-0.0002665075994115712	0.00434852137797121
3.883989045874252	0.0559420404437249	-0.0002289899941717954	0.0031295643254247835
4.007280092879489	0.04717719883623763	-0.0001954310971752707	0.0022257262833476443
4.1344848178308045	0.039544181005999886	-0.00016565715319040927	0.0015637696937276853
4.265727454202061	0.03293969853119107	-0.00013945282527490612	0.001085043186416228
4.401136179060907	0.027262737743431287	-0.00011657323488789564	0.0007432704585862051
4.540843238251881	0.02241581336229269	-9.675458184023696e-05	0.0005024780501422466
4.684985075553256	0.01830599136135097	-7.972333051176563e-05	0.00033511567553128426
4.833702465933757	0.0148456893327306	-6.520398768483417e-05	0.00022039874332396115
4.98714065303931	0.011953266429170334	-5.292552805672116e-05	0.00014288337943825058
5.145449491044078	0.009553418069526082	-4.2626547066856464e-05	9.12696138336623e-05
5.308783591004341	0.007577393021377284	-3.4059237943276465e-05	5.741804503210644e-05
5.47730247185814	0.005963052265978989	-2.6992301901639296e-05	3.5558720911159105e-05
5.651170716218175	0.0046547902289294125	-2.1212907894592147e-05	2.1667522062798076e-05
5.8305581311100845	0.0036033395668557903	-1.652782210123749e-05	1.2984329202971884e-05
6.01563991381312	0.0027654807580162625	-1.2763827879490147e-05	7.648046738260338e-06
6.206596822965156	0.0021036772976475897	-9.767554766537745e-06	4.425553577763983e-06
6.403615355099174	0.0015856563841902284	-7.40483060165773e-06	2.5143610002394685e-06
6.6068879267836	0.0011839536557858605	-5.55966432612828e-06	1.401777168916123e-06
6.816613062544392	0.0008754388586265558	-4.132958785389742e-06	7.664102765416886e-07
7.032995588752446	0.0006408373728275846	-3.041043236119433e-06	4.106817863565246e-07
7.256246833665605	0.00046426036815675376	-2.2141045866885662e-06	2.1554259170016533e-07
7.486584833820727	0.0003327540970414229	-1.5945850384815557e-06	1.1072783179929764e-07
7.724234546977299	0.00023587654272129536	-1.1356021314251584e-06	5.563903299835197e-08
7.969428071820646	0.00016530740971083707	-7.994356165826314e-07	2.7327178802611612e-08
8.222404874639238	0.00011449534748456294	-5.561144515235576e-07	1.3109493858894008e-08
8.48341202319752	7.834440008179897e-05	-3.821268731104301e-07	6.137991045124136e-09
8.752704428032665	5.2940023100606976e-05	-2.5926722225817945e-07	2.8027132653853376e-09
9.030545091410904	3.531363766118297e-05	-1.736251782411379e-07	1.2470831505678394e-09
9.317205364186583	2.3243611081613727e-05	-1.1471643966281921e-07	5.402786159748454e-10
9.612965210814783	1.508976908196311e-05	-7.474868758737216e-08	2.2770671831326582e-10
9.918113482776375	9.658035437803216e-06	-4.8012865357831836e-08	9.327995375310263e-11
10.23294820068249	6.091518763502507e-06	-3.0387375708074535e-08	3.710752423870553e-11
10.557776845333963	3.784339124238559e-06	-1.8941299594037216e-08	1.4321581380072976e-11
10.89291665801999	2.3145938999725724e-06	-1.162247172649798e-08	5.3574800036392755e-12
11.238694950349284	1.3930331663942789e-06	-7.016995702762869e-09	1.940590640903163e-12
11.595449423916328	8.245614737030591e-07	-4.166343784437212e-09	6.799189823358907e-13
11.963528500114938	4.79807437312897e-07	-2.4312484453905193e-09	2.302210878697728e-13
12.343291660421215	2.7423237167045745e-07	-1.3941586119870695e-09	7.52053373502393e-14
12.73510979747824	1.5384639620939774e-07	-7.855006838857027e-10	2.3669330637943376e-14
13.139365577325409	8.483951006331032e-08	-4.3329173259648356e-10	7.19793020950807e-15
13.556453813126131	4.5489969579855164e-08	-2.361257378922981e-10	2.0693930877402434e-15
13.98678185075896	2.3831650776875378e-08	-1.2791054322121259e-10	5.67963939858012e-16
14.430769966648654	1.2009086569089934e-08	-6.670423740465401e-11	1.4422260967918398e-16
14.888851778225794	5.97948573648532e-09	-3.321293703976398e-11	3.5755352772018197e-17
15.361474667415754	2.912086858788737e-09	-1.6175129728150303e-11	8.480511507951777e-18
15.849100217570674	1.3862012472270743e-09	-7.69962782378955e-12	1.9216131820825215e-18
16.352204664271138	6.444880490921878e-10	-3.579796313714596e-12	4.1537766036430193e-19
