r	P	Q	rho
0.00010366072306285332	-1.9257485773608068e-07	-1.5276886168991771e-06	2.3709175860353923e-12
0.00010695126763668912	-2.049089868202953e-07	-1.623179979806274e-06	2.676700939723616e-12
0.00011034626530782614	-2.1804206965769101e-07	-1.724635546084038e-06	3.021910110957197e-12
0.00011384903177349655	-2.320267007890168e-07	-1.8324273773417207e-06	3.411626483110493e-12
0.00011746298798246096	-2.469190149755307e-07	-1.9469507019019198e-06	3.851586035592865e-12
0.0001211916634760504	-2.6277893258560985e-07	-2.0686253526310387e-06	4.348263616958722e-12
0.00012503869983526478	-2.7967042266109557e-07	-2.1978972955277725e-06	4.9089680669997316e-12
0.00012900785423729358	-2.976617847973868e-07	-2.3352402500021995e-06	5.541949563359101e-12
0.00013310300312493282	-3.168259516499059e-07	-2.481157410928284e-06	6.2565207814432145e-12
0.00013732814599248192	-3.372408131348693e-07	-2.636183276677143e-06	7.0631936342761056e-12
0.00014168740929181755	-3.589895643509878e-07	-2.800885589850132e-06	7.973833594743035e-12
0.00014618505046245982	-3.821610788062912e-07	-2.9758673977315967e-06	9.001833859036213e-12
0.00015082546208956658	-4.0685030896880476e-07	-3.161769239740951e-06	1.0162311899280082e-11
0.00015561317619391618	-4.331587161964187e-07	-3.35927146965208e-06	1.1472331280235377e-11
0.0001605528686580693	-4.611947323038874e-07	-3.5690967208101326e-06	1.2951151983602496e-11
0.00016564936379303232	-4.910742551960927e-07	-3.792012523069393e-06	1.46205128992315e-11
0.00017090763904988162	-5.229211811935039e-07	-4.028834080701411e-06	1.6504950611561994e-11
0.00017633282988095155	-5.568679768865091e-07	-4.280427221077566e-06	1.863215913862349e-11
0.00018193023475533257	-5.930562935841996e-07	-4.547711524518028e-06	2.1033395877593913e-11
0.0001877053203335785	-6.316376276711267e-07	-4.83166364632113e-06	2.3743939683871206e-11
0.0001936637268066769	-6.727740304543408e-07	-5.13332084264547e-06	2.6803607769592177e-11
0.0001998112734044961	-7.166388713743866e-07	-5.453784712613595e-06	3.02573389635025e-11
0.0002061539640790897	-7.634176587698802e-07	-5.794225169743045e-06	3.4155851839405506e-11
0.0002126979933684076	-8.133089227279147e-07	-6.155884656590001e-06	3.855638730902903e-11
0.0002194497524461424	-8.665251649241792e-07	-6.5400826173151846e-06	4.3523546502755116e-11
0.0002264158353636175	-9.232938807598222e-07	-6.948220243753429e-06	4.913023614595349e-11
0.00023360304548981456	-9.83858659539516e-07	-7.381785511489973e-06	5.545873519959417e-11
0.0002410184021558292	-1.048480368909841e-06	-7.842358523420874e-06	6.260189829386135e-11
0.00024866914751024423	-1.1174384302922712e-06	-8.33161717930455e-06	7.066451346797677e-11
0.0002565627535921164	-1.1910321926042227e-06	-8.851343190899638e-06	7.9764833966905e-11
0.00026470692962848283	-1.2695824121687082e-06	-9.403428463433742e-06	9.003630636820397e-11
0.000273109629563516	-1.3534328473722465e-06	-9.989881865361927e-06	1.0162952015623326e-10
0.00028177905982667965	-1.4429519773464364e-06	-1.061283640965598e-05	1.1471440706704763e-10
0.000290723687347472	-1.5385348547259163e-06	-1.1274556871219152e-05	1.2948272214156148e-10
0.00029995224782458456	-1.6406051033797382e-06	-1.1977447866450176e-05	1.4615084249876754e-10
0.00030947375425755214	-1.749617072930324e-06	-1.2724062422488149e-05	1.6496292443326425e-10
0.0003192975057492268	-1.8660581628705797e-06	-1.3517111065260927e-05	1.8619446461781533e-10
0.0003294330965876716	-1.99045133017234e-06	-1.4359471457137692e-05	2.1015631702613693e-10
0.00033989042561634525	-2.123357795455706e-06	-1.525419861675579e-05	2.371992237669568e-10
0.00035067970590172835	-2.265379964067232e-06	-1.6204535755457216e-05	2.6771892543148863e-10
0.0003618114747078324	-2.4171645798043483e-06	-1.7213925766735958e-05	3.0216192490855685e-10
0.0003732966037873344	-2.579406130533552e-06	-1.8286023407168254e-05	3.4103198803373935e-10
0.0003851463099993869	-2.7528505265914397e-06	-1.9424708209479063e-05	3.8489747504515807e-10
0.0003973721662644731	-2.938299074642169e-06	-2.063409817069436e-05	4.3439960876989546e-10
0.00040998611286700745	-3.1366127716049035e-06	-2.191856426074572e-05	4.902617989314345e-10
0.000423000469116718	-3.348716945374023e-06	-2.3282745799436407e-05	5.533001571414088e-10
0.0004364279453802016	-3.575606271348148e-06	-2.473156675235228e-05	6.244353542337609e-10
0.00045028165549440145	-3.8183501962775785e-06	-2.6270252999111835e-05	7.047059908587574e-10
0.0004645751295741308	-4.078098803651197e-06	-2.7904350630304057e-05	7.952836739512917e-10
0.00047932232722615087	-4.3560891577922655e-06	-2.9639745332565088e-05	8.974900161299492e-10
0.0004945376511827087	-4.653652167038943e-06	-3.148268292450222e-05	1.01281580261653e-09
0.0005102359613678506	-4.972220009871987e-06	-3.343979110959209e-05	1.1429426012797257e-09
0.0005264325894102466	-5.313334171644088e-06	-3.551810251576461e-05	1.289767126339925e-09
0.000543143353616704	-5.678654143688823e-06	-3.772507909514253e-05	1.455428705618394e-09
0.0005603845744209881	-6.0699668410718655e-06	-4.006863796134332e-05	1.642340245528915e-09
0.0005781730903230449	-6.489196800124104e-06	-4.25571787458726e-05	1.8532231379188916e-09
0.0005965262743341847	-6.938417222200049e-06	-4.519961255945184e-05	2.0911466090738784e-09
0.0006154620509442963	-7.419861935872835e-06	-4.8005392648633834e-05	2.359572074496922e-09
0.0006349989136276545	-7.935938356049344e-06	-5.098454684277256e-05	2.6624031343538845e-09
0.0006551559429044247	-8.489241525309792e-06	-5.414771189133676e-05	3.004041924742257e-09
0.0006759528249754988	-9.082569330192857e-06	-5.750616979669117e-05	3.3894526303236357e-09
0.0006974098709488656	-9.718938993212242e-06	-6.107188625282387e-05	3.824233065631639e-09
0.000719548036676292	-1.0401604950158997e-05	-6.485755130607472e-05	4.314695346959286e-09
0.0007423889432196869	-1.113407823177774e-05	-6.887662235972321e-05	4.867956805755271e-09
0.0007659548979671376	-1.192014747926898e-05	-7.314336965032802e-05	5.492042439732049e-09
0.0007902689164192419	-1.276390173433686e-05	-7.767292432997574e-05	6.196000361453945e-09
0.0008153547446670123	-1.366975515674836e-05	-8.248132929509717e-05	6.990031888331703e-09
0.000841236882583304	-1.4642473835680854e-05	-8.75855929092435e-05	7.885638125292323e-09
0.0008679406077504206	-1.5687204875600853e-05	-9.300374577418448e-05	8.895785124838212e-09
0.0008954920001472611	-1.6809507953135975e-05	-9.875490071089181e-05	1.0035089972044643e-08
0.0009239179676201223	-1.8015389558481792e-05	-0.0001048593161194012	1.1320030437972367e-08
0.0009532462721620304	-1.931134015343969e-05	-0.0001113384628942011	1.2769181178165247e-08
0.0009835055570262703	-2.070437449833684e-05	-0.00011821509507966736	1.4403479828062174e-08
0.0010147253747005874	-2.2202075421968745e-05	-0.00012551332445814197	1.624652676957761e-08
0.0010469362157693876	-2.3812641332474494e-05	-0.00013325869927152854	1.8324922818768753e-08
0.0010801695386921236	-2.5544937792861875e-05	-0.0001414782872857338	2.066864962014581e-08
0.0011144578005269454	-2.7408553512913576e-05	-0.00015020076341590495	2.33114981363909e-08
0.001149834488629626	-2.941386113960932e-05	-0.00015945650213917536	2.6291551301601057e-08
0.0011863341533587188	-3.157208326118943e-05	-0.00016927767493051289	2.9651727671331866e-08
0.0012239924418188874	-3.3895364075775495e-05	-0.00017969835296623588	3.344039376460727e-08
0.001262846132675366	-3.639684721428144e-05	-0.00019075461534878696	3.771205376400342e-08
0.0013029331720735462	-3.9090760249440265e-05	-0.0002024846631153966	4.252812633383488e-08
0.0013442927106987752	-4.199250646840176e-05	-0.00021492893930228328	4.795781954910333e-08
0.0013869651420125597	-4.5118764535809055e-05	-0.0002281302553449684	5.4079116316998264e-08
0.0014309921417025152	-4.8487596727841976e-05	-0.00024213392410408235	6.097988423848334e-08
0.0014764167083845918	-5.211856647574886e-05	-0.00025698789981462843	6.875912562262055e-08
0.0015232832055973276	-5.603286602022864e-05	-0.0002727429252649879	7.752838535654368e-08
0.0015716374051291432	-6.025345504604314e-05	-0.0002894526865199014	8.741333657857385e-08
0.0016215265317209898	-6.480521123984048e-05	-0.000307173975509162	9.85555666339436e-08
0.0016729993091880158	-6.971509379378024e-05	-0.0003259668608106949	1.1111458864945449e-07
0.0017261060080052883	-7.501232096362825e-05	-0.00034589486696296487	1.2527010728767756e-07
0.0017808984944040495	-8.072856288302032e-05	-0.0003670251626471126	1.4122457088129723e-07
0.001837430281026456	-8.689815093609872e-05	-0.000389428758083734	1.5920604625875243e-07
0.0018957565791882687	-9.355830509925448e-05	-0.0004131807119926255	1.7947145721577815e-07
0.0019559343528005478	-0.00010074938077984576	-0.0004383603484659431	2.0231023283470543e-07
0.0020180223740029887	-0.00010851513680613188	-0.0004650514841058716	2.280484177851273e-07
0.002082081280563272	-0.0001169030263589118	-0.0004933426657768736	2.5705330344770446e-07
0.002148173635098446	-0.00012596451278218689	-0.0005233274193196247	2.89738646292192e-07
0.0022163639861762043	-0.0001357554123682994	-0.0005551045095686214	3.265705485307067e-07
0.002286718931355731	-0.0001463362663832038	-0.000588778212007862	3.6807408579415086e-07
0.002359307182229669	-0.00015777274478060723	-0.000624458596388666	4.148407775993095e-07
0.002434199631530745	-0.00017013608425050768	-0.0006622618226202705	4.675370088644185e-07
0.0025114694223685907	-0.0001835035634590406	-0.000702310449226961	5.269135248955419e-07
0.002591192019664373	-0.00019795901856342529	-0.0007447337546447845	5.938161383379126e-07
0.0026734452838530023	-0.00021359340232912112	-0.0007896680716059027	6.69197804832315e-07
0.002758309546924902	-0.0002305053904370328	-0.00083725713482894	7.541322448424947e-07
0.0028458676908816043	-0.00024880203884773846	-0.0008876524421987512	8.498293126761988e-07
0.002936205228681789	-0.0002685994963882656	-0.0009410136295783635	9.576523405122754e-07
0.003029410387756832	-0.0002900237770459445	-0.0009975088593488265	1.0791377157313927e-06
0.0031255741961774114	-0.0003132115967943558	-0.0010573152227187632	1.216016984559298e-06
0.0032247905715553507	-0.0003383112801393952	-0.0011206191557838604	1.3702418145792883e-06
0.0033271564127674968	-0.0003654837419600283	-0.0011876168692466695	1.5440121937563655e-06
0.003432771694591228	-0.00039490355062938833	-0.0012585147916281663	1.7398082950465849e-06
0.003541739565344023	-0.00042676007883844086	-0.0013335300257137311	1.960426494370257e-06
0.003654166447622433	-0.0004612587490074008	-0.0014128908178767132	2.2090200967762e-06
0.00377016214223886	-0.0004986223806602397	-0.0014968370398116332	2.4891454022473376e-06
0.0038898399354576384	-0.0005390926476557042	-0.0015856206820854069	2.804813830213428e-06
0.004013316709635153	-0.0005829316537148377	-0.0016795063587777457	3.160550922077597e-06
0.004140713057372059	-0.0006304236352605028	-0.0017787718223300523	3.561463155810443e-06
0.004272153399289076	-0.0006818768011890567	-0.0018837084875545844	4.0133136380850005e-06
0.004407766105541386	-0.0007376253198281208	-0.0019946219635712708	4.522607890012449e-06
0.004547683621190319	-0.0007980314639970307	-0.002111832592237159	5.096691115164363e-06
0.004692042595554758	-0.000863487925777409	-0.0022356759914117733	5.743858536538387e-06
0.0048409840156686	-0.0009344203133193341	-0.0023665036011595074	6.47348061624472e-06
0.004994653343974612	-0.001011289842752342	-0.0025046832307261757	7.29614523233497e-06
0.005153200660389153	-0.0010945962390379108	-0.0026505996038397807	8.22381918639154e-06
0.005316780808876531	-0.0011848808603885474	-0.002804654899574067	9.270031759019925e-06
0.005485553548676108	-0.0012827300616847627	-0.002967269285676202	1.0450083424867153e-05
0.005659683710329881	-0.0013887788131409055	-0.003138881440895739	1.1781283291828772e-05
0.005839341356662917	-0.0015037145912989722	-0.0033199490624594343	1.3283219349410712e-05
0.006024701948873831	-0.001628281560259979	-0.003510949354414569	1.497806620874675e-05
0.006215946517897569	-0.001763285061887929	-0.003712379492110675	1.6890935702921032e-05
0.00641326184120782	-0.00190959643453324	-0.003924757057605285	1.9050276504004557e-05
0.006616840625231727	-0.002068158180610516	-0.0041486204402623305	2.1488329817388612e-05
0.006826881693555075	-0.0022399895041179604	-0.004384529196261421	2.424164925142745e-05
0.007043590181101758	-0.002426192239888845	-0.004633064360151955	2.7351694150207095e-05
0.007267177734477151	-0.0026279571970035213	-0.004894828700967277	3.08655070410956e-05
0.007497862718671064	-0.002846570939345428	-0.005170446914761057	3.483648741108805e-05
0.007735870430322168	-0.003083423026735844	-0.005460565744740856	3.93252758144421e-05
0.007981433317752142	-0.0033400137404064065	-0.005765854019452979	4.440076435974567e-05
0.008234791207984466	-0.003617962316739221	-0.006087002598719624	5.0141251962164484e-05
0.008496191540969542	-0.003919015713192063	-0.0064247242162450875	5.663576541505235e-05
0.00876588961124497	-0.004245057930097312	-0.00677975320699501	6.398557037764119e-05
0.009044148817266869	-0.004598119911540627	-0.007152845106613848	7.230589984011605e-05
0.009331240918655899	-0.004980390047747529	-0.007544776109284642	8.172793156693493e-05
0.009627446301609097	-0.0053942253002868725	-0.007956342369556068	9.240105049184806e-05
0.0099330542527368	-0.0058421629698890525	-0.008388359132770081	0.0001044954371070701
0.01024836324159212	-0.006326933124717392	-0.008841659677825488	0.0001182050286231313
0.010573681212168805	-0.006851471704462421	-0.009317094055116253	0.00013375090614893182
0.010909325883652284	-0.007418934312583338	-0.009815527601596704	0.00015138516843213315
0.011255625060717566	-0.008032710705325883	-0.010337839214059672	0.00017139536089120697
0.011612916953677036	-0.00869643998172214	-0.01088491936087933	0.00019410953784854105
0.011981550508790843	-0.009414026473539571	-0.011457667811681666	0.00021990204612735002
0.012361885749062471	-0.010189656328002785	-0.012056991063677178	0.00024920012959239854
0.012754294125852314	-0.01102781476896324	-0.012683799442739311	0.00028249146688219784
0.013159158881652654	-0.011933304013935789	-0.01333900385675799	0.0003203327685796205
0.013576875424378392	-0.012911261814945754	-0.014023512178360538	0.0003633595754707026
0.014007851713538988	-0.01396718058032072	-0.01473822523379659	0.0004122974164054068
0.014452508658668858	-0.015106927022296266	-0.015484032374654288	0.00046797450263632727
0.014911280530405297	-0.016336762261459734	-0.016261806609140388	0.0005313361553805369
0.015384615384615384	-0.017663362303502093	-0.017072399269947254	0.0006034611846972743
0.015872975499986196	-0.019093838786355347	-0.01791663419627774	0.0006855804605225568
0.01637683782950553	-0.020635759876430716	-0.01879530140843977	0.0007790979407118058
0.016896694466274242	-0.022297171171212427	-0.019709150254593646	0.0008856144459964954
0.017433053124105022	-0.02408661644177813	-0.020658882010775505	0.0010069544975484803
0.01798643763337699	-0.026013158022791312	-0.021645141917272077	0.0011451965589375607
0.018557388452630472	-0.02808639662903558	-0.022668510636827004	0.0013027070500954401
0.019146463196401464	-0.03031649034653924	-0.023729495123061984	0.0014821785257272293
0.01975423717981141	-0.03271417251269603	-0.024828518890941467	0.0016866724335082737
0.020381303980444083	-0.03529076816346759	-0.02596591168514249	0.0019196668872082366
0.021028276018058404	-0.03805820868673052	-0.02714189854685557	0.0021851099051705307
0.02169578515270324	-0.04102904427911309	-0.02835658828488149	0.0024874785736157005
0.02238448330181848	-0.044216453759302075	-0.029609961362942555	0.0028318445949634496
0.02309504307692497	-0.04763425124388661	-0.030901857221933535	0.0032239466713304783
0.023828158440525125	-0.05129688914249605	-0.03223196106342821	0.003670270149691881
0.024584545383855894	-0.055219456877500704	-0.03359979012916096	0.004178134314569822
0.02536494262615582	-0.05941767468017125	-0.03500467952043782	0.004755787652727222
0.02617011233612924	-0.06390788176030933	-0.036445767611509375	0.005412511327881823
0.027000840876312285	-0.06870701809044105	-0.0379219811218606	0.006158730987086946
0.027857939571067497	-0.07383259898928024	-0.03943201992412958	0.007006136868808817
0.028742245498957267	-0.07930268163301335	-0.04097434167693488	0.007967811990045277
0.02965462231026992	-0.08513582256784967	-0.042547146385232736	0.009058367949830804
0.0305959610704968	-0.09135102524417885	-0.0441483610048868	0.01029408759258041
0.03156718113058426	-0.09796767654268777	-0.045775624222844494	0.011693073420163763
0.03256923102481038	-0.1050054712171808	-0.04742627155958659	0.013275400219585837
0.03360308939716335	-0.1124843231390582	-0.04909732095624319	0.015063269877132423
0.034669765957126286	-0.1204242621960602	-0.050785459024822455	0.017081165773827376
0.03577030246580186	-0.1288453156747831	-0.052487028156230325	0.019356003496007423
0.03690577375333997	-0.1377673729446319	-0.05419801469700272	0.021917273845161817
0.03807728876866193	-0.147210032262493	-0.05591403842173481	0.024797173291351463
0.03928599166250657	-0.1571924285349099	-0.0576303435438658	0.028030716085686747
0.040533062904855865	-0.1677330409105415	-0.05934179152252603	0.03165582123420033
0.041819720437831456	-0.178849479133007	-0.06104285593732236	0.0357133664471326
0.043147220865188095	-0.1905582476658841	-0.06272761971594204	0.040247200028720266
0.04451686067956556	-0.2028744867108426	-0.06438977501099113	0.04530410048415391
0.04592997752869778	-0.2158116893800238	-0.06602262603220913	0.05093367242124881
0.04738795152181586	-0.2293813944583172	-0.06761909514774797	0.05718816615224231
0.04889220657752059	-0.2435928544037389	-0.06917173257316149	0.06412220730373411
0.05044421181444113	-0.2584526784883103	-0.07067272996866583	0.07179242177900584
0.052045482986037984	-0.2739644512812757	-0.07211393826360137	0.080256940657737
0.05369758396095141	-0.2901283270246682	-0.07348689002128957	0.08957476914713391
0.055402128250341166	-0.3069406008513818	-0.07478282664701116	0.09980500361232421
0.05716078058370929	-0.3243932582509049	-0.07599273072594419	0.11100588112182416
0.058975258534744765	-0.3424735047000488	-0.07710736375582912	0.1232336469669081
0.0608473341987781	-0.3611632779469332	-0.07811730951004632	0.1365412273824621
0.062778835923484	-0.3804387460667601	-0.07901302322980912	0.15097669734876312
0.06477165009452246	-0.4002697950968386	-0.07978488679836573	0.16658153702829318
0.06682772297786219	-0.4206195108036572	-0.08042326999452161	0.18338867522531963
0.0689490626205856	-0.441443659932393	-0.08091859785652158	0.20142032437357169
0.071137740812032	-0.4626901771326633	-0.08126142410953165	0.2206856190633645
0.07339589510719388	-0.4842986646345431	-0.08144251051994653	0.24117807908659322
0.07572573091434294	-0.5061999126538819	-0.08145291193706254	0.2628729284338245
0.07812952364892434	-0.5283154494205027	-0.08128406666718048	0.2857243135903424
0.08060962095582291	-0.5505571306281759	-0.08092789169725126	0.30966247774009237
0.08316844500217181	-0.5728267789789386	-0.08037688214562728	0.33459096189883786
0.08580849484294245	-0.5950158853103436	-0.07962421416787009	0.36038391925350277
0.08853234886162663	-0.6170053835230683	-0.07866385038819763	0.3868836446543454
0.09134266728839395	-0.6386655121355038	-0.07749064676518301	0.41389843672739174
0.09424219479818442	-0.6598557757464946	-0.07610045963777554	0.44120092474308886
0.09723376319127297	-0.6804250199509037	-0.07449025153951817	0.4685270053496083
0.1003202941589248	-0.7002116332883543	-0.07265819422070442	0.4955755445797584
0.1035048021368414	-0.719043889577689	-0.07060376718654013	0.5220090070799431
0.1067903972491851	-0.7367404434654414	-0.06832784995098148	0.5474551761165791
0.1101802883460571	-0.7531109911675247	-0.06583280612778057	0.5715101233799893
0.1136777861373946	-0.7679571071873103	-0.06312255743912053	0.5937425757371569
0.1172863064263497	-0.7810732662362277	-0.06020264572411658	0.6136998057811126
0.121009373445306	-0.7922480576605538	-0.057080281079304414	0.6309151433550126
0.1248506232977914	-0.8012655973963017	-0.05376437436430061	0.6449171655216368
0.1288138075096502	-0.8079071398505628	-0.050265552459294094	0.655240572385555
0.13290279669294	-0.8119528891707721	-0.04659615486566272	0.661438695881029
0.1371215843261344	-0.8131840061519138	-0.042770210492887706	0.6630975187668816
0.1414742906543214	-0.8113848035926949	-0.0388033937674196	0.6598510028690255
0.145965166713208	-0.8063451192982138	-0.034712959523032945	0.6513974409748985
0.1505985984808599	-0.7978628521941475	-0.03051765647614128	0.6375164582681759
0.1553791111612316	-0.7857466432205354	-0.02623761944066707	0.6180862000062527
0.1603113736036709	-0.7698186788616304	-0.021894240781881173	0.5931001561036809
0.1654002028627131	-0.749917591383632	-0.017510021934068917	0.5626829947347597
0.1706505689026185	-0.725901426125456	-0.013108406101450004	0.5271047107614915
0.176067599451248	-0.6976506425382368	-0.00871359351672611	0.4867923457459894
0.1816565850080177	-0.6650711121052701	-0.004350340842003874	0.44233850962238247
0.1874229840108226	-0.6280970727958589	-4.374646231623271e-05	0.3945059347684795
0.193372428166976	-0.5866939963118512	0.004180976452700434	0.34422732587246846
0.1995107279533713	-0.5408613210779353	0.008298737148389735	0.2925998376764275
0.2058438782912377	-0.4906350007250255	0.012284812696270872	0.24087362055942824
0.2123780644010322	-0.4360898147666204	0.01611509948638084	0.19043402297464124
0.2191196678431848	-0.377341385356369	0.019766368568359637	0.14277723042904403
0.2260752727505991	-0.3145478415770471	0.02321652246699356	0.09947935155623955
0.2332516722589921	-0.2479110708412282	0.02644485090036414	0.06215922918478696
0.2406558751413564	-0.1776774959394243	0.029432282565488507	0.032435551820318896
0.2482951126530217	-0.1041383163703017	0.0321616298256285	0.011879159369481803
0.2561768455940022	-0.02762915419866026	0.03461782274386503	0.001961763813259005
0.2643087715955273	0.05147095178843188	0.03678812847932478	0.004002625275018386
0.2726988326378714	0.1327412540122285	0.038662351627829536	0.019115017950132904
0.2813552228068249	0.2157217479642496	0.0402330106909919	0.04815456769401269
0.2902863962963828	0.2999163983065711	0.04149548554897068	0.09167172129413062
0.2995010756654649	0.384797154800629	0.042448130649412816	0.14987069413828885
0.3090082603567333	0.4698087557440783	0.04309234866615617	0.22257721748736461
0.3188172354858259	0.5543742956844981	0.04343261967819233	0.30921725216779383
0.3289375809095899	0.6379015107031426	0.043476481513216085	0.40880854180212056
0.339379180582172	0.7197897092136135	0.0432344578143098	0.5199664438323156
0.3501522322081035	0.7994372499469656	0.042719931624504985	0.6409249091607696
0.3612672572018057	0.8762494427722539	0.04194896381776817	0.7695728015240699
0.3727351109632458	0.949646723584408	0.04094005748495904	0.9035049879214728
0.3845669934797753	1.0190729331381585	0.03971387133187201	1.0400868346309742
0.3967744602645086	1.0840035128860557	0.038292887163416	1.1765299611566191
0.4093694336419214	1.1439534199606072	0.036701038496703926	1.3099763932663058
0.4223642143916938	1.1984845595831213	0.03496330914150174	1.4375876725452723
0.4357714937621677	1.2472125372205447	0.03310531208587624	1.556635074688412
0.4496043658651529	1.289812545166838	0.031152860116726463	1.6645869023632092
0.4638763404641861	1.3260242188276083	0.029131540199104484	1.7591888755517409
0.4786013561687332	1.35565532625236	0.02706630367671909	1.8385339483911132
0.4937937940472205	1.3785841892787067	0.024981083815119584	1.9011184214778072
0.5094684916721894	1.3947607744626132	0.022898451107693008	1.9458819570426797
0.5256407576112929	1.4042064348159695	0.020839315159302124	1.9722299886348844
0.5423263863782852	1.4070123270705326	0.018822679948414574	1.9800379818088758
0.5595416738586069	1.4033365714373816	0.0168654569671998	1.9696379763723375
0.5773034332246308	1.393400259433737	0.014982338295618987	1.9417887534508096
0.5956290113561112	1.377482448316988	0.013185729227624628	1.8976317588766278
0.6145363057818759	1.355914306435662	0.011485737784797011	1.8386355285693636
0.6340437821593031	1.3290725912954713	0.009890216452581844	1.7665317693143376
0.6541704923086582	1.297372650868433	0.008404849862617636	1.6832464367225977
0.6749360928199006	1.2612611387585275	0.0070332809904239055	1.5908291271839479
0.6963608642501348	1.2212086259714083	0.005777267773467158	1.4913838849699015
0.7184657309304541	1.1777022773997596	0.004636861873746624	1.3870041546806167
0.7412722814015202	1.131238741275219	0.003610601569909835	1.2797141262056384
0.7648027894978382	1.0823173765104817	0.00269571139610452	1.1714181703564628
0.7890802361013185	1.0314339269298116	0.0018883022127789168	1.0638595113070988
0.8141283315853707	0.97907466932478	0.001183565514749758	0.958588608940755
0.8399715389714498	0.9257111887242419	0.0005759594860660817	0.8569415366585785
0.8666350978206689	0.8717957037275331	5.93819515815328e-05	0.7600277525640009
0.8941450488838151	0.8177570118970735	-0.0003726708074043843	0.6687266693903611
0.9225282595338392	0.7639970425153125	-0.0007269606228336031	0.5836920094438914
0.9518124500056596	0.7108880056157335	-0.0010103796960485728	0.5053627773954453
0.9820262204689088	0.6587701190874351	-0.0012298382774332615	0.4339795823046621
1.013199078960057	0.6079498911968374	-0.0013921671215345846	0.3696050083355407
1.0453614702012015	0.5586989333793031	-0.001504033840825812	0.3121467602769653
1.0785448053336593	0.5112532769367286	-0.0015718721787909133	0.26138238396068975
1.112781492595406	0.4658131666852932	-0.0016018232118113578	0.21698447209498264
1.1481049689723215	0.422543304118349	-0.0015996875372674294	0.17854540285546847
1.1845497328541548	0.3815735118909408	-0.0015708875819952911	0.14560081266458122
1.2221513777270974	0.3429997901860807	-0.0015204392495416217	0.11765116780320692
1.2609466269358784	0.3068857336952363	-0.001452932199825406	0.09418096455764079
1.3009733695493233	0.2732642755856213	-0.001372518112474428	0.07467524811730343
1.3422706973644078	0.2421397220520575	-0.0012829063208179142	0.058633290844075654
1.3848789430849509	0.2134900380601418	-0.0011873662184547346	0.04557940618945752
1.4288397197122231	0.1872693418913783	-0.001088735836492971	0.03507099175815161
1.474195961185952	0.1634105633449306	-0.0009894359719160532	0.026703991196250096
1.5209919643154088	0.1418282181602227	-0.000891489220350803	0.020116038219533727
1.5692734320415338	0.1224212496300871	-0.000796543235331293	0.014987596842117853
1.6190875180723434	0.1050758876595442	-0.0007058975048353836	0.011041440458728487
1.6704828729352246	0.08966847587042048	-0.0006205329098856119	0.008040820626016432
1.7235096914910792	0.07606821885791348	-0.0005411433123724725	0.00578666675629995
1.7782197619567333	0.06413980445449856	-0.0004681684145859551	0.004114133697125729
1.8346665164834832	0.05374585983649466	-0.00040182714343175833	0.002888778914617328
1.8929050833411776	0.044749205461682505	-0.00034215084049018173	0.0020026084566495232
1.9529923407587997	0.0370148770071168	-0.0002890155856431732	0.0013701846498607288
2.0149869724741323	0.030411892485707335	-0.00024217304683594592	0.000924941852346836
2.078949525046762	0.024814749291053224	-0.00020127932971488843	0.000615812295746397
2.144942466990387	0.020104643757287176	-0.00016592139576583582	0.00040422423051699906
2.213030249782193	0.016170413597390045	-0.00013564072200009767	0.00026150067431612156
2.2832793708088706	0.012909210980943702	-0.00010995398462126646	0.00016665981802925156
2.3557584383107515	0.010226920732115972	-8.837065849579052e-05	0.00010459771703426648
2.4305382383874994	0.008038343913743858	-7.040752867202214e-05	6.461993009571663e-05
2.507691804130785	0.00626717171620404	-5.560020524146357e-05	3.928053270321078e-05
2.5872944869514685	0.004845777961437018	-4.351181486546857e-05	2.3483457329581586e-05
2.669424030170951	0.0037148606057155168	-3.373910856123976e-05	1.3801327647343563e-05
2.754160644948564	0.0028229633987132134	-2.5916274367823688e-05	7.969794003751566e-06
2.8415870886191574	0.002125908413757283	-1.9716774811314967e-05	4.519875334892967e-06
2.9317887455173843	0.0015861686466169872	-1.4853543303870216e-05	2.516151603259445e-06
3.0248537103676254	0.0011722074714211447	-1.1077872262456e-05	1.3741930753094172e-06
3.120872874320998	0.0008578086539665005	-8.177311030084278e-06	7.359025552355021e-07
3.2199400137234657	0.0006214170784134656	-5.9728663068052645e-06	3.8619486047584616e-07
3.3221518817017555	0.0004455065637664757	-4.315764654055604e-06	1.9849472418356205e-07
3.4276083026565254	0.00031598733598851847	-3.0839986245593887e-06	9.985750755263715e-08
3.536412269755059	0.00022166205819291104	-2.178837910735891e-06	4.9138815376958737e-08
3.64867004551872	0.00015373594945723829	-1.52144698025692e-06	2.3637056956432258e-08
3.7644912656033904	0.00010538354913135216	-1.0497129233756306e-06	1.1106794324741616e-08
3.883989045874252	7.137217631513933e-05	-7.153531410706773e-07	5.094499282075776e-09
4.007280092879489	4.7740125453044255e-05	-4.813430236560614e-07	2.2793512693788263e-09
4.1344848178308045	3.1526128469221056e-05	-3.1967941481082833e-07	9.939989711860842e-10
4.265727454202061	2.054557186954164e-05	-2.0947656322777554e-07	4.221644038770425e-10
4.401136179060907	1.3208341795605812e-05	-1.3537713966255082e-07	1.7447861995949057e-10
4.540843238251881	8.37291520120598e-06	-8.625134372610448e-08	7.011314826088074e-11
4.684985075553256	5.231338281420118e-06	-5.415168839060551e-08	2.7369832620007145e-11
4.833702465933757	3.220025482637189e-06	-3.348822465778873e-08	1.0369685570023592e-11
4.98714065303931	1.9517076294887286e-06	-2.0389407128324018e-08	3.809578398927557e-12
5.145449491044078	1.164297080490286e-06	-1.2216612211028237e-08	1.3557369372521181e-12
5.308783591004341	6.832545476265714e-07	-7.199897438588366e-09	4.668886153755169e-13
5.47730247185814	3.942770689392882e-07	-4.170981859770325e-09	1.5547180418103075e-13
5.651170716218175	2.235104705967665e-07	-2.3752418000018673e-09	4.9962572239996504e-14
5.8305581311100845	1.2437049829344046e-07	-1.3294649429843146e-09	1.54697883227933e-14
6.01563991381312	6.809526613550112e-08	-7.280938039266318e-10	4.637495390652042e-15
6.206596822965156	3.619946445778458e-08	-3.958217507712801e-10	1.3105579018887929e-15
6.403615355099174	1.868921783187631e-08	-2.1401403939707767e-10	3.4933266517638256e-16
6.6068879267836	9.387168441320837e-09	-1.1273311905474252e-10	8.813164010186168e-17
6.816613062544392	4.70747901142925e-09	-5.653342593780961e-11	2.2163554671295173e-17
7.032995588752446	2.309549142329248e-09	-2.773601859309418e-11	5.3347865275611614e-18
7.256246833665605	1.1077685187113318e-09	-1.3303500526875449e-11	1.227328074174167e-18
7.486584833820727	5.190894487834465e-10	-6.233889696937301e-12	2.6949271721905593e-19
