r	P
0.0002348158831888997	0.0005378597098738563
0.0002499602065204871	0.0006091151466049941
0.0002660812547910224	0.0006897842161390035
0.0002832420213469544	0.0007811051623443312
0.000301509562256527	0.0008844779934074827
0.0003209552583328224	0.0010014853861515245
0.0003416550940558396	0.001133916244661286
0.0003636899544835013	0.0012837922405022628
0.0003871459413117756	0.0014533977001512917
0.000412114709318924	0.0016453132476448372
0.0004386938245085389	0.0018624536572339424
0.00046698714535082353	0.002108110422355196
0.0004971052286118206	0.0023859996038250197
0.0005291657613563788	0.0027003155821713797
0.0005632940208129156	0.00305579140674266
0.00059962336389691	0.0034577665079529685
0.000638295748305948	0.003912262618957557
0.0006794622872225102	0.004426068839345777
0.0007232838397920173	0.005006836866131112
0.0007699316396834352	0.005663187516306569
0.0008195879641885585	0.006404829770233429
0.0008724468464744897	0.007242693675619605
0.0009287148337724546	0.008189078566998357
0.0009886117944655987	0.00925781817423956
0.0010523717772294718	0.010464464314047616
0.0011202439255823126	0.011826490978380066
0.0011924934514187628	0.013363520750313603
0.0012694026713311064	0.015097575587292212
0.0013512721097674917	0.017053354109092863
0.0014384216733377402	0.019258537607189184
0.0015311919008553798	0.02174412704598073
0.0016299452940004562	0.024544813345367667
0.001735067733802727	0.0276993832071654
0.00184696998848017	0.03125116266131892
0.001966089318524724	0.035248500345554795
0.002092891185307159	0.03974529227469909
0.002227871069877502	0.04480154948062217
0.002371556409068004	0.05048400938399848
0.0025245086564640263	0.056866791063859806
0.0026873254762961258	0.06403209368467866
0.002860643078826024	0.07207093618287207
0.0030451387063520274	0.08108393485938915
0.0032415332795480314	0.09118211372140073
0.0034505942144767163	0.1024877402079
0.003673138421284489	0.115135176260466
0.003910035496295632	0.1292717314969908
0.004162211119978843	0.1450585014459887
0.004430650674063776	0.1626711693351487
0.004716403091941568	0.1823007447359487
0.0050205849573948585	0.2041542063893086
0.005344384867673185	0.2284550097309289
0.005689068077962562	0.2554434119743594
0.006055981445397624	0.2853765590990414
0.00644655869193514	0.3185282697737387
0.006862326006653721	0.3551884412210266
0.007304908009370807	0.3956619914642919
0.007776034098879917	0.4402672415531775
0.008277545210614001	0.4893336306065018
0.00881140101014067	0.5431986463497036
0.009379687550597971	0.6022038449260156
0.009984625423992368	0.6666898269862876
0.01062857843821026	0.7369900334877661
0.01131406285364866	0.8134232255729295
0.01204375721555738	0.8962845199269952
0.01282051282051282	0.98583486595796
0.013647364857921273	1.082288876082542
0.014527544270087516	1.1858009576170834
0.01546449037719206	1.296449746675694
0.016461864316509506	1.4142209134868462
0.017523563348382003	1.5389884968978589
0.018653736084848733	1.6704950353611856
0.01985679870043761	1.8083308934444955
0.021137452188463184	1.9519133367563115
0.02250070073026024	2.10046608232473
0.023951871249131056	2.253000241843852
0.025496634225414	2.4082977748727488
0.027141025854008648	2.5648987676237938
0.028891471630938567	2.721094036021677
0.03075481146111664	2.8749247005850305
0.03273832638542214	3.024190472474997
0.034849767031526216	3.16646839816048
0.037097383899637966	3.2991437054329498
0.03948995960151322	3.419454146260541
0.04203684317870095	3.5245488147428685
0.044747986634126165	3.611561809670067
0.04763398381975775	3.677700299683458
0.05070611183231509	3.7203455388044815
0.05397637507876872	3.7371641954643744
0.05745755218382134	3.7262260484587615
0.06116324592266157	3.6861227465639943
0.06510793637410361	3.6160810338169354
0.06930703750180983	3.5160627488933733
0.07377695738468885	3.386843179754715
0.07853516233182034	3.2300591751123267
0.08360024513243734	3.0482189630852687
0.0889919977076543	2.8446670596652326
0.09473148844782883	2.6235000602158967
0.100841144537755	2.3894324903036415
0.1073448395913752	2.1476160994199094
0.1142679869384453	1.903420690864977
0.1216376389276734	1.6621892919378534
0.1294825926343596	1.4289845339446166
0.1378335023855943	1.2083458229285993
0.1467229995427066	1.0040775984356087
0.1561858200090189	0.8190872786379466
0.1662589399611427	0.6552873142747947
0.1769817203341935	0.513569496402082
0.1883960606254992	0.3938520768572199
0.200546562617797	0.2951924505504955
0.2134807046616685	0.2159512850573165
0.2272490271982261	0.1539890866912835
0.2419053302469856	0.1068739392286544
0.2575068836306111	0.07207976072530291
0.2741146507579915	0.047157646236031726
0.2917935268400863	0.02986805596830907
0.3106125924693715	0.018267859041226672
0.3306453835537572	0.01075253088878588
0.3519701786597448	0.006059161906692724
0.3746703048876274	0.003239622709055027
0.3988344634739443	0.001614864537898878
0.4245570763934911	0.0007209606885052628
0.4519386553152376	0.0002555627602099449
0.481086194353859	3.065535775215734e-05
0.5121135881515632	-6.540879072027419e-05
0.5451420769238818	-9.60324177017422e-05
0.5803007202084457	-9.571814699671591e-05
0.6177269011679335	-8.248763627226294e-05
0.6575668634177654	-6.536055043852039e-05
0.6999762824762081	-4.860654413868091e-05
0.745120874069846	-3.404960258324065e-05
0.7931770416713831	-2.2276284177463586e-05
0.8443325658000475	-1.3261358652531872e-05
0.8987873377780494	-6.694929896408807e-06
0.956754140810268	-2.1574434251979497e-06
1.0184594814392478	7.853985273118034e-07
1.084144474624436	2.5325516848935606e-06
1.1540657859041257	3.4241670592436645e-06
1.2284966343216266	3.734343039051824e-06
1.3077278600346114	3.6734974357008255e-06
1.3920690607793538	3.39593062304234e-06
1.481849801630611	3.0095958551502262e-06
1.577420902784315	2.586151415025308e-06
1.6791558103951103	2.17015970313924e-06
1.7874520558253226	1.7868715624480169e-06
1.9027328090073925	1.448425258396768e-06
2.0254485319895834	1.1585327762339284e-06
2.156078739126224	9.15856260522978e-07
2.2951338707904703	7.163275961835609e-07
2.4431572879311534	5.546630914360833e-07
2.6007273952674987	4.2529575641238126e-07
2.768459901418129	3.229061906882052e-07
2.9470102247958825	2.426901972588705e-07
3.137076054669492	1.80462871923088e-07
3.3394000773995742	1.3266764349550142e-07
3.5547728785017174	9.633498063432717e-08
3.784036031876568	6.901845152921553e-08
4.0280853882781305	4.872424499075381e-08
4.287874575870065	3.3842777643768524e-08
4.56441872654845	2.3086429747688857e-08
4.858798442591738	1.5434817405846433e-08
5.17216401913763	1.0087621645552978e-08
5.505739938986332	6.424360592793e-09
5.860829657293705	3.970283092881202e-09
6.238820694850605	2.3675688046858284e-09
6.641190059850538	1.351115924414189e-09
7.0695100193312665	7.283120188435618e-10
7.525454242842419	3.62283576133219e-10
8.01080434234565	1.5819393293355955e-10
8.527456833902075	5.2208606237243216e-11
9.077430548349993	2.777573421189443e-12
9.662874519930272	-1.6096413032476405e-11
10.286076383684346	-1.991904484514912e-11
10.94947131443784	-1.7394098713155285e-11
11.655651542299132	-1.3019633938301707e-11
12.407376481854827	-8.839282838899889e-12
13.207583514642227	-5.579145781476756e-12
14.05939946703152	-3.279613295036135e-12
14.96615282836776	-1.9815305362891637e-12
