r	P
0.0002348158831888997	2.983212624710513e-07
0.0002499602065204871	3.5970255134079557e-07
0.0002660812547910224	4.3370238710807627e-07
0.0002832420213469544	5.22911726946811e-07
0.000301509562256527	6.30452643581025e-07
0.0003209552583328224	7.600869472304277e-07
0.0003416550940558396	9.163469516817763e-07
0.0003636899544835013	1.1046928787534883e-06
0.0003871459413117756	1.3317023019233638e-06
0.000412114709318924	1.605298117576334e-06
0.0004386938245085389	1.9350228370087226e-06
0.00046698714535082353	2.332368556703412e-06
0.0004971052286118206	2.8111738394114767e-06
0.0005291657613563788	3.388100984966933e-06
0.0005632940208129156	4.0832098598478575e-06
0.00059962336389691	4.9206476743424e-06
0.000638295748305948	5.9294779480918885e-06
0.0006794622872225102	7.14467651026244e-06
0.0007232838397920173	8.608327883759478e-06
0.0007699316396834352	1.03710619744898e-05
0.0008195879641885585	1.249377882871126e-05
0.0008724468464744897	1.504971857266898e-05
0.0009287148337724546	1.8126944790548773e-05
0.0009886117944655987	2.183132286084079e-05
0.0010523717772294718	2.629009054722127e-05
0.0011202439255823126	3.165613688519003e-05
0.0011924934514187628	3.811312765502695e-05
0.0012694026713311064	4.5881642109900735e-05
0.0013512721097674917	5.522651686266216e-05
0.0014384216733377402	6.646562977056524e-05
0.0015311919008553798	7.998040027118558e-05
0.0016299452940004562	9.622833404183568e-05
0.001735067733802727	0.00011575800037237274
0.00184696998848017	0.00013922690173565332
0.001966089318524724	0.00016742277839127036
0.002092891185307159	0.0002012889883649517
0.002227871069877502	0.00024195471693779928
0.002371556409068004	0.00029077090222605204
0.0025245086564640263	0.00034935291714427886
0.0026873254762961258	0.0004196312258661228
0.002860643078826024	0.000503911437878492
0.0030451387063520274	0.0006049454180829598
0.0032415332795480314	0.0007260153804398504
0.0034505942144767163	0.000871033198668127
0.003673138421284489	0.0010446575136292538
0.003910035496295632	0.001252431605971254
0.004162211119978843	0.0015009454364484551
0.004430650674063776	0.0017980257360565148
0.004716403091941568	0.0021529585531555985
0.0050205849573948585	0.002576749232303218
0.005344384867673185	0.0030824254037490856
0.005689068077962562	0.003685389193558421
0.006055981445397624	0.004403825506897801
0.00644655869193514	0.005259173869040539
0.006862326006653721	0.00627667189931766
0.007304908009370807	0.007485979000863624
0.007776034098879917	0.008921889218494027
0.008277545210614001	0.010625142377070436
0.00881140101014067	0.01264334247253104
0.009379687550597971	0.015031991733928367
0.009984625423992368	0.017855647667699787
0.01062857843821026	0.02118920856600712
0.01131406285364866	0.025119330208261157
0.01204375721555738	0.029745972574136328
0.01282051282051282	0.03518407004912794
0.013647364857921273	0.041565311540813527
0.014527544270087516	0.04904000781198077
0.01546449037719206	0.05777901183971161
0.016461864316509506	0.06797564379757982
0.017523563348382003	0.07984755503509777
0.018653736084848733	0.09363844496978212
0.01985679870043761	0.1096195210099905
0.021137452188463184	0.1280905645743082
0.02250070073026024	0.1493804363131927
0.023951871249131056	0.1738468214736949
0.025496634225414	0.2018749831381629
0.027141025854008648	0.233875258535725
0.028891471630938567	0.2702790041592981
0.03075481146111664	0.3115326721613744
0.03273832638542214	0.3580896873982737
0.034849767031526216	0.4103997963123981
0.037097383899637966	0.4688955811141915
0.03948995960151322	0.5339758815986508
0.04203684317870095	0.6059859489283393
0.044747986634126165	0.6851942773643614
0.04763398381975775	0.7717662272478278
0.05070611183231509	0.865734770346095
0.05397637507876872	0.9669689596915916
0.05745755218382134	1.0751410496809877
0.06116324592266157	1.1896935631041423
0.06510793637410361	1.3098080079286565
0.06930703750180983	1.4343773672837823
0.07377695738468885	1.5619848893795605
0.07853516233182034	1.6908920454970784
0.08360024513243734	1.819038745802965
0.0889919977076543	1.9440589351719235
0.09473148844782883	2.0633144589289585
0.100841144537755	2.173949519736504
0.1073448395913752	2.272967088289388
0.1142679869384453	2.3573272642356686
0.1216376389276734	2.424065844490477
0.1294825926343596	2.4704293420910526
0.1378335023855943	2.4940205716210007
0.1467229995427066	2.492946887391938
0.1561858200090189	2.4659614591443018
0.1662589399611427	2.4125868151997345
0.1769817203341935	2.333209452849657
0.1883960606254992	2.2291347396345103
0.200546562617797	2.1025927012469254
0.2134807046616685	1.956687695681274
0.2272490271982261	1.7952884905776187
0.2419053302469856	1.622859931698171
0.2575068836306111	1.4442431100651287
0.2741146507579915	1.2643973071540493
0.2917935268400863	1.0881232170658863
0.3106125924693715	0.9197918112892765
0.3306453835537572	0.7631053490910275
0.3519701786597448	0.6209153116750766
0.3746703048876274	0.495116049711255
0.3988344634739443	0.3866233505099531
0.4245570763934911	0.2954356773283011
0.4519386553152376	0.2207648586860236
0.481086194353859	0.1612147802229421
0.5121135881515632	0.1149826547159187
0.5451420769238818	0.08005805442692422
0.5803007202084457	0.05439930204912175
0.6177269011679335	0.036073534340933314
0.6575668634177654	0.02335410695914357
0.6999762824762081	0.014775615031197053
0.745120874069846	0.009151795138954102
0.7931770416713831	0.005564615026197081
0.8443325658000475	0.0033340205760668527
0.8987873377780494	0.001977422084024824
0.956754140810268	0.001166517530885836
1.0184594814392478	0.0006869634521369095
1.084144474624436	0.0004041819190331765
1.1540657859041257	0.00023661677259015465
1.2284966343216266	0.0001362698901880168
1.3077278600346114	7.544804464023274e-05
1.3920690607793538	3.8281784307604094e-05
1.481849801630611	1.5598418018042085e-05
1.577420902784315	1.9722280421044584e-06
1.6791558103951103	-5.909821480500996e-06
1.7874520558253226	-1.0135862860845227e-05
1.9027328090073925	-1.2053804476365242e-05
2.0254485319895834	-1.2544644272345825e-05
2.156078739126224	-1.218491521985906e-05
2.2951338707904703	-1.1348841644875398e-05
2.4431572879311534	-1.0275502356285069e-05
2.6007273952674987	-9.114144651483763e-06
2.768459901418129	-7.955032276393285e-06
2.9470102247958825	-6.850371107829156e-06
3.137076054669492	-5.828327722167857e-06
3.3394000773995742	-4.902239735010596e-06
3.5547728785017174	-4.076515045010481e-06
3.784036031876568	-3.3502963159060925e-06
4.0280853882781305	-2.7196609697854547e-06
4.287874575870065	-2.178899370686812e-06
4.56441872654845	-1.7212433598408794e-06
4.858798442591738	-1.3392903666894514e-06
5.17216401913763	-1.0252756648694732e-06
5.505739938986332	-7.712798611272159e-07
5.860829657293705	-5.694144985554694e-07
6.238820694850605	-4.120006596487181e-07
6.641190059850538	-2.917393733057592e-07
7.0695100193312665	-2.0186495580802518e-07
7.525454242842419	-1.3627041730920693e-07
8.01080434234565	-8.95956913416231e-08
8.527456833902075	-5.727316724486242e-08
9.077430548349993	-3.5529651361525725e-08
9.662874519930272	-2.13485110247184e-08
10.286076383684346	-1.2399608565869793e-08
10.94947131443784	-6.947159966750829e-09
11.655651542299132	-3.746567071571601e-09
12.407376481854827	-1.940590688089632e-09
13.207583514642227	-9.632629793686861e-10
14.05939946703152	-4.571985163673856e-10
14.96615282836776	-2.0704899154764523e-10
15.931386757115332	-8.92781892842515e-11
16.958872925826633	-3.659301592598364e-11
18.05262625903456	-1.4182334954231704e-11
19.216920621657334	-5.477813678057356e-12
