r	P	Q	rho
0.00011820959647518364	-0.0013413843593822973	0.0002928164288148208	1.885053460579321e-06
0.00012196197186639988	-0.0013797356462699867	0.00030120807609680694	1.9943967586939976e-06
0.0001258334604387491	-0.0014191731053755856	0.00030983861044979363	2.1100522675468416e-06
0.0001298278432504785	-0.001459726862658678	0.00031871473361648494	2.232381594991574e-06
0.0001339490213835081	-0.0015014278401847363	0.0003278433292509596	2.361766807816155e-06
0.00013820101975339083	-0.0015443077746724486	0.0003372314674834271	2.4986115655747957e-06
0.00014258799104021423	-0.001588399236313848	0.00034688640956855683	2.6433423150657798e-06
0.00014711421974428215	-0.001633735647865266	0.00035681561256627225	2.7964095484767846e-06
0.00015178412637053743	-0.001680351303955664	0.00036702673426030296	2.9582891283672833e-06
0.0001566022717458127	-0.0017282813906757074	0.0003775276380029552	3.1294836828120477e-06
0.00016157336147312526	-0.0017775620053680327	0.00038832639775526577	3.3105240741216028e-06
0.00016670225052736648	-0.0018282301766452565	0.0003994313031668107	3.5019709447458825e-06
0.00017199394799687418	-0.0018803238846043376	0.00041085086476019817	3.7044163440877493e-06
0.00017745362197551845	-0.0019338820812248203	0.00042259381919834314	3.918485440107085e-06
0.00018308660461007905	-0.0019889447109322483	0.0004346691346378951	4.144838319752221e-06
0.00018889839730784388	-0.0020455527313061324	0.0004470860161665527	4.384171882405657e-06
0.0001948946761095141	-0.0021037481339101238	0.00045985391132262807	4.637221830689047e-06
0.00020108129723266408	-0.002163573965219753	0.00047298251569476255	4.904764763129671e-06
0.00020746430279116877	-0.002225074347620769	0.0004864817785994005	5.187620373349228e-06
0.00021404992669618605	-0.0022882945004486037	0.0005003619088332906	5.486653760594619e-06
0.00022084460074445607	-0.002353280761036815	0.0005146333804979046	5.8027778565887115e-06
0.000227854960899864	-0.0024200806057395447	0.0005293069388922744	6.136955973836191e-06
0.00023508785377440047	-0.002488742670889935	0.0005443936064703187	6.490204480674128e-06
0.0002425503433148508	-0.00255931677365327	0.0005599046888582809	6.863595608508472e-06
0.00025024971770174127	-0.002631853932730131	0.0005758517809274019	7.258260396824317e-06
0.0002581934964672831	-0.0027064063888611847	0.0005922467729164434	7.67539178169858e-06
0.0002663894378392622	-0.002783027625081362	0.0006091018565981072	8.116247833677268e-06
0.0002748455463180508	-0.0028617723866669617	0.0006264295314828061	8.582155151003287e-06
0.0002835700804941381	-0.002942696700714881	0.0006442426110526026	9.074512414294122e-06
0.00029257156111381696	-0.003025857895288431	0.0006625542290174535	9.594794108868245e-06
0.00030185877940090147	-0.003111314618059239	0.0006813778455851725	1.0144554421003402e-05
0.000311440805642606	-0.0031991268543694507	0.0007007272537357458	1.0725431314475817e-05
0.00032132699804796803	-0.0032893559446328336	0.0007206165854898213	1.1339150793774371e-05
0.00033152701188746814	-0.0033820646009874327	0.0007410603181603033	1.1987531360404133e-05
0.00034205080892277186	-0.0034773169231061283	0.0007620732805750566	1.2672488668686699e-05
0.00035290866713580507	-0.003575178413064743	0.0007836706592577325	1.3396040387425583e-05
0.00036411119076666215	-0.003675715989160289	0.0008058680045526646	1.4160311273730295e-05
0.00037566932067015186	-0.003778997998564425	0.0008286812366786688	1.4967538465177216e-05
0.0003875943450010955	-0.003885094228689272	0.000852126651695379	1.5820076996324268e-05
0.00039989791023881306	-0.003994075917134333	0.000876220927364497	1.672040554538396e-05
0.0004125920325615633	-0.0041060157600743925	0.0009009811288869732	1.7671132416589738e-05
0.00042568910958204806	-0.004220987918938888	0.0009264247144957278	1.8675001763456538e-05
0.0004392019324554412	-0.004339068025223332	0.000952569540882	1.9734900057731648e-05
0.0004531436983717676	-0.004460333183262905	0.0009794338684318135	2.085386280834751e-05
0.00046752802344483303	-0.004584861970787312	0.0010070363662473538	2.2035081534116384e-05
0.00048236895601029247	-0.004712734437064288	0.0010353961169262567	2.3281910993237623e-05
0.0004976809903458439	-0.004844032098426968	0.0010645326210699103	2.4597876671912746e-05
0.0005134790808269489	-0.004978837930967258	0.0010944658014898584	2.5986682533469164e-05
0.0005297786565319036	-0.005117236360163866	0.001125216007079283	2.7452219028370572e-05
0.0005465956363105229	-0.005259313247199161	0.0011568040163142958	2.899857136432547e-05
0.0005639464443311592	-0.0054051558717040735	0.0011892510403473957	3.063002803438439e-05
0.0005818480261212332	-0.005554852910654304	0.0012225787256529715	3.235108959942384e-05
0.000600317865116948	-0.005708494413124454	0.0012568091561820738	3.41664777197362e-05
0.0006193739997383467	-0.005866171770589235	0.0012919648549809253	3.608114442856392e-05
0.00063903504100639	-0.006027977682442505	0.0013280687852247014	3.8100281638313126e-05
0.0006593201907192617	-0.006194006116385645	0.0013651443506150442	4.0229330867838956e-05
0.0006802492602056493	-0.006364352263316626	0.0014032153950865331	4.2473993176591314e-05
0.0007018426896733205	-0.00653911248632996	0.001442306201763936	4.484023928852311e-05
0.0007241215681718867	-0.006718384263415682	0.0014824414911084791	4.73343198854714e-05
0.0007471076541892562	-0.0069022661234223286	0.0015236464181876378	4.996277604619952e-05
0.0007708233969018845	-0.007090857574824844	0.0015659465689989846	5.273244980341056e-05
0.0007952919580995836	-0.007284259026813069	0.0016093679557745357	5.5650494786781585e-05
0.0008205372348062978	-0.0074825717021902915	0.0016539370111876733	5.872438691539533e-05
0.0008465838826189413	-0.007685897541543921	0.0016996805813802216	6.19619350978319e-05
0.0008734573397870867	-0.007894339098122007	0.0017466259177225	6.537129189259776e-05
0.0009011838520570304	-0.008107999422819598	0.0017948006672142336	6.89609640754756e-05
0.0009297904983044877	-0.008326981938648441	0.0018442328614290285	7.273982305375206e-05
0.000959305216980961	-0.008551390304031537	0.0018949509038997288	7.671711506007497e-05
0.0009897568333996026	-0.008781328264231253	0.0019469835558363585	8.090247105088387e-05
0.0010211750878872277	-0.009016899490185528	0.0020003599200624834	8.530591622590042e-05
0.001053590664829964	-0.009258207403991725	0.0020551094230497886	8.993787907603523e-05
0.001087035222640912	-0.009505354990241247	0.002111261794924292	9.480919985721112e-05
0.00112154142467908	-0.009758444592371017	0.0021688470473111192	9.993113837700529e-05
0.0011571429711497926	-0.010017577693159417	0.0022278954488779475	0.00010531538096961621
0.0011938746320177228	-0.0102828546784554	0.0022884374984302133	0.00011097404652245365
0.0012317722809647024	-0.010554374583189112	0.0023505038954039327	0.0001169196914045774
0.0012708729304254645	-0.010832234818671809	0.0024141255075945094	0.00012316531313326433
0.0013112147677355386	-0.011116530880151135	0.002479333335952202	0.00012972435260011768
0.0013528371924266091	-0.011407356033545944	0.002546158476267028	0.0001366106946623435
0.001395780854705749	-0.011704800980242118	0.0026146320775577727	0.00014383866688807092
0.0014400876951561194	-0.01200895349878831	0.002684785296971483	0.00015142303622689426
0.0014858009856979035	-0.0123198980622875	0.0027566492509913626	0.00015937900335814657
0.0015329653718494803	-0.012637715430237648	0.0028302549627423853	0.00016772219444979465
0.001581626916330112	-0.012962482213532404	0.002905633305175189	0.00017646865004028724
0.001631833144046728	-0.013294270411291012	0.0029828149399000053	0.00018563481073421837
0.0016836330885087452	-0.013633146918145983	0.003061830251433445	0.0001952374993803463
0.0017370773397162509	-0.013979173000577548	0.003142709276612047	0.0002052938993773797
0.0017922180935683212	-0.0143324037408462	0.00322548162891756	0.00021582152872910685
0.0018491092028397249	-0.014692887447039024	0.0033101764174500677	0.00022683820944599948
0.0019078062297758075	-0.015060665027712502	0.0033968221602762934	0.0002383620318655065
0.0019683665003569074	-0.015435769329584572	0.0034854466918718507	0.00025041131343802415
0.00203084916028532	-0.015818224436702704	0.003576077064367835	0.0002630045515001962
0.002095315232749467	-0.016208044929492894	0.0036687394423041393	0.0002761603695319784
0.0021618276780217102	-0.016605235102078116	0.0037634589905842105	0.00028989745636909633
0.002230451454947993	-0.017009788136243837	0.003860259755318844	0.0003042344978184359
0.0023012535843893733	-0.017421685230424686	0.003959164537240048	0.00031919010010093683
0.002374303214677416	-0.017840894682090064	0.004060194757360162	0.0003347827045251245
0.0024496716891473504	-0.018267370921919403	0.004163370314546465	0.00035103049277503324
0.00252743261581497	-0.018701053498180527	0.004268709434677394	0.00036795128217951396
0.0026076619392653077	-0.01914186600975857	0.004376228511043728	0.00038556241031642243
0.0026904380148233065	-0.01958971498632955	0.004485941935656384	0.0004038806082957051
0.00277584168507892	-0.02004448871423337	0.00459786192112245	0.00042292186206073674
0.0028639563588413754	-0.020506056006677476	0.004711998312752608	0.0004427012610483768
0.002954868092599724	-0.020974264916996194	0.004828358390566606	0.00046323283355609226
0.003048665674569213	-0.02144894139380393	0.004946946660869034	0.00048452936818031895
0.00314544071140559	-0.021929887877014807	0.005067764637075652	0.0005066022207152356
0.0032452877176720046	-0.02241688183385925	0.005190810609481205	0.0005294611059367114
0.003348304208145901	-0.022909674234211752	0.005316079403673273	0.000553113873743865
0.003454590793056036	-0.02340798796475595	0.0054435621273136075	0.0005775662691920824
0.0035642512763426615	-0.023911516181756097	0.005573245905028925	0.0006028216760283054
0.003677392757036804	-0.024419920602480487	0.005705113601177683	0.0006288808434337936
0.003794125733857672	-0.024932829735635792	0.005839143530288149	0.0006557415957935104
0.003914564213130347	-0.02544983705152434	0.0059753091549968685	0.0006833985254469304
0.004038825820129149	-0.0259704990930328	0.006113578771355402	0.000711842668534785
0.004167031913955406	-0.026494333529003575	0.006253915181417881	0.000741061164242452
0.004299307706061858	-0.02702081715203399	0.006396275353072629	0.0007710368979559786
0.004435782382539412	-0.02754938382329539	0.00654061006713854	0.0008017481290936038
0.004576589230285701	-0.02807942236757083	0.006686863551811589	0.0008331681046569834
0.004721865767178664	-0.02861027442237748	0.0068349731046192805	0.0008652646598646161
0.00487175387638228	-0.029141232245775008	0.006984868702121616	0.0008979998075880752
0.005026399944915615	-0.029671536488266887	0.007136472597686969	0.0009313293187120903
0.00518595500662054	-0.03020037393508242	0.007289698907770547	0.0009652022959847567
0.005350574889667707	-0.030726875226088687	0.007444453187232665	0.0009995607444165213
0.005520420368744896	-0.03125011256162659	0.007600631994354389	0.0010343391418279357
0.005695657322076312	-0.03176909740369991	0.0077581224463400145	0.0010694640137381773
0.005876456893426228	-0.0322827781831737	0.00791680176623972	0.0011048535174299323
0.006062995659245167	-0.03279003802496347	0.008076536822382449	0.0011404170407218498
0.006255455801121877	-0.03328969250462364	0.008237183661579208	0.0011760548217269826
0.006454025283709515	-0.033780487451275855	0.008398587037540905	0.0012116575966729555
0.006658898038299817	-0.0342610968134585	0.00856057993615339	0.0012471062837044482
0.006870274152224544	-0.03473012060623164	0.008722983099465996	0.0012822717114769648
0.00708836006426916	-0.03518608295973795	0.008885604550478862	0.001317014402277052
0.007313368766289621	-0.035627430291402355	0.00904823912105925	0.0013511844203606012
0.007545520011229162	-0.03605252962605123	0.009210667985578179	0.0013846212971778565
0.007785040527738243	-0.03645966709044624	0.009372658203136153	0.001417154046138984
0.008032164241607267	-0.03684704661105597	0.00953396227154059	0.0014486012805524906
0.008287132504228328	-0.03721278884632819	0.009694317696507929	0.0014787714493222348
0.00855019432830911	-0.0375549303872716	0.00985344657988954	0.0015074632058955525
0.008821606631069139	-0.037871423262801865	0.010011055231062785	0.0015344659267896798
0.009101634485155953	-0.038160134789044266	0.010166833805985528	0.0015595603967565566
0.009390551377526144	-0.03841884780460252	0.010320455978783562	0.0015825196782432215
0.009688639476544218	-0.03864526133668744	0.01047157865112448	0.0016031101832275551
0.00999618990756005	-0.03883699174593176	0.010619841705027147	0.0016210929657134057
0.01031350303723415	-0.03899157440068008	0.010764867805160934	0.0016362252531063604
0.010640888766888306	-0.03910646593450915	0.010906262257101368	0.0016482622343075984
0.010978666835168266	-0.03917904714367755	0.011043612928426127	0.0016569591215994089
0.011327167130313896	-0.03920662658409089	0.011176490239953997	0.0016620735021881294
0.011686730012341892	-0.0391864449301612	0.011304447234846188	0.0016633679935499778
0.012057706645455654	-0.03911568016059481	0.011427019733700163	0.0016606132144203233
0.012440459341006987	-0.03899145363861148	0.011543726584165538	0.0016535910803019585
0.012835361911344594	-0.03881083715632443	0.0116540700139953	0.0016420984286658377
0.013242800034894866	-0.03857086101493329	0.011757536096806425	0.0016259509745010067
0.013663171632831664	-0.03826852321393124	0.011853595340156	0.0016049875914633622
0.01409688725770282	-0.03790079982362705	0.011941703405834303	0.0015790749075035625
0.014544370494392988	-0.037464656615847344	0.012021301972526623	0.0015481121964580266
0.01500605837381443	-0.036957062027622486	0.012091819751192051	0.0015120365386088542
0.015482401799729744	-0.03637500153186944	0.01215267366363984	0.0014708282136184296
0.015973865989123405	-0.03571549348745806	0.012203270194841373	0.001424516278500963
0.016480930926552208	-0.0349756065384655	0.012243006929486938	0.0013731842714090159
0.017004091832918317	-0.03415247862876113	0.012271274283168246	0.0013169759690207323
0.017543859649122806	-0.03324333769318732	0.012287457438326953	0.0012561011112819848
0.01810076153507198	-0.03224552408036825	0.012290938494742	0.0011908409922991394
0.01867534138452385	-0.031156514754441717	0.012281098843819015	0.0011215538004553972
0.01926816035627765	-0.029973949313612296	0.012257321775278022	0.0010486795745577038
0.019879797422225023	-0.028695657852211575	0.012218995323994435	0.0009727446262989897
0.02051084993279832	-0.02731969067975812	0.012165515363716416	0.0008943652629024828
0.021161934200368084	-0.025844349895176102	0.012096288953141514	0.0008142506279421824
0.021833686101159565	-0.024268222796693856	0.012010737938370318	0.0007332044635341795
0.022526761696276165	-0.02259021708784537	0.011908302814047197	0.0006521255839870253
0.02324183787243624	-0.020809597817289603	0.011788446843531804	0.0005720068403001192
0.023979613003049054	-0.01892602596470499	0.01165066043620418	0.0004939323474164208
0.024740807630275627	-0.016939598556687842	0.011494465777476308	0.0004190727427713149
0.02552616516874037	-0.014850890165281403	0.011319421704252037	0.00034867824641994396
0.026336452631581103	-0.012660995607411268	0.011125128815434373	0.0002840693009308956
0.027172461379546195	-0.010371573626060317	0.010911234803618062	0.00022662458442047602
0.02803500789387076	-0.0079848912934785	0.01067743999032236	0.0001777662137156039
0.028924934573686455	-0.005503868833132817	0.010423503043015417	0.00013894198782008244
0.029843110558743877	-0.002932124510558802	0.010149246847764816	0.00011160456572228374
0.03079043257825085	-0.0002740191939374166	0.009854564506631235	9.718752813400223e-05
0.03176782582665592	0.002465299866677292	0.009539425423924752	9.7078340851261e-05
0.03277624486723197	0.005279856546701284	0.009203881440194288	0.00011258831871889729
0.03381667456434289	0.008162805202148952	0.008848072967357842	0.00014491978400391862
0.03489013104530337	0.011106392491100864	0.008472235072751818	0.00019513072129434767
0.03599766269277152	0.01410192233814352	0.008076703454139906	0.0002640973523171467
0.03714035116864342	0.017139724776511673	0.007661920241944613	0.0003524751872084887
0.03831931247044944	0.020209129459937688	0.007228439559227653	0.00046065925198992863
0.03953569802128436	0.02329844469169425	0.0067769327643406405	0.0005887443427443295
0.040790695794335446	0.026394942870904988	0.006308193295797049	0.0007364863118154768
0.04208553147310699	0.02948485330465796	0.005823141033892505	0.0009032655458978021
0.043421469648474126	0.03255336337741958	0.005322826089044718	0.0010880539447565372
0.04479981505373556	0.035584629105208244	0.004808431922865193	0.0012893868461120628
0.046221913838870726	0.03856179612931608	0.00428127770474626	0.001505341459504094
0.04768915488524641	0.041467032221307154	0.0037428198043856606	0.0017335234613310273
0.04920297116205661	0.044281572375705965	0.0031946523193138164	0.0019710634555061826
0.050764841125820366	0.04698577755724822	0.002638506536269631	0.0022146250094011483
0.052376290164304486	0.04955920814374791	0.0020762492263174687	0.0024604259226851132
0.05403889208628125	0.0519807130614169	0.0015098796760295923	0.0027042742670094445
0.05575427065857611	0.054228535544694936	0.000941525360982528	0.0029416205373276154
0.05752410119190656	0.05628043636512842	0.0003734361733267087	0.003167626972024818
0.059350112177060856	0.05811383526140907	-0.00019202287763429003	0.0033772547215757272
0.06123408697301476	0.05970597116323071	-0.0007523805640108886	0.0035653690690576386
0.06317786554863467	0.06103408163311887	-0.00130506999850781	0.003726862328499223
0.06518334627966849	0.062075601750944606	-0.0018474409031747087	0.0038567933706326
0.06725248780277913	0.06280838243376431	-0.002376773622323666	0.003950541956797767
0.06938731092843117	0.06321092791750448	-0.0028902948979721253	0.004003975212789191
0.0715899006144993	0.06326265182576174	-0.0033851954080279757	0.004013622663978089
0.07386240800252561	0.06294415091397973	-0.0038586490473560896	0.003976855306752518
0.07620705251861477	0.06223749520442328	-0.004307833909813191	0.003892063242315147
0.0786261240410187	0.061126532819317674	-0.004729954905261164	0.003758825487916925
0.08112198513652771	0.05959720737772027	-0.005122267919411307	0.0035780647558612258
0.08369707336785268	0.0576378853486326	-0.005482105396055653	0.003352179307035579
0.08635390367425072	0.05523969025223917	-0.005806903190759783	0.0030851435038301827
0.08909507082772072	0.05239684007809072	-0.006094228512407127	0.00278256847133045
0.09192325196716648	0.049106983750270346	-0.006341808734135485	0.002451714391069673
0.09484120921300292	0.045371531923653154	-0.006547560818317608	0.0021014464617686453
0.09785179236475891	0.041195976852857925	-0.006709621061560075	0.0017421275236509364
0.100957941684311	0.03659019554908935	-0.0068263748256470295	0.0013854418035808256
0.1041626907674667	0.031568729944685	-0.006896485879567892	0.0010441462278075306
0.1074691695067015	0.026151037337891165	-0.006918924937122274	0.0007317482761333103
0.1108806071479428	0.020361704010311007	-0.006892996935256803	0.00046211239695297503
0.1144003354443879	0.014230614617456918	-0.006818366561725771	0.0002490005149606386
0.1180317919104331	0.007793069771047435	-0.006695081508651148	0.00010555605286389585
0.1217785231788953	0.0010898441829217836	-0.0065235929031343546	4.374502470887337e-05
0.1256441884648019	-0.0058328221526617995	-0.006304772349509307	7.377196864371933e-05
0.1296325631391342	-0.012923306977553452	-0.006039925012522219	0.00020349255739297327
0.1337475424160129	-0.020124769747960427	-0.005730798179085233	0.00043784840517782983
0.1379931451569279	-0.027375402639111007	-0.005379584760540652	0.0007783526018492872
0.1423735177957271	-0.03460877372818957	-0.004988921239528846	0.0012226565541032463
0.1468929383881976	-0.04175426636526956	-0.0045618796269985325	0.0017642295054331053
0.1515558207901947	-0.048737617375092954	-0.004101953076344944	0.0023921813664414984
0.1563667189683989	-0.05548155515151853	-0.003613034902934083	0.0030912569832408122
0.1613303314479104	-0.06190653693046115	-0.0030993908771627878	0.00384202553853199
0.1664515059010267	-0.06793158258398337	-0.002565624795388284	0.004621282342955263
0.1717352438816823	-0.07347520020391021	-0.0020166374820732597	0.00540267187173879
0.1771867057101763	-0.078456396581164	-0.0014575795337989884	0.006157530702598233
0.182811215512958	-0.08279576348592346	-0.000893798275956328	0.00685593732657508
0.1886142664223921	-0.08641662846636594	-0.00033077955983219	0.007467943090611131
0.1946015259415825	-0.08924625676418801	0.00022591482495144485	0.007964945383927507
0.2007788414794933	-0.09121708894615005	0.0007707132164539641	0.008321151314671867
0.2071522460617746	-0.09226799702168345	0.001298102609278354	0.008515068344777601
0.2137279642228679	-0.09234554020028976	0.0018026985479174383	0.008530948516937996
0.2205124180851481	-0.09140520007449392	0.0022793152336155367	0.008360105878592455
0.2275122336310374	-0.08941257392125158	0.002723034673104415	0.008002023293054206
0.2347342471742185	-0.0863445040149568	0.003129273708729053	0.007465165727533034
0.2421855120362648	-0.08219012034881601	0.003493847810415992	0.006767422855475208
0.2498733054352108	-0.07695177397287267	0.003813030576786072	0.00593611471975159
0.2578051355927884	-0.07064583827810826	0.0040836079800898335	0.00500751032015168
0.2659887490672717	-0.06330335598931021	0.0043029264911197225	0.0040258300558973165
0.2744321383190907	-0.054970510381832864	0.004468934328967311	0.0030417283856758173
0.2831435495166037	-0.04570890032413751	0.004580215189849953	0.0021102819400272703
0.2921314905896516	-0.03559560019496087	0.004636013913620156	0.001288539378246778
0.3014047395387592	-0.024722987568966296	0.004636253642038416	0.0006327209621685765
0.310972353008099	-0.013198323856754651	0.0045815441076723995	0.00019518629903832668
0.3208436751305898	-0.00114307588109765	0.004473180767133555	2.1315968645400708e-05
0.3310283466537699	0.011308030269642003	0.004313134560596198	0.00014647467831694914
0.3415363143553547	0.0240082277945354	0.004104032146792886	0.0005932380816962115
0.3523778407576783	0.03680020019447079	0.003849126536308295	0.0013690705094456408
0.3635635141505032	0.049517839511217056	0.0035522581342248205	0.0024646349677108154
0.3751042589319884	0.06198826062941455	0.0032178063140246055	0.0038528987333348026
0.3870113462779155	0.0740340539994451	0.00285063178470146	0.005489167253164703
0.3992964051495917	0.08547575223822221	0.002456010186282918	0.007312136206725074
0.411971433651182	0.09613447893728302	0.002039557555763765	0.009245997835566186
0.425048810747561	0.1058347409042587	0.0016071485418649215	0.011203575308707189
0.4385413083541298	0.1144073182848264	0.0011648285044989614	0.013090391302570469
0.4524621038104045	0.1216922008922164	0.0007187209004331886	0.014809508317724273
0.4668247927495595	0.1275415139596057	0.00027493161387595816	0.016266913370500603
0.4816434023764929	0.131822372767261	-0.00016054787929818115	0.01737716373761226
0.4969324051673842	0.134419603485279	-0.0005819364418151506	0.018068968451161946
0.5127067330041217	0.1352382673563595	-0.0009837561100333975	0.0182903567336342
0.5289817917574052	0.1342059271769982	-0.0013609196069867943	0.018013082991614422
0.5457734763327659	0.1312745989716292	-0.0017088103611990044	0.017235940368012615
0.5630981861941989	0.1264223377276064	-0.0020233530100177747	0.015986701433916117
0.5809728413805668	0.1196544138860785	-0.002301072611715366	0.014322473697585363
0.5994148990304217	0.1110040466704463	-0.002539141121621485	0.012328345614850132
0.6184423704313778	0.1005326708892146	-0.0027354100889019385	0.010114300384473602
0.6380738386106921	0.08832972511389788	-0.00288842898135528	0.007810483360677094
0.6583284764842281	0.07451196060641613	-0.002997449021111133	0.005561016974046269
0.6792260655815303	0.05922228155135651	-0.0030624128878656395	0.0035166570048439072
0.700787015365297	0.04262813757006725	-0.0030839310915646134	0.0018266687436700975
0.7230323831641176	0.024919498755504883	-0.00306324620906108	0.0006303648955629364
0.7459838947379435	0.0063064512693818105	-0.003002186498784068	4.8784451386568794e-05
0.7696639654963778	-0.01298354229468446	-0.0029031106392236206	0.0001770004219014336
0.7940957223905046	-0.03270866910635139	-0.0027688454729828055	0.0010775235399620431
0.8193030264996407	-0.052616027314606816	-0.0026026186774286103	0.0027752199543515507
0.8453104963350669	-0.07244506929946709	-0.0024079882318213267	0.00525408647312918
0.8721435318834996	-0.09193117365311536	-0.0021887704218417547	0.00845613140519878
0.8998283394137842	-0.1108092930472585	-0.0019489679334187687	0.012282497901638706
0.9283919570710368	-0.1288176260337155	-0.0016926993598508275	0.016596846008085017
0.9578622812832323	-0.145701261816721	-0.0014241312019683996	0.021230885844665096
0.988268094006026	-0.1612157478749524	-0.0011474132023147358	0.02599183391993707
1.0196390908324209	-0.175130530854358	-0.000866617640081157	0.03067145386346334
1.0520059099947288	-0.1872322213857969	-0.0005856830382473485	0.03505624774968135
1.085400162287156	-0.197327633532178	-0.00030836260684345246	0.03893829004290684
1.1198544619382294	-0.2052465496977636	-3.8177668734066485e-05	0.04212614762037093
1.1554024584632228	-0.2108441624021073	0.00022162371736625576	0.04445530993611829
1.1920788695276858	-0.2140031457650061	0.000468102717329142	0.04579756551747242
1.2299195148541728	-0.2146353123108397	0.0006986600192214108	0.04606880541659416
1.2689613512052875	-0.2126828151805644	0.0009110601888972813	0.045234809903797905
1.309242508477209	-0.2081188623347699	0.001103449782133608	0.043314678460940594
1.3508023269389484	-0.2009479179931687	0.0012743689149787283	0.04038168976192071
1.3936813956537075	-0.1912053773364057	0.0014227560344319955	0.0365615205570908
1.4379215921198614	-0.1789567131634798	0.0015479457150297871	0.032027901322212664
1.4835661231702808	-0.1642961072950097	0.0016496594352453146	0.026995932248545636
1.5306595671699388	-0.1473445944275632	0.0017279894552913848	0.02171341545458069
1.5792479175530143	-0.1282477611196656	0.0017833761155052045	0.016450668662576166
1.629378627742009	-0.1071730567958895	0.001816579088260664	0.011489364062558861
1.6811006574927525	-0.08430678625826385	0.0018286433299665576	0.007110978145624817
1.734464520710554	-0.059850863413364826	0.0018208606765592384	0.003585441384928692
1.7895223347842053	-0.034019413103872825	0.0017947281902579515	0.0011605415172088608
1.8463278714860056	-0.007035311600035547	0.0017519044838215745	5.256477863002887e-05
1.9049366094875368	0.02087324381006839	0.0016941653118996483	0.0004385625032586024
1.9654057885424587	0.049476049620551486	0.0016233597220116464	0.0024505147828423226
2.027794465389257	0.07854401632057924	0.0015413679997159943	0.006171538315077966
2.0921635714285336	0.1078520257620968	0.0014500625278350838	0.011634162142322624
2.1585759722311675	0.1371814707136797	0.0013512725158397508	0.018820581844580225
2.2270965289354727	0.1663224367443648	0.0012467533538533784	0.027664707358508577
2.297792161593309	0.195075502672624	0.0011381611190255927	0.038055747153709796
2.370731914527009	0.2232531520209865	0.001027032524446702	0.049843024683111976
2.445987023760968	0.2506808033905816	0.0009147703659555085	0.06284170199336984
2.5236309865937296	0.2771974816558807	0.0008026343030659058	0.07683908805818677
2.6037396333785368	0.3026561637428794	0.0006917366175135895	0.09160123195110464
2.686391201582436	0.3269238420193817	0.0005830424349925441	0.10687953841919463
2.771666412196271	0.3498813547102249	0.00047737377806036	0.12241719025958621
2.859648548570193	0.3714230361293771	0.0003754167429009383	0.13795521270529543
2.9504235377516745	0.3914562400024195	0.000277731060235871	0.15323806497137368
3.04408003440547	0.4099007869369347	0.00018476130696177385	0.1680186892682589
3.1407095073974856	0.4266883826007896	9.684907617537801e-05	0.18206298522622139
3.2404063291271097	0.4417620467986603	1.42454813824007e-05	0.1951537061946755
3.343267867695263	0.4550755860240604	-6.287653942129367e-05	0.2070937929486012
3.44939458199817	0.4665931335826087	-0.00013441055450807567	0.21770917037263526
3.558890119839735	0.4762887727910591	-0.00020030593015796285	0.22685103520927877
3.6718614191583376	0.4841462502752515	-0.00026055830607047445	0.23439765954621733
3.788418812466914	0.4901587786542848	-0.0003152013782444421	0.240255727643769
3.9086761346083194	0.4943289209981594	-0.00036430002801335126	0.24436121484971493
4.032750833931208	0.4966685438149873	-0.00040794476190425386	0.24667980883422874
4.160764086995032	0.4971988208204829	-0.0004462473722880795	0.24720686656199592
4.292840916916147	0.495950266661384	-0.0004793376864570775	0.24596689676611555
4.4291103154706395	0.4929627778199411	-0.0005073612467033122	0.24301255773138725
4.569705369073102	0.4882856572154292	-0.0005304777502267413	0.23842316444894712
4.7147633887544265	0.4819775992485579	-0.0005488600766454035	0.2323027074247872
4.8644260442655085	0.4741066132336037	-0.0005626937361719193	0.2247773973360786
5.018839502437876	0.464749865009605	-0.0005721765849439204	0.21599276441249046
5.178154569936356	0.4539934190816041	-0.0005775186697427041	0.20611035809721892
5.342526840543186	0.4419318665990534	-0.0005789420839854119	0.19530410988966015
5.512116847117443	0.4286678279977583	-0.0005766807350904475	0.18375643932098593
5.68709021837816	0.4143113227801625	-0.0005709799449273756	0.17165419820194555
5.867617840664299	0.3989790030900002	-0.0005620958217027029	0.15918456085840313
6.053876024829512	0.3827932518202279	-0.0005502943623459613	0.14653097646298963
6.246046678434721	0.3658811504664203	-0.0005358502594964721	0.13386930340213188
6.444317483406691	0.34837332690188	-0.0005190454059134797	0.12136424430481754
6.6488820793360635	0.3304026937674789	-0.0005001670969311983	0.10916619021593128
6.859940252593908	0.3121031013861655	-0.0004795059619699759	0.09740857582083066
7.077698131451493	0.2936079214336677	-0.00045735364717252577	0.08620582070095738
7.302368387393795	0.2750485890907835	-0.00043400029869195954	0.07565191471708994
7.5341704428234015	0.2565531311211245	-0.0004097318986926655	0.0658196769682817
7.773330685357639	0.2382447099720283	-0.0003848275158474601	0.05676068992187283
8.020082688928227	0.2202402151763356	-0.000359556536178829	0.04850588166182132
8.274667441899377	0.2026489338573481	-0.00033417594528101945	0.04106670206708225
8.537333582427145	0.1855713314457718	-0.0003089277325201011	0.03443681449090041
8.808337641289905	0.1690979721650886	-0.000284036486937977	0.02859420486707099
9.087944292427053	0.1533086062367593	-0.000259707251329402	0.023503596194114105
9.376426611430707	0.1382714470790256	-0.00023612369398818016	0.019119048831726642
9.674066342242783	0.1240426572744699	-0.00021344664987455248	0.015386626383183943
9.98115417231795	0.1106660567212337	-0.00019181307279602356	0.012247012902482209
10.297990016521208	0.09817306034661936	-0.00017133542780715084	0.009637979133649789
10.624883310037331	0.08658284634716355	-0.00015210154047139285	0.007496612416455146
10.96215331057826	0.075902749178943	-0.00013417490506217094	0.0057612453358266815
11.310129410183585	0.06612886492182715	-0.00011759543993487694	0.004373040604536756
11.669151456918629	0.057246850240076794	-0.00010238066375048572	0.0032772123442100904
12.039570086784344	0.04923289043550539	-8.852725350808809e-05	0.0024238853377090918
12.421747066163146	0.04205480710838245	-7.601293319167251e-05	0.0017686125788892672
12.816055645135148	0.035673272104771024	-6.479863228163701e-05	0.00127258654152378
13.222880922009848	0.0300430917572782	-5.4830845579735085e-05	0.0009025903687578642
13.642620219429316	0.02511452424455792	-4.604412164833651e-05	0.000630741448091626
14.075683472410155	0.020834593016503013	-3.836360487341048e-05	0.00043408173792949497
14.522493628703256	0.017148360936785886	-3.170755803746983e-05	0.00029406728818752085
14.983487061862307	0.014000132707173311	-2.5989796108839975e-05	0.0001960043912879657
15.459113997424536	0.011334557351009106	-2.112196916310489e-05	0.0001284726364808959
15.949838952619864	0.00909760764755826	-1.7015641432119437e-05	8.276675444096387e-05
16.45614119003794	0.0072374192600023505	-1.3584124462614832e-05	5.238042207349039e-05
16.978515185696082	0.00570497853498595	-1.0744034484398348e-05	3.254689551892744e-05
17.517471111965335	0.004454654265423235	-8.416556688739037e-06	1.9844015462879917e-05
18.073535335826207	0.003444574783438894	-6.528411558075543e-06	1.1865138058860575e-05
18.647250932940768	0.002636857296929993	-5.012530040558284e-06	6.953041529830357e-06
19.239178218043133	0.0019977011546956506	-3.8084546806693576e-06	3.99082440779939e-06
19.849895292166337	0.001497360533063866	-2.862492364615737e-06	2.2420967598398424e-06
20.479998607240088	0.001110014761656403	-2.1276508139479846e-06	1.2321372979931073e-06
21.13010354861077	0.0008135560988806518	-1.5633952059161864e-06	6.618759702304747e-07
21.80084503605256	0.00058931525890225	-1.135263323090487e-06	3.4729376319783865e-07
22.492878143856764	0.0004217444646385276	-8.143775422621227e-07	1.7786905666401963e-07
23.206878740604868	0.00029807641193328857	-5.768900631350778e-07	8.884988015316847e-08
23.943544149250148	0.00020797545335838553	-4.033943487112236e-07	4.325395192662657e-08
24.70359382815256	0.0001431947632424458	-2.783312360641963e-07	2.0504817688337078e-08
25.48777007373192	9.725043650825651e-05	-1.8941298337460397e-07	9.457683278324703e-09
26.296838745425827	6.512060469754182e-05	-1.2708306699629352e-07	4.240709306279423e-09
27.131590013660073	4.297490555025696e-05	-8.40241897624389e-08	1.8468495671179715e-09
27.992839131562267	2.793716234628446e-05	-5.4722022817530914e-08	7.804880344624355e-10
28.881427231172275	1.788197821611607e-05	-3.508790689975685e-08	3.1976637608286034e-10
29.798222144927056	1.1264273462964734e-05	-2.214013334853029e-08	1.2688434683395622e-10
30.744119253222255	6.9795545995219775e-06	-1.374082341110146e-08	4.8714371217936406e-11
31.720042358878302	4.251718623539624e-06	-8.383690964060195e-09	1.8077181540027857e-11
32.726944589364976	2.5449580077979275e-06	-5.025995306040009e-09	6.4768365220836125e-12
33.76580932766574	1.4960277827294668e-06	-2.9586726890559155e-09	2.2381078804425257e-12
34.83765117269083	8.630566828521639e-07	-1.7096248223879707e-09	7.448697606328138e-13
35.943516930177154	4.884791119375976e-07	-9.696473428756473e-10	2.386127830153135e-13
37.08448663504266	2.7113625463164533e-07	-5.383262208091944e-10	7.351515837079642e-14
38.26167460619385	1.4643560019363086e-07	-2.929729934907829e-10	2.144347083724382e-14
39.47623053481632	7.826188004986246e-08	-1.590093807026145e-10	6.124947152922212e-15
40.729340607211526	3.895112076664456e-08	-8.041951731202372e-11	1.5171962762764937e-15
42.02222866327599	1.8741153736205576e-08	-3.869348320849141e-11	3.5123234054973504e-16
43.35615739175483	8.810226165824505e-09	-1.8189826678160643e-11	7.762041596277334e-17
44.732429563436526	4.043635569663614e-09	-8.348597275191863e-12	1.6351058319325247e-17
46.152389303493614	1.810593099663303e-09	-3.738198548784583e-12	3.2782613466767572e-18
