r	P	Q	rho
0.00011820959647518364	2.422022170915518e-07	2.1688046178238467e-06	4.762375384258105e-12
0.00012196197186639988	2.57927568847548e-07	2.3053308981210853e-06	5.381077180603376e-12
0.0001258334604387491	2.746883913354266e-07	2.4504448750332678e-06	6.0801337979112515e-12
0.0001298278432504785	2.9255422316541826e-07	2.604686085197596e-06	6.869977575913899e-12
0.0001339490213835081	3.115993979205975e-07	2.7686279005013063e-06	7.762394636218751e-12
0.00013820101975339083	3.3190338607824705e-07	2.9428796432219495e-06	8.770700452180356e-12
0.00014258799104021423	3.5355116229274175e-07	3.128088835679164e-06	9.909938188259177e-12
0.00014711421974428215	3.766335999213475e-07	3.3249435857901426e-06	1.1197102717276724e-11
0.00015178412637053743	4.0124789524177275e-07	3.5341751236001487e-06	1.2651393677710078e-11
0.0001566022717458127	4.274980231644464e-07	3.7565604950533975e-06	1.4294501312805336e-11
0.00016157336147312526	4.5549522735274996e-07	3.9929254230739595e-06	1.615092933637149e-11
0.00016670225052736648	4.853585471902095e-07	4.244147346441862e-06	1.8248359617640087e-11
0.00017199394799687418	5.172153846069117e-07	4.511158647364483e-06	2.061806409576543e-11
0.00017745362197551845	5.512021138744013e-07	4.794950079371937e-06	2.3295370034008554e-11
0.00018308660461007905	5.874647377812866e-07	5.096574407863944e-06	2.6320185513030143e-11
0.00018889839730784388	6.261595938719889e-07	5.417150276381429e-06	2.9737592953897326e-11
0.0001948946761095141	6.674541147381913e-07	5.757866312469736e-06	3.359851946755477e-11
0.00020108129723266408	7.11527646683e-07	6.119985487839403e-06	3.796049396335915e-11
0.00020746430279116877	7.585723314373219e-07	6.504849748419423e-06	4.288850223153449e-11
0.00021404992669618605	8.087940559982321e-07	6.913884930839164e-06	4.845595266190295e-11
0.00022084460074445607	8.62413476083033e-07	7.348605982871821e-06	5.474576689522914e-11
0.000227854960899864	9.196671191532355e-07	7.81062250642732e-06	6.185161154796062e-11
0.00023508785377440047	9.808085734630664e-07	8.301644642799506e-06	6.98792892331004e-11
0.0002425503433148508	1.0461097701308476e-06	8.823489321054323e-06	7.894830944992288e-11
0.00025024971770174127	1.115862365822543e-06	9.378086891696621e-06	8.919366256767109e-11
0.0002581934964672831	1.1903792342791146e-06	9.967488169076371e-06	1.0076782312208038e-10
0.0002663894378392622	1.2699960756176411e-06	1.059387190739514e-05	1.1384301202238016e-10
0.0002748455463180508	1.3550731530953931e-06	1.125955273665406e-05	1.286137510797338e-10
0.0002835700804941381	1.445997167851657e-06	1.1966989586450445e-05	1.4529974757164839e-10
0.00029257156111381696	1.543183283039943e-06	1.2718794627185352e-05	1.6414915141357294e-10
0.00030185877940090147	1.6470773097397857e-06	1.351774275999439e-05	1.8544223298964041e-10
0.000311440805642606	1.7581580680995756e-06	1.4366781688563348e-05	2.0949553587926276e-10
0.00032132699804796803	1.8769399383175129e-06	1.526904260794434e-05	2.36666565695271e-10
0.00033152701188746814	2.003975617325047e-06	1.6227851547552526e-05	2.6735908412423623e-10
0.00034205080892277186	2.139859098405269e-06	1.7246741407703782e-05	3.0202908614523207e-10
0.00035290866713580507	2.2852288924674304e-06	1.8329464731356e-05	3.4119154842899145e-10
0.00036411119076666215	2.440771511318974e-06	1.948000725514716e-05	3.8542804823105227e-10
0.00037566932067015186	2.6072252350397982e-06	2.0702602286388453e-05	4.353953648546047e-10
0.0003875943450010955	2.7853841874828918e-06	2.2001745955377456e-05	4.91835190156848e-10
0.00039989791023881306	2.976102746014747e-06	2.338221339525114e-05	5.555850908158984e-10
0.0004125920325615633	3.180300313883467e-06	2.484907590460956e-05	6.275908833995346e-10
0.00042568910958204806	3.398966486078604e-06	2.6407719151314928e-05	7.089206039482108e-10
0.0004392019324554412	3.633166642242704e-06	2.806386247921599e-05	8.007802771026523e-10
0.0004531436983717676	3.884048003129813e-06	2.9823579383071968e-05	9.045317161090121e-10
0.00046752802344483303	4.1528461903022895e-06	3.1693319220662155e-05	1.0217126147031015e-09
0.00048236895601029247	4.440892332237436e-06	3.367993023497528e-05	1.1540592253393273e-09
0.0004976809903458439	4.7496207638051525e-06	3.579068396348568e-05	1.3035319559740803e-09
0.0005134790808269489	5.080577370204608e-06	3.803330111585031e-05	1.4723442601835758e-09
0.0005297786565319036	5.435428630941878e-06	4.0415979005911006e-05	1.6629952434083018e-09
0.0005465956363105229	5.815971424324544e-06	4.294742062866958e-05	1.878306462264433e-09
0.0005639464443311592	6.224143658278806e-06	4.5636865477929166e-05	2.1214634549294953e-09
0.0005818480261212332	6.662035799098765e-06	4.84941222055735e-05	2.3960626094775704e-09
0.000600317865116948	7.131903376058195e-06	5.1529603228996005e-05	2.7061640547031857e-09
0.0006193739997383467	7.63618054669858e-06	5.4754361399004315e-05	3.0563513455545516e-09
0.00063903504100639	8.177494815103052e-06	5.81801288466206e-05	3.4517988140604115e-09
0.0006593201907192617	8.758683003628938e-06	6.181935813358744e-05	3.898347568006802e-09
0.0006802492602056493	9.382808587460473e-06	6.568526583807928e-05	4.402591245208068e-09
0.0007018426896733205	1.0053180511022942e-05	6.979187871412427e-05	4.971972772834244e-09
0.0007241215681718867	1.0773373615838918e-05	7.415408257056728e-05	5.614893540948965e-09
0.0007471076541892562	1.1547250820883236e-05	7.878767402306435e-05	6.340836579485037e-09
0.0007708233969018845	1.237898720898792e-05	8.370941528059836e-05	7.1605055309399595e-09
0.0007952919580995836	1.3273096186451072e-05	8.89370921363558e-05	8.085981440045423e-09
0.0008205372348062978	1.4234457897812243e-05	9.448957534151396e-05	9.130899639864231e-09
0.0008465838826189413	1.526835009387666e-05	0.00010038688554955992	1.0310649304929625e-08
0.0008734573397870867	1.6380481668616477e-05	0.00010665026202821132	1.1642598570382014e-08
0.0009011838520570304	1.757702909967355e-05	0.0001133022353458308	1.3146348486332802e-08
0.0009297904983044877	1.886467604797004e-05	0.00012036670424943456	1.4844019494265703e-08
0.000959305216980961	2.025065639454669e-05	0.0001278690169619848	1.6760574583234346e-08
0.0009897568333996026	2.1742801017353127e-05	0.00013583605713763652	1.8924183814779465e-08
0.0010211750878872277	2.334958863748104e-05	0.00014429633472497165	2.136663550460064e-08
0.001053590664829964	2.5080201093447037e-05	0.0001532800820000027	2.4123800024815293e-08
0.001087035222640912	2.694458343379802e-05	0.00016281935504285422	2.723615295299192e-08
0.00112154142467908	2.8953509252747413e-05	0.00017294814094452718	3.0749365154216966e-08
0.0011571429711497926	3.1118651730990494e-05	0.0001837024710430098	3.471496835286253e-08
0.0011938746320177228	3.345266088454851e-05	0.00019512054050119823	3.919110584573634e-08
0.0012317722809647024	3.596924756872872e-05	0.00020724283455262124	4.4243379244065635e-08
0.0012708729304254645	3.868327483236033e-05	0.0002201122617547948	4.994580352656722e-08
0.0013112147677355386	4.1610857269696247e-05	0.00023377429460414155	5.6381884260382995e-08
0.0013528371924266091	4.47694690741055e-05	0.0002482771178807592	6.36458326243537e-08
0.001395780854705749	4.8178061559295305e-05	0.0002636717851058789	7.184393587653203e-08
0.0014400876951561194	5.1857190980700806e-05	0.00028001238350956027	8.109610317511394e-08
0.0014858009856979035	5.582915756229741e-05	0.00029735620792098363	9.153760922326307e-08
0.0015329653718494803	6.011815671289672e-05	0.0003157639440085511	1.033210611023918e-07
0.001581626916330112	6.475044350148416e-05	0.00033529986131182547	1.1661861692936829e-07
0.001631833144046728	6.975451155388814e-05	0.0003560320165220401	1.3162448867087173e-07
0.0016836330885087452	7.516128763361729e-05	0.00037803246748241	1.485577656295827e-07
0.0017370773397162509	8.10043432786896e-05	0.000401377498393656	1.6766559984676112e-07
0.0017922180935683212	8.732012498437535e-05	0.00042614785672390366	1.8922680001766367e-07
0.0018491092028397249	9.414820454969896e-05	0.0004524290023353037	2.1355588657405018e-07
0.0019078062297758075	0.00010153155134406436	0.0004803113693521851	2.4100766744730356e-07
0.0019683665003569074	0.00010951682840030124	0.0005098906413071384	2.719824017954659e-07
0.00203084916028532	0.00011815471440265455	0.0005412680401119358	3.0693162778218906e-07
0.002095315232749467	0.00012750025381368652	0.0005745506294094305	3.463647404773272e-07
0.0021618276780217102	0.0001376132375737289	0.000609851632870304	3.908564172700996e-07
0.002230451454947993	0.00014855861701146736	0.0006472907680044929	4.4105500103220613e-07
0.0023012535843893733	0.0001604069538255831	0.0006869945960610496	4.976919658526874e-07
0.002374303214677416	0.00017323490923631317	0.000729096888591758	5.615926067322961e-07
0.0024496716891473504	0.0001871257756635772	0.0007737390112527092	6.336881134520155e-07
0.00252743261581497	0.0002021700545662872	0.0008210703254138518	7.150292102385441e-07
0.0026076619392653077	0.00021846608437701512	0.0008712486081388793	8.068015672069596e-07
0.0026904380148233065	0.0002361207227888104	0.0009244404910862488	9.103432172900951e-07
0.00277584168507892	0.00025525008799819694	0.0009808219188661529	1.0271642439513693e-06
0.0028639563588413754	0.00027598036388184474	0.0010405786273673654	1.1589690409821059e-06
0.002954868092599724	0.0002984486744858117	0.0011039066425414874	1.3076814867495574e-06
0.003048665674569213	0.0003228040336373404	0.001171012800099595	1.4754734221296312e-06
0.00314544071140559	0.00034920837595179573	0.0012421152865369723	1.6647968748837156e-06
0.0032452877176720046	0.00037783767600334256	0.0013174442018547734	1.878420534408368e-06
0.003348304208145901	0.0004088831629593032	0.0013972421442923237	2.119471050738215e-06
0.003454590793056036	0.0004425526385468085	0.0014817648173194758	2.3914798117305613e-06
0.0035642512763426615	0.0004790719068283612	0.001571281659064112	2.69843594402343e-06
0.003677392757036804	0.0005186863249123117	0.0016660764942645313	3.044846388391831e-06
0.003794125733857672	0.0005616624844170417	0.0017664482087390771	3.435804020559018e-06
0.003914564213130347	0.0006082900342458794	0.0018727114462548087	3.87706492669663e-06
0.004038825820129149	0.0006588836560154187	0.001985197327552173	4.375136101484535e-06
0.004167031913955406	0.0007137852043149198	0.0021042541911422048	4.937375018838426e-06
0.004299307706061858	0.000773366024860611	0.002230248355335503	5.572102734885419e-06
0.004435782382539412	0.0008380294645477388	0.0023635649007866686	6.288732423680865e-06
0.004576589230285701	0.000908213588396571	0.0025046084726426388	7.097915523381468e-06
0.004721865767178664	0.0009843941194375998	0.0026538041011668328	8.011707989753229e-06
0.00487175387638228	0.0010670876186868565	0.0028115980394717187	9.043759521516e-06
0.005026399944915615	0.00115685492352524	0.002978458616728555	1.0209529045649167e-05
0.00518595500662054	0.0012543048640162883	0.0031548771049330743	1.1526530239125816e-05
0.005350574889667707	0.001360098277974636	0.003341368596987861	1.3014611426686197e-05
0.005520420368744896	0.0014749523469316146	0.0035384728935144334	1.4696274843855485e-05
0.005695657322076312	0.0015996452765335276	0.0037467553954286625	1.659704100390982e-05
0.005876456893426228	0.001735021346349666	0.003966807998900257	1.874586477242807e-05
0.006062995659245167	0.0018819963555577795	0.0041992499888689324	2.1175610751348496e-05
0.006255455801121877	0.002041563492510098	0.004444728926804348	2.392359672672136e-05
0.006454025283709515	0.002214799657757317	0.004703921527872538	2.703221526438464e-05
0.006658898038299817	0.002402872271714204	0.004977534522106328	3.0549645072933256e-05
0.006870274152224544	0.002607046599779776	0.005266305493569417	3.4530665525022716e-05
0.00708836006426916	0.002828693629366775	0.005571003690852187	3.903758977230886e-05
0.007313368766289621	0.0030692985349366586	0.005892430801539984	4.4141334247501465e-05
0.007545520011229162	0.00333046976876252	0.006231421682550799	4.992264506640531e-05
0.007785040527738243	0.003613948816735464	0.006588845037447764	5.647350497748368e-05
0.008032164241607267	0.0039216206600693705	0.006965604030992093	6.389874811805622e-05
0.008287132504228328	0.004255524985220856	0.007362636830313632	7.231791399492973e-05
0.00855019432830911	0.004617868185697866	0.007780917061139281	8.186737689280884e-05
0.008821606631069139	0.005011036200650345	0.008221454166534681	9.270279241665872e-05
0.009101634485155953	0.005437608236183951	0.008685293654582912	0.00010500190919655373
0.009390551377526144	0.005900371416171776	0.009173517220347536	0.00011896780104078972
0.009688639476544218	0.00640233640991412	0.009687242726348362	0.00013483258314490128
0.00999618990756005	0.006946754084260246	0.010227624024620744	0.00015286168549618581
0.01031350303723415	0.007537133227701396	0.010795850602237046	0.00017335876751794246
0.010640888766888306	0.008177259393406605	0.011393147030947914	0.0001966713704558538
0.010978666835168266	0.008871214907130266	0.01202077220035786	0.00022319741822138657
0.011327167130313896	0.009623400084294147	0.012680018312792444	0.00025339269359514433
0.011686730012341892	0.010438555698249403	0.013372209616752702	0.0002877794350998285
0.012057706645455654	0.011321786738660198	0.014098700854597747	0.0003269562207431372
0.012440459341006987	0.012278587495015852	0.014860875398861502	0.00037160932849324667
0.012835361911344594	0.013314867995358836	0.01566014305040963	0.00042252579009312405
0.013242800034894866	0.014436981824288634	0.016497937470494904	0.00048060838497520015
0.013663171632831664	0.01565175533703345	0.01737571321769294	0.0005468928549538642
0.01409688725770282	0.01696651827773085	0.018294942359717264	0.0006225676584139521
0.014544370494392988	0.01838913579987196	0.01925711062924784	0.0007089966252532227
0.01500605837381443	0.01992804187498113	0.02026371309218697	0.0008077449212534711
0.015482401799729744	0.02159227406185259	0.021316249296211807	0.0009206087832204025
0.015973865989123405	0.02339150959286984	0.02241621786715564	0.0010496495445011097
0.016480930926552208	0.02533610271590542	0.023565110520657087	0.0011972325346816933
0.017004091832918317	0.027437123209847186	0.024764405456706422	0.001366071507656486
0.017543859649122806	0.02970639596872489	0.026015560105232715	0.0015592793290396503
0.01810076153507198	0.032156541523520384	0.027320003191760152	0.0017804257371516754
0.01867534138452385	0.0348010173418362	0.02867912609346373	0.0020336030815115763
0.01926816035627765	0.037654159713477214	0.03009427345772399	0.0023235010386763208
0.019879797422225023	0.04073122599447934	0.03156673305757062	0.0026554914069412718
0.02051084993279832	0.04404843694302116	0.03309772486126882	0.003035724188115563
0.021161934200368084	0.04762301883781919	0.03468838929679774	0.003471236275233474
0.021833686101159565	0.05147324502289562	0.0363397746961519	0.00397007417815413
0.022526761696276165	0.05561847647190887	0.03805282390932229	0.004541432332530171
0.02324183787243624	0.06007920091047781	0.0398283600835379	0.005195808648985513
0.023979613003049054	0.06487706997607928	0.04166707160992573	0.005945179065227766
0.024740807630275627	0.07003493383217736	0.04356949624722721	0.006803192960114607
0.02552616516874037	0.07557687258633633	0.0455360044406375	0.0077853913703490735
0.026336452631581103	0.08152822379133702	0.047566781863251355	0.00890945001139647
0.027172461379546195	0.08791560523399894	0.049661811218036936	0.01019544913711628
0.02803500789387076	0.09476693213885144	0.05182085334973985	0.011666172268904918
0.028924934573686455	0.1021114278334446	0.05404342772865536	0.01334743577484716
0.029843110558743877	0.1099796268395204	0.05632879238179593	0.015268451170951627
0.03079043257825085	0.1184033692701885	0.05867592336160669	0.01746222183686976
0.03176782582665592	0.127415785328535	0.06108349385801072	0.01996597557278895
0.03277624486723197	0.1370512686187671	0.06354985307614727	0.02282163405601336
0.03381667456434289	0.1473454368982741	0.06607300501962739	0.026076319767066976
0.03489013104530337	0.1583350788192776	0.06865058733738064	0.029782900326474182
0.03599766269277152	0.1700580851336655	0.0712798504110881	0.03400056939395612
0.03714035116864342	0.182553362765999	0.0739576368796526	0.03879546230999698
0.03831931247044944	0.1958607300996281	0.07668036181698627	0.04424130348354329
0.03953569802128436	0.2100207917716591	0.07944399379941394	0.05042008112719591
0.040790695794335446	0.2250747912367858	0.08224403711898975	0.05742274329191248
0.04208553147310699	0.2410644393405427	0.08507551541877764	0.06534990723834086
0.043421469648474126	0.2580317171424858	0.08793295704539972	0.07431257198624791
0.04479981505373556	0.2760186512525383	0.09081038243264432	0.08443282139683349
0.046221913838870726	0.2950670599928871	0.09370129384735248	0.09584450236151396
0.04768915488524641	0.3152182687773248	0.0965986678448624	0.10869385960037582
0.04920297116205661	0.3365127932139485	0.09949495079565318	0.1231401052304831
0.050764841125820366	0.3589899885900758	0.1023820578571413	0.13935589767896578
0.052376290164304486	0.3826876645947474	0.1052513757744673	0.1575277007354
0.05403889208628125	0.4076416643790297	0.1080937699011538	0.17785598962914909
0.05575427065857611	0.4338854073524677	0.1108995958342804	0.2005552670696236
0.05752410119190656	0.4614493954704115	0.11365871605879	0.22585384831614091
0.059350112177060856	0.4903606831864998	0.1163605219911817	0.25399337069319106
0.06123408697301476	0.5206423117321067	0.1189939618035006	0.2852279797114452
0.06317786554863467	0.5523127089444774	0.1215475743934995	0.3198231413025303
0.06518334627966849	0.5853850565015459	0.1240095298452928	0.3580540278677687
0.06725248780277913	0.6198666271371799	0.1263676766958062	0.40020342515191937
0.06938731092843117	0.6557580952079447	0.1286095962848034	0.446559107687292
0.0715899006144993	0.6930528248620466	0.1307226644190489	0.49741063304207783
0.07386240800252561	0.7317361410217071	0.1326941205229787	0.5530455096987065
0.07620705251861477	0.7717845894282492	0.1345111443777342	0.6137447004407389
0.0786261240410187	0.8131651931081945	0.1361609404661658	0.679777432991318
0.08112198513652771	0.8558347137886864	0.1376308298421029	0.7513953026487886
0.08369707336785268	0.8997389280075326	0.1389083493265604	0.8288256680847736
0.08635390367425072	0.9448119289082868	0.1399813577006583	0.9122643615111172
0.08909507082772072	0.990975465959996	0.1408381484142707	1.0018677581833912
0.09192325196716648	1.0381383360646783	0.1414675681607764	1.097744277648463
0.09484120921300292	1.08619584067732	0.1418591404824808	1.199945420043138
0.09785179236475891	1.135029324621064	0.1420031933699611	1.3084564746770153
0.100957941684311	1.1845058131861594	0.1418909896045504	1.4231870744027635
0.1041626907674667	1.234477764801565	0.1415148583704702	1.5439618069290824
0.1074691695067015	1.28478295700487	0.1408683264372277	1.6705111320034032
0.1108806071479428	1.3352445235484662	0.1399462469907535	1.8024628897129675
0.1144003354443879	1.385671160205891	0.1387449239817691	1.939334718157047
0.1180317919104331	1.4358575161219378	0.1372622296717424	2.0805277262983193
0.1217785231788953	1.4855847863282703	0.1354977129013199	2.225321787571501
0.1256441884648019	1.5346215192761905	0.1334526954947826	2.3728728293603867
0.1296325631391342	1.5827246508852777	0.1311303541585331	2.5222124903016665
0.1337475424160129	1.6296407736527627	0.1285357852430846	2.6722504992396314
0.1379931451569279	1.6751076458154164	0.125676049826508	2.8217800945692613
0.1423735177957271	1.7188559414288165	0.122560196750816	2.969486749212742
0.1468929383881976	1.760611237579613	0.1191992615065303	3.1139603938353186
0.1515558207901947	1.800096229853961	0.115606239216324	3.253711239280186
0.1563667189683989	1.8370331617568147	0.1117960304135397	3.3871891898104645
0.1613303314479104	1.8711464481458333	0.1077853588382663	3.5128067139886614
0.1664515059010267	1.9021654670669297	0.1035926610702917	3.628964903529575
0.1717352438816823	1.929827488830812	0.09923794846765105	3.734082307063106
0.1771867057101763	1.953880705936976	0.09474264256029043	3.826625981352083
0.182811215512958	1.9740873227219884	0.09012938573572771	3.9051440639047676
0.1886142664223921	1.9902266595640288	0.0854218297202791	3.968299045432153
0.1946015259415825	2.0020982232800977	0.08064440497735757	4.0149008157154755
0.2007788414794933	2.009524693143801	0.07582207468622161	4.04393847936441
0.2071522460617746	2.0123547708324123	0.07098007740563968	4.054609895080481
0.2137279642228679	2.0104658426417013	0.06614366284681143	4.0463478885637985
0.2205124180851481	2.0037664034987577	0.06133782536399621	4.01884212861073
0.2275122336310374	1.9921981946218288	0.056587039812170295	3.9720557397291785
0.2347342471742185	1.9757380100417368	0.05191500431904468	3.906235851997128
0.2421855120362648	1.9543991314926064	0.04734439428233855	3.8219174568490155
0.2498733054352108	1.928232356251824	0.042896631548343854	3.719920140694655
0.2578051355927884	1.8973265881952344	0.03859167227709165	3.6013374994417107
0.2659887490672717	1.8618089684660004	0.03444781648027866	3.4675192871206915
0.2744321383190907	1.821844528579452	0.03048154166071045	3.3200466106968993
0.2831435495166037	1.7776353553730333	0.026707362416829417	3.1607007398794744
0.2921314905896516	1.7294192638690953	0.023137717331110055	2.9914263442048177
0.3014047395387592	1.6774679808019344	0.019782883960195983	2.8142901891135015
0.310972353008099	1.6220848482679222	0.016650922304336367	2.631436508193953
0.3208436751305898	1.5636020637277677	0.013747646762431748	2.4450404114852384
0.3310283466537699	1.5023774794903355	0.011076626276437835	2.2572607825294013
0.3415363143553547	1.4387909953459252	0.00863921219179826	2.0701941642758133
0.3523778407576783	1.3732405653541162	0.006434592771156716	1.8858310543182233
0.3635635141505032	1.3061378963173351	0.0044598740830422605	1.7060160946731102
0.3751042589319884	1.2379038599604677	0.0027101855400840907	1.5324133116106868
0.3870113462779155	1.1689636953483695	0.0011788090902333185	1.3664775106333868
0.3992964051495917	1.0997420680559935	-0.00014266955595749293	1.2094326366066757
0.411971433651182	1.0306580632304887	-0.0012641895291101994	1.0622576414771876
0.425048810747561	0.9621201965973616	-0.0021970254738238426	0.9256800996214783
0.4385413083541298	0.8945215331125203	-0.002953582951774705	0.8001774968542267
0.4524621038104045	0.8282350068217893	-0.0035471816929982937	0.6859858090230525
0.4668247927495595	0.7636090370309773	-0.0039918302740276366	0.5831146961443131
0.4816434023764929	0.7009635346352232	-0.004301996230362004	0.4913683840598718
0.4969324051673842	0.6405863880241788	-0.004492375966686421	0.4103711019636898
0.5127067330041217	0.5827305101409107	-0.004577669071622279	0.33959580250321536
0.5289817917574052	0.5276115169819017	-0.004572361738494633	0.27839481934381116
0.5457734763327659	0.475406093251957	-0.004490523912117426	0.2260311183060937
0.5630981861941989	0.4262510834267612	-0.004345624509035059	0.18170887057486126
0.5809728413805668	0.3802433267299719	-0.004150368592742244	0.1446022130821318
0.5994148990304217	0.3374402332923173	-0.003916559739269428	0.1138812504845648
0.6184423704313778	0.2978610769571918	-0.0036549900295296607	0.08873458011821408
0.6380738386106921	0.261488958835474	-0.0033753591912645776	0.06838786864253028
0.6583284764842281	0.2282733758151825	-0.0030862234336212426	0.05211825888114178
0.6792260655815303	0.1981333107587373	-0.0027949735236516508	0.03926462070921628
0.700787015365297	0.1709607469122844	-0.0025078406999282186	0.029233866249782383
0.7230323831641176	0.1466244987655226	-0.0022299281539359004	0.021503716217812458
0.7459838947379435	0.1249742456726184	-0.0019652650778076547	0.015622424348266032
0.7696639654963778	0.1058446531626663	-0.0017168797102069728	0.011206038279064443
0.7940957223905046	0.08905946996471342	-0.0014868874317225443	0.007933800024630306
0.8193030264996407	0.07443549603823145	-0.001276589775323448	0.00554227275191203
0.8453104963350669	0.06178632781240255	-0.0010865802220976289	0.0038187309611207227
0.8721435318834996	0.05092580070358623	-0.0009168528323385326	0.002594277796417551
0.8998283394137842	0.04167106498863398	-0.0007669100925499913	0.001737065808377012
0.9283919570710368	0.03384524839003599	-0.0006358668089487558	0.0011459051651819567
0.9578622812832323	0.02727967640122445	-0.0005225474125611574	0.0007444538003538964
0.988268094006026	0.02181563861896289	-0.0004255746239199455	0.00047610320211370963
1.0196390908324209	0.017305705420452743	-0.00034344802204809447	0.0002996053966433362
1.0520059099947288	0.013614613618233271	-0.0002746116417511276	0.0001854331155275681
1.085400162287156	0.010619751787872412	-0.00021751025918399804	0.00011282643874886957
1.1198544619382294	0.008211285492934721	-0.00017063449822086178	6.745432557846329e-05
1.1554024584632228	0.006291969487633975	-0.00013255528569009435	3.9606450937081336e-05
1.1920788695276858	0.004776698166353445	-0.00010194849462383204	2.2827238868000433e-05
1.2299195148541728	0.00359184718681436	-7.761083956959693e-05	1.2907389655844929e-05
1.2689613512052875	0.002674458562800281	-5.846822981144707e-05	7.156147138033029e-06
1.309242508477209	0.0019713189262409218	-4.357785195231321e-05	3.8879973381364385e-06
1.3508023269389484	0.0014379764748930607	-3.212525244098201e-05	2.0688083741902704e-06
1.3936813956537075	0.00103773675619314	-2.3417634755939196e-05	1.077445960771823e-06
1.4379215921198614	0.0007406712995742603	-1.6874487424089668e-05	5.488787223388494e-07
1.4835661231702808	0.0005226665903008666	-1.201653024165448e-05	2.7332476161578255e-07
1.5306595671699388	0.00036453433374983345	-8.453818761957683e-06	1.32956747534095e-07
1.5792479175530143	0.00025119769654265823	-5.873691987003065e-06	6.31347830058956e-08
1.629378627742009	0.00017096247642107418	-4.029094434608965e-06	2.9244401945989337e-08
1.6811006574927525	0.00011487712834775856	-2.727658782404268e-06	1.320419473986062e-08
1.734464520710554	7.618137607074966e-05	-1.8218046866255312e-06	5.8069210323492e-09
1.7895223347842053	4.983981305121742e-05	-1.1999970402141289e-06	2.4854469578768247e-09
1.8463278714860056	3.215445120489454e-05	-7.792144871576143e-07	1.03451590750494e-09
1.9049366094875368	2.0448548127260785e-05	-4.986071902526532e-07	4.1839172964307223e-10
1.9654057885424587	1.2813109545685812e-05	-3.1427180543325995e-07	1.6427454299743516e-10
2.027794465389257	7.907249298605113e-06	-1.9503512637249474e-07	6.256263017081018e-11
2.0921635714285336	4.803743763734627e-06	-1.1912064997307535e-07	2.3090143876869332e-11
2.1585759722311675	2.8715048156611267e-06	-7.157106794007616e-08	8.250662324131124e-12
2.2270965289354727	1.6881007099338169e-06	-4.2283303571728336e-08	2.8514718846399952e-12
2.297792161593309	9.756255422340832e-07	-2.454726557837209e-08	9.52447766906924e-13
2.370731914527009	5.53807000701004e-07	-1.4004182852758008e-08	3.0689831116281535e-13
2.445987023760968	3.0851284621133425e-07	-7.85004077594622e-09	9.52417994176024e-14
2.5236309865937296	1.6906563510954377e-07	-4.30529001066717e-09	2.8601724497069345e-14
2.6037396333785368	8.999937040416428e-08	-2.3424013477981628e-09	8.105373517220126e-15
2.686391201582436	4.650670050585095e-08	-1.2655287508557327e-09	2.1644747549601595e-15
2.771666412196271	2.3450009013081757e-08	-6.678231229614605e-10	5.503489104371776e-16
2.859648548570193	1.1807214298919085e-08	-3.362527802091921e-10	1.3952337543279772e-16
2.9504235377516745	5.8169118516323765e-09	-1.6565743051875058e-10	3.386390587394728e-17
3.04408003440547	2.80206271555232e-09	-7.979878695953222e-11	7.857923308288655e-18
3.1407095073974856	1.3188449686852444e-09	-3.755884124385854e-11	1.740762717981965e-18
