r	P	Q	rho
0.00011820959647518364	0.0022729751775070464	0.009917600336316659	0.0001035252125884715
0.00012196197186639988	0.002341830889095529	0.010201990458762095	0.00010956478123379477
0.0001258334604387491	0.0024128756688147008	0.010494486736490704	0.00011595622085553731
0.0001298278432504785	0.002486185098826265	0.010795317222617885	0.00012271999028257608
0.0001339490213835081	0.002561837700040528	0.011104716200958474	0.00012987773430517857
0.00013820101975339083	0.0026399150629446318	0.01142292434471534	0.00013745235212465236
0.00014258799104021423	0.0027205019848318347	0.011750188878488402	0.00014546806972962648
0.00014711421974428215	0.0028036866136233775	0.012086763743719949	0.000153950516423914
0.00015178412637053743	0.0028895605999548837	0.012432909767201392	0.0001629268057401834
0.0001566022717458127	0.0029782192557288524	0.01278889483324988	0.00017242562099111961
0.00016157336147312526	0.0030697617215161427	0.013154994059033276	0.00018247730572008654
0.00016670225052736648	0.0031642911420986432	0.013531489973353695	0.0001931139593309355
0.00017199394799687418	0.003261914851101054	0.013918672698758086	0.00020436953819098733
0.00017745362197551845	0.0033627445650448637	0.01431684013699828	0.0002162799625181037
0.00018308660461007905	0.0034668965873734894	0.014726298157820856	0.0002288832293805799
0.00018889839730784388	0.0035744920229862287	0.01514736079106076	0.00024221953215695704
0.0001948946761095141	0.0036856570038556634	0.015580350422007117	0.00025633138682260763
0.00020108129723266408	0.0038005229263337542	0.016025597990000508	0.0002712637654506968
0.00020746430279116877	0.003919226700785736	0.016483443190212093	0.00028706423733710127
0.00021404992669618605	0.00404191101422627	0.016954234678545108	0.0003037831181821052
0.00022084460074445607	0.0041687246066697565	0.01743833027958885	0.00032147362778627925
0.000227854960899864	0.004299822561945968	0.01793609719754388	0.00034019205674396094
0.00023508785377440047	0.004435366613773761	0.01844791223002503	0.000359997942645286
0.0002425503433148508	0.004575525467929269	0.01897416198463576	0.0003809542563268662
0.00025024971770174127	0.0047204751413910655	0.019515243098193327	0.00040312759874207326
0.0002581934964672831	0.004870399319393282	0.02007156245846935	0.00042658840905458273
0.0002663894378392622	0.005025489731368696	0.020643537428294025	0.0004514111845934685
0.0002748455463180508	0.005185946546817651	0.02123159607185531	0.00047767471334487165
0.0002835700804941381	0.005351978792195136	0.021836177383005608	0.0005054623196941922
0.00029257156111381696	0.005523804789967957	0.022457731515369176	0.0005348621241740789
0.00030185877940090147	0.005701652621056536	0.023096720014022007	0.0005659673180173256
0.000311440805642606	0.005885760611941666	0.02375361604849383	0.0005988764533603476
0.00032132699804796803	0.006076377847785843	0.02442890464681761	0.0006336937499923696
0.00033152701188746814	0.006273764712991437	0.025123082930326623	0.0006705294195980454
0.00034205080892277186	0.00647819346069447	0.025836660348871568	0.0007095000084971369
0.00035290866713580507	0.006689948812772953	0.026570158916101674	0.0007507287599444194
0.00036411119076666215	0.006909328592032969	0.02732411344442229	0.0007943459971163433
0.00037566932067015186	0.007136644388324126	0.02809907177920917	0.0008404895279785474
0.0003875943450010955	0.007372222260428698	0.028895595031824158	0.0008893050733003413
0.00039989791023881306	0.007616403475665978	0.02971425781094049	0.0009409467191591747
0.0004125920325615633	0.007869545289255268	0.030555648451645927	0.000995577395360212
0.00042568910958204806	0.008132021765587619	0.03142036924175055	0.0010533693812839347
0.0004392019324554412	0.008404224643668261	0.03230903664468136	0.001114504840768604
0.0004531436983717676	0.008686564249108367	0.03322228151829909	0.0011791763877350048
0.00046752802344483303	0.008979470455167365	0.034160749328922456	0.0012475876843686996
0.00048236895601029247	0.009283393695474538	0.03512510035979254	0.0013199540737906747
0.0004976809903458439	0.009598806031192288	0.036116009913154064	0.001396503249271496
0.0005134790808269489	0.0099262022755228	0.03713416850507103	0.0014774759621776032
0.0005297786565319036	0.010266101178605066	0.03818028205203198	0.0015631267709820718
0.0005465956363105229	0.010619046676000908	0.03925507204833393	0.0016537248338269737
0.0005639464443311592	0.010985609204126286	0.040359275733164175	0.0017495547472913587
0.0005818480261212332	0.011366387086148486	0.04149364624622592	0.0018509174341991013
0.000600317865116948	0.011762007992040484	0.04265895277067551	0.001958131083495548
0.0006193739997383467	0.01217313047666112	0.04385598066205781	0.002071532145432604
0.00063903504100639	0.012600445599913771	0.045085531561839365	0.0021914763855299998
0.0006593201907192617	0.013044678633226928	0.04634842349404884	0.002318340001027866
0.0006802492602056493	0.01350659085679766	0.04764549094343796	0.0024525208038141586
0.0007018426896733205	0.01398698145224307	0.04897758491347663	0.0025944394741022054
0.0007241215681718867	0.01448668949551584	0.05034557296238926	0.002744540889450749
0.0007471076541892562	0.015006596055157442	0.05175033921532956	0.0029032955340643433
0.0007708233969018845	0.015547626401186402	0.05319278435067391	0.003071200993688168
0.0007952919580995836	0.016110752330149344	0.054673825558291846	0.003248783541821939
0.0008205372348062978	0.01669699461209852	0.05619439646752467	0.0034365998234257965
0.0008465838826189413	0.01730742556550136	0.05775544704246868	0.0036352386427807746
0.0008734573397870867	0.0179431717663347	0.059357943442020805	0.0038453228627023314
0.0009011838520570304	0.01860541689786799	0.06100286784199701	0.004067511422891625
0.0009297904983044877	0.019295404747895786	0.06269121821648231	0.004302501485851723
0.000959305216980961	0.020014442360439307	0.0644240080754114	0.004551030719500021
0.0009897568333996026	0.020763903349198913	0.06620226615521344	0.004813879726380592
0.0010211750878872277	0.021545231380302895	0.06802703605918177	0.005091874630228005
0.001053590664829964	0.02235994383216293	0.06989937584405022	0.005385889831565273
0.001087035222640912	0.023209635640509606	0.07182035754907096	0.005696850945041607
0.00112154142467908	0.024095983336943905	0.07379106666369589	0.006025737932340289
0.0011571429711497926	0.025020749289597913	0.07581260152976392	0.006373588445723678
0.0011938746320177228	0.02598578615475111	0.07788607267388863	0.006741501398642715
0.0012317722809647024	0.02699304154849315	0.08001260206552822	0.007130640781335249
0.0012708729304254645	0.02804456294775924	0.08219332229599897	0.007542239740984793
0.0013112147677355386	0.029142502830286944	0.08442937567346653	0.007977604947824625
0.0013528371924266091	0.03028912406325002	0.08672191322871779	0.00843812127056821
0.001395780854705749	0.03148680555051361	0.08907209362627638	0.008925256786744
0.0014400876951561194	0.03273804814862117	0.09148108197518152	0.00944056815593132
0.0014858009856979035	0.03404548086176366	0.0939500485335012	0.009985706386555946
0.0015329653718494803	0.03541186732609036	0.09648016730039805	0.010562423029833424
0.001581626916330112	0.03684011259379483	0.0990726144893079	0.011172576837670502
0.001631833144046728	0.038333270227441936	0.1017285668755341	0.0118181409248801
0.0016836330885087452	0.03989454971498793	0.1044492000112967	0.012501210479961507
0.0017370773397162509	0.04152732421587776	0.1072356863010146	0.013224011072980237
0.0017922180935683212	0.04323513864847626	0.1100891929293369	0.013988907613785727
0.0018491092028397249	0.04502171812889323	0.1130108796341795	0.014798414018968519
0.0019078062297758075	0.04689097677098928	0.1160018963167649	0.01565520365162293
0.0019683665003569074	0.04884702685699069	0.1190633804804134	0.016562120604191256
0.00203084916028532	0.0508941883876856	0.1221964544895867	0.017522191901466866
0.002095315232749467	0.05303699902061198	0.1254022226404518	0.01853864070827784
0.0021618276780217102	0.05528022440396616	0.1286817680340071	0.01961490063451087
0.002230451454947993	0.057628868913147405	0.1320361492426023	0.02075463123902347
0.0023012535843893733	0.060088186795895136	0.135466396760496	0.021961734843690506
0.002374303214677416	0.06266369373085556	0.1389735092289148	0.023240374779393735
0.0024496716891473504	0.06536117880311731	0.1425584494259398	0.024594995197261306
0.00252743261581497	0.06818671689876547	0.1462221400114187	0.02603034259095132
0.0026076619392653077	0.07114668151879865	0.1499654590170203	0.02755148918932296
0.0026904380148233065	0.07424775801081746	0.153789235071497	0.02916385839350907
0.00277584168507892	0.07749695721470211	0.1576942423512126	0.030873252448260342
0.0028639563588413754	0.08090162951602886	0.1616811952460369	0.0326858825545359
0.002954868092599724	0.08446947929820736	0.1657507427308009	0.03460840164872243
0.003048665674569213	0.08820857978122541	0.1699034624326654	0.036647940093628956
0.00314544071140559	0.09212738823144072	0.1741398543849779	0.03881214454756791
0.0032452877176720046	0.096234761523028	0.1784603344584931	0.04110922030043129
0.003348304208145901	0.1005399720274487	0.1828652274612176	0.04354797738972302
0.003454590793056036	0.1050527238026255	0.187354759898612	0.04613788083501727
0.0035642512763426615	0.1097831690483417	0.1919290523864671	0.048889105356264
0.003677392757036804	0.1147419247887153	0.1965881117094552	0.051812594969708435
0.003794125733857672	0.1199400897363798	0.2013318225191762	0.054920127884863904
0.003914564213130347	0.1253892612862044	0.2061599386664612	0.058224387156859084
0.004038825820129149	0.1311015525789681	0.211072074163791	0.06173903758042083
0.004167031913955406	0.1370896095673269	0.216067693774938	0.06547880934454252
0.004299307706061858	0.1433666280076376	0.2211461032303614	0.06945958900025401
0.004435782382539412	0.1499463702917001	0.2263064390684944	0.07369851832751781
0.004576589230285701	0.1568431820221905	0.2315476581048689	0.07821410172069525
0.004721865767178664	0.1640720082244748	0.2368685265330438	0.0830263227447474
0.00487175387638228	0.1716484090755411	0.2422676086635532	0.08815677054572087
0.005026399944915615	0.1795885750179712	0.2477432553095876	0.09362877682837698
0.00518595500662054	0.187909341113125	0.2532935918308731	0.0994675641401537
0.005350574889667707	0.1966282004730253	0.2589165058502504	0.10570040622296296
0.005520420368744896	0.2057633165947676	0.2646096346607752	0.1123568012113875
0.005695657322076312	0.2153335344046263	0.2703703523447991	0.1194686584662392
0.005876456893426228	0.2253583898013654	0.2761957566304436	0.1270704998345274
0.006062995659245167	0.2358581174695839	0.2820826555151779	0.13519967611879058
0.006255455801121877	0.2468536567142314	0.28802755369086	0.14389659951832884
0.006454025283709515	0.2583666550467393	0.2940266388096168	0.15320499276972166
0.006658898038299817	0.2704194692315303	0.3000757676353341	0.1631721556613976
0.006870274152224544	0.2830351634790577	0.3061704521313114	0.17384924952390857
0.00708836006426916	0.2962375044480174	0.3123058455408174	0.18529160020055402
0.007313368766289621	0.3100509526950511	0.3184767285238679	0.19755901987837426
0.007545520011229162	0.3245006501852104	0.3246774954205368	0.210716148003177
0.007785040527738243	0.3396124034507923	0.3309021407185078	0.2248328113097149
0.008032164241607267	0.3554126619600252	0.3371442458103723	0.23998440276455585
0.008287132504228328	0.3719284912306598	0.3433969661343661	0.25625227893940195
0.00855019432830911	0.3891875401969948	0.3496530188008025	0.2737241750011018
0.008821606631069139	0.4072180023124853	0.3559046708153834	0.2924946361155777
0.009101634485155953	0.426048569844126	0.3621437280198164	0.3126654636103159
0.009390551377526144	0.4457083807895771	0.3683615248797127	0.33434617371777386
0.009688639476544218	0.4662269578238967	0.3745489152595322	0.3576544661238178
0.00999618990756005	0.4876341386601569	0.3806962643343331	0.38271669886494963
0.01031350303723415	0.5099599971876378	0.3867934417982035	0.40966836534971585
0.010640888766888306	0.5332347547332407	0.3928298165394363	0.4386545684178265
0.010978666835168266	0.5574886807768274	0.3987942529626605	0.4698304853903339
0.011327167130313896	0.582751982440042	0.4046751091481569	0.5033618170018718
0.011686730012341892	0.6090546820615212	0.4104602370483694	0.5394252119388643
0.012057706645455654	0.6364264821700557	0.416136984931018	0.5782086574348305
0.012440459341006987	0.6648966171720853	0.4216922022870957	0.6199118249966233
0.012835361911344594	0.6944936910818573	0.4271122474302188	0.6647463588573947
0.013242800034894866	0.7252455006426396	0.4323829980211196	0.7129360931801245
0.013663171632831664	0.7571788432166847	0.4374898647573115	0.7647171823803275
0.01409688725770282	0.7903193088613168	0.4424178084729084	0.8203381272130006
0.014544370494392988	0.8246910560598149	0.4471513608970007	0.8800596774970924
0.01500605837381443	0.8603165706399655	0.4516746493206071	0.944154590556604
0.015482401799729744	0.8972164074916211	0.4559714254217696	1.012907222673331
0.015973865989123405	0.935408914788681	0.4600250984955328	1.0866129291119626
0.016480930926552208	0.9749099405320628	0.4638187733300208	1.1655772466415955
0.017004091832918317	1.0157325213598372	0.467335292961282	1.2501148309952193
0.017543859649122806	1.0578865537202131	0.4705572865276355	1.3405481204462806
0.01810076153507198	1.1013784476738295	0.473467222428595	1.437205695714663
0.01867534138452385	1.1462107637851604	0.4760474669736632	1.5404203058290018
0.01926816035627765	1.1923818337800107	0.4782803486820295	1.6505265294639848
0.019879797422225023	1.2398853658880973	0.480148228365092	1.7678580417455974
0.02051084993279832	1.288710036057509	0.4816335750893751	1.892744457688719
0.021161934200368084	1.3388390665220813	0.4827190480775039	2.0255077254225697
0.021833686101159565	1.3902497935237064	0.4833875845590767	2.1664580452985667
0.022526761696276165	1.4429132263394426	0.4836224935312628	2.315889294994696
0.02324183787243624	1.496793600137478	0.4834075553304971	2.4740739459631196
0.023979613003049054	1.5518479255856996	0.482727126851553	2.641257463142994
0.024740807630275627	1.6080255385603257	0.4815662521784346	2.817652187899409
0.02552616516874037	1.6652676537476132	0.4799107783129212	3.0034307137589944
0.026336452631581103	1.723506926396252	0.4777474756012816	3.1987187757792523
0.027172461379546195	1.782667026957908	0.4750641623678773	3.4035876873692392
0.02803500789387076	1.842662233844004	0.4718498331664345	3.6180463730941668
0.028924934573686455	1.903397050022526	0.468094789956189	3.842033062418583
0.029843110558743877	1.9647658496728573	0.4637907754016137	4.0754067273883345
0.03079043257825085	2.026652561601584	0.4589311073819045	4.3179383667690425
0.03176782582665592	2.088930396588942	0.4535108136809735	4.569302259918814
0.03277624486723197	2.151461626274	0.4475267657117177	4.829067335357956
0.03381667456434289	2.2140974215853846	0.4409778100114311	5.096688821193526
0.03489013104530337	2.2766777590709646	0.4338648961302571	5.371500366742508
0.03599766269277152	2.3390314037605853	0.4261911994236929	5.65270684624442
0.03714035116864342	2.4009759773961923	0.4179622371557196	5.939378075721815
0.03831931247044944	2.4623181209677005	0.4091859762238017	6.230443691984133
0.03953569802128436	2.522853760484613	0.3998729307336125	6.5246894575248415
0.040790695794335446	2.5823684847756807	0.3900362475829493	6.820755265591233
0.04208553147310699	2.6406380438249366	0.379691778164093	7.117135124900998
0.043421469648474126	2.6974289757052534	0.3688581342651047	7.412179402187827
0.04479981505373556	2.75249936954384	0.3575567262465461	7.7040995918233826
0.046221913838870726	2.8055997711324747	0.3458117815940499	7.990975864067845
0.04768915488524641	2.8564742367648224	0.3336503420021699	8.27076761601934
0.04920297116205661	2.9048615396321487	0.3211022372337548	8.54132721119058
0.050764841125820366	2.9504965316277945	0.3082000341242079	8.800417044181808
0.052376290164304486	2.993111661693983	0.2949789592633458	9.045730005776603
0.05403889208628125	3.032438649889678	0.2814767940905345	9.274913350956218
0.05575427065857611	3.0682103141675303	0.2677337413820539	9.485595888238446
0.05752410119190656	3.1001625444288106	0.2537922623931093	9.67541831432993
0.059350112177060856	3.1280364157904987	0.239696884239613	9.842066414825648
0.06123408697301476	3.1515804301674133	0.2254939774649474	9.98330674168718
0.06317786554863467	3.170552872270052	0.211231504131547	10.097024264197552
0.06518334627966849	3.1847242629782126	0.1969587372025742	10.181261375362551
0.06725248780277913	3.1938798898112912	0.1827259524305244	10.234257524232628
0.06938731092843117	3.197822390925628	0.1685840944417366	10.25448864080404
0.0715899006144993	3.1963743657822112	0.1545844191922168	10.240705428886628
0.07386240800252561	3.18938098240666	0.1407781154638689	10.19196952873083
0.07620705251861477	3.1767125480773712	0.1272159085636272	10.107686500503894
0.0786261240410187	3.1582670074037047	0.1139476498730217	9.987634556966338
0.08112198513652771	3.133972329177354	0.101021896363985	9.831987983594304
0.08369707336785268	3.103788741185944	0.08848548463949853	9.641334230904512
0.08635390367425072	3.0677107704626265	0.07638310446601902	9.416683749860269
0.08909507082772072	3.02576904530735	0.0647568771293202	9.159471768675694
0.09192325196716648	2.9780318149550844	0.05364594425697378	8.871551378219896
0.09484120921300292	2.9246061430845205	0.04308607299942662	8.555177501854228
0.09785179236475891	2.865638732556525	0.03310928363739105	8.212981570191149
0.100957941684311	2.80131634093836	0.02374350577555769	7.847936996074797
0.1041626907674667	2.7318657495918663	0.015012269280569096	7.463315842022082
0.1074691695067015	2.6575532534522455	0.006934436013569298	7.062637381337441
0.1108806071479428	2.5786836441506407	-0.0004760218168118014	6.6496095632067975
0.1144003354443879	2.495598665865503	-0.007210191207472675	6.228064687926927
0.1180317919104331	2.408674931220608	-0.013264330836586112	5.801890866763144
0.1217785231788953	2.3183212936395727	-0.018639922114748096	5.374961067239106
0.1256441884648019	2.2249756839800434	-0.023343655304899055	4.951061720545456
0.1296325631391342	2.12910142361426	-0.027387347849504112	4.533822938858498
0.1337475424160129	2.0311830530810195	-0.03078779390239315	4.126652483376908
0.1379931451569279	1.9317217099217816	-0.0335665442576558	3.732675477476533
0.1423735177957271	1.8312301135936209	-0.03574961804677116	3.3546817641225957
0.1468929383881976	1.7302272236452758	-0.0373671487115217	2.995082549246068
0.1515558207901947	1.6292326497078653	-0.038452968360549525	2.655877657649849
0.1563667189683989	1.5287609026145708	-0.03904413618855437	2.3386343419336275
0.1613303314479104	1.429315585236524	-0.0391804181871193	2.044478147369345
0.1664515059010267	1.3313836289369143	-0.03890372684831923	1.7740958673639158
0.1717352438816823	1.235429686454355	-0.03825753089532253	1.5277501488429124
0.1771867057101763	1.141890794128378	-0.03728624620504639	1.305304849871201
0.182811215512958	1.0511714153458047	-0.03603461995513962	1.1062598382754136
0.1886142664223921	0.9636389726863572	-0.03454712057520913	0.929793573220056
0.1946015259415825	0.8796199683709643	-0.03286734626384234	0.7748115512073637
0.2007788414794933	0.7993967812992746	-0.031037464615490493	0.6399985381613982
0.2071522460617746	0.7232052143899917	-0.02909769526818817	0.5238724579907943
0.2137279642228679	0.6512328484527637	-0.027085846437049584	0.4248378659811118
0.2205124180851481	0.5836182389209027	-0.02503691476266907	0.34123709590196905
0.2275122336310374	0.5204509700966351	-0.022982756121708935	0.27139741935347855
0.2347342471742185	0.4617725588564033	-0.02095183298204435	0.2136728754180979
0.2421855120362648	0.4075781768670914	-0.018969041616268008	0.16647979479814176
0.2498733054352108	0.3578191381521281	-0.01705562010698251	0.12832542980516545
0.2578051355927884	0.3124060781953645	-0.015229135684376468	0.09782948426710132
0.2659887490672717	0.2712127325096415	-0.01350354763209232	0.07373869207399854
0.2744321383190907	0.2340802074635986	-0.011889339878229151	0.054934899928941405
0.2831435495166037	0.2008216247600553	-0.010393715541610286	0.040437354294028366
0.2921314905896516	0.1712270137323795	-0.009020844201597978	0.02940006586181798
0.3014047395387592	0.1450683228224801	-0.007772151556532138	0.02110522462634501
0.310972353008099	0.1221044232738518	-0.0066466404638166445	0.014953668012495208
0.3208436751305898	0.1020859840602063	-0.0056412321238984535	0.010453371641416399
0.3310283466537699	0.0847601070257096	-0.004751116368856564	0.0072068488497601625
0.3415363143553547	0.06987462461543811	-0.0039701006117171655	0.004898224864015547
0.3523778407576783	0.05718197876036383	-0.003290947955019714	0.0032806090333933483
0.3635635141505032	0.046442617680713824	-0.002705696182959062	0.0021642375288714317
0.3751042589319884	0.03742786675199043	-0.0022059507975932284	0.001405711428526153
0.3870113462779155	0.029922249286254005	-0.0017831468281655476	0.0008985206149595252
0.3992964051495917	0.02372525228790924	-0.0014287757651934396	0.0005649289963121467
0.411971433651182	0.0186525501822818	-0.0011345755729016	0.00034920489003316586
0.425048810747561	0.014536715520219273	-0.0008926832473047696	0.00021211298149580247
0.4385413083541298	0.01122745919468433	-0.0006957507552896333	0.0001265399090817878
0.4524621038104045	0.008591453377297692	-0.0005370263670240896	7.410146845315901e-05
0.4668247927495595	0.006511797967491582	-0.0004104043479246303	4.257194449822294e-05
0.4816434023764929	0.004887195782973993	-0.0003104466890857846	2.398105976788311e-05
0.4969324051673842	0.0036309031052138567	-0.0002323810219539552	1.3237458298815992e-05
0.5127067330041217	0.0026695207694681874	-0.0001720790922023806	7.155952352595219e-06
0.5289817917574052	0.0019416871187511488	-0.00012602017841917602	3.786029952492939e-06
0.5457734763327659	0.0013967282809206553	-9.12436616089704e-05	1.959175296507381e-06
0.5630981861941989	0.0009933138928654578	-6.529461653779781e-05	9.90935876708348e-07
0.5809728413805668	0.0006981581248620811	-4.616584454612815e-05	4.895560525135945e-07
0.5994148990304217	0.000484797180511428	-3.223923987177639e-05	2.3606767481934003e-07
0.6184423704313778	0.00033246584985458216	-2.222881683287813e-05	1.1102766161731921e-07
0.6380738386106921	0.00022508759475346656	-1.5127158957087569e-05	5.0893256250013785e-08
0.6583284764842281	0.00015038537941607083	-1.0156513475088136e-05	2.271891710808523e-08
0.6792260655815303	9.911425284112403e-05	-6.725269674240312e-06	9.86886436844552e-09
0.700787015365297	6.441169207839267e-05	-4.390142941137329e-06	4.168139431445292e-09
0.7230323831641176	4.12579565051723e-05	-2.8240478498327886e-06	1.7101942212408349e-09
0.7459838947379435	2.603609135389332e-05	-1.789389234782033e-06	6.810799668218325e-10
0.7696639654963778	1.617981832295707e-05	-1.1163136535337808e-06	2.630326771369633e-10
0.7940957223905046	9.896951731395922e-06	-6.853586652367265e-07	9.841937007359582e-11
0.8193030264996407	5.955926576850451e-06	-4.1390484636191746e-07	3.5644378610675406e-11
0.8453104963350669	3.5245165822697026e-06	-2.4577055776667315e-07	1.2482620305759047e-11
0.8721435318834996	2.0500416719722883e-06	-1.4340013502497724e-07	4.2232344555481166e-12
0.8998283394137842	1.1711174645878025e-06	-8.219950042875023e-08	1.3782728737332987e-12
0.9283919570710368	6.566291901468721e-07	-4.6278685254922734e-08	4.3330361006186136e-13
0.9578622812832323	3.617605387296669e-07	-2.551984049793513e-08	1.3152194964101888e-13
0.988268094006026	1.9420897404906113e-07	-1.3884380109086596e-08	3.7909901612202496e-14
1.0196390908324209	1.0175057508437198e-07	-7.47273943563866e-09	1.0409021364673369e-14
1.0520059099947288	5.1795012880080135e-08	-3.908715583459683e-09	2.6980014167600475e-15
1.085400162287156	2.6062985856227872e-08	-1.9668457116439195e-09	6.831477137953462e-16
1.1198544619382294	1.2831944798768028e-08	-9.683639372223942e-10	1.655965360335427e-16
1.1554024584632228	6.177209699349507e-09	-4.661637186971652e-10	3.83752282823672e-17
1.1920788695276858	2.9054517689329444e-09	-2.1926019465449999e-10	8.489725014555506e-18
