r	P
0.00028177905982667965	0.007890741843935057
0.00029995224782458456	0.00838968248064221
0.0003192975057492268	0.008919484721007169
0.00033989042561634525	0.00948196562102187
0.0003618114747078324	0.010079036766102075
0.0003851463099993869	0.010712707436385362
0.00040998611286700745	0.01138508760337636
0.0004364279453802016	0.012098390700972324
0.0004645751295741308	0.012854936104808349
0.0004945376511827087	0.013657151243600289
0.0005264325894102466	0.014507573254612535
0.0005603845744209881	0.015408850082403253
0.0005965262743341847	0.016363740905460156
0.0006349989136276545	0.017375115759084594
0.0006759528249754988	0.018445954204752663
0.000719548036676292	0.019579342876017064
0.0007659548979671376	0.0207784717086445
0.0008153547446670123	0.022046628637943693
0.0008679406077504206	0.023387192518964393
0.0009239179676201223	0.02480362399528284
0.0009835055570262703	0.026299454009292657
0.0010469362157693876	0.027878269611176933
0.0011144578005269454	0.02954369668496306
0.0011863341533587188	0.03129937916822263
0.001262846132675366	0.03314895429710161
0.0013442927106987752	0.035096023360563416
0.0014309921417025152	0.03714411739721626
0.0015232832055973276	0.039296657215232095
0.0016215265317209898	0.041556907061170885
0.0017261060080052883	0.04392792120773604
0.001837430281026456	0.046412482674601074
0.0019559343528005478	0.04901303324177014
0.002082081280563272	0.051731593863159946
0.0022163639861762043	0.054569674541363
0.002359307182229669	0.0575281726855558
0.0025114694223685907	0.06060725894658541
0.0026734452838530023	0.06380624951046497
0.0028458676908816043	0.06712346383878402
0.003029410387756832	0.07055606687781547
0.0032247905715553507	0.07409989482445678
0.003432771694591228	0.07774926364491051
0.003654166447622433	0.0814967597009638
0.0038898399354576384	0.08533301206018147
0.004140713057372059	0.08924644636328814
0.004407766105541386	0.09322302050926153
0.004692042595554758	0.09724594291279043
0.004994653343974612	0.1012953747081813
0.005316780808876531	0.1053481180386523
0.005659683710329881	0.1093772935018083
0.006024701948873831	0.1133520109436199
0.00641326184120782	0.1172370391275344
0.006826881693555075	0.1209924813751147
0.007267177734477151	0.1245734661008225
0.007735870430322168	0.127929863263916
0.008234791207984466	0.1310060401470507
0.00876588961124497	0.1337406725479644
0.009331240918655899	0.1360666304296344
0.0099330542527368	0.1379109602916088
0.010573681212168805	0.1391949899555381
0.011255625060717566	0.1398345850286967
0.011981550508790843	0.1397405899132433
0.012754294125852314	0.1388194897163435
0.013576875424378392	0.1369743325856035
0.014452508658668858	0.1341059545831615
0.015384615384615384	0.1301145508871422
0.01637683782950553	0.124901637458553
0.017433053124105022	0.1183724458358522
0.018557388452630472	0.1104387898286994
0.01975423717981141	0.1010224358978242
0.021028276018058404	0.09005899817073244
0.02238448330181848	0.07750236353451262
0.023828158440525125	0.06332963122440624
0.02536494262615582	0.04754652397640977
0.027000840876312285	0.03019319342695372
0.028742245498957267	0.011350300524779975
0.0305959610704968	-0.008854797887530207
0.03256923102481038	-0.030241982120913773
0.034669765957126286	-0.05257271139776472
0.03690577375333997	-0.07554513111897171
0.03928599166250657	-0.0987903716324244
0.041819720437831456	-0.1218705309815154
0.04451686067956556	-0.1442788923626725
0.04738795152181586	-0.1654429701302914
0.05044421181444113	-0.1847309979445619
0.05369758396095141	-0.201462459749436
0.05716078058370929	-0.2149232086281998
0.0608473341987781	-0.2243856099006708
0.06477165009452246	-0.2291339732162086
0.0689490626205856	-0.2284952952774587
0.07339589510719388	-0.2218750140353374
0.07812952364892434	-0.2087970744336614
0.08316844500217181	-0.1889471285405917
0.08853234886162663	-0.1622171509029248
0.09424219479818442	-0.128749166104211
0.1003202941589248	-0.0889751970482769
0.1067903972491851	-0.04365000364831357
0.1136777861373946	0.006127235563838336
0.121009373445306	0.05890635453627965
0.1288138075096502	0.1128987032226705
0.1371215843261344	0.166012194161739
0.145965166713208	0.2159114160040847
0.1553791111612316	0.2601039144395963
0.1654002028627131	0.2960518840392865
0.176067599451248	0.3213063355656888
0.1874229840108226	0.3336584716625032
0.1995107279533713	0.331300719457111
0.2123780644010322	0.312987825531991
0.2260752727505991	0.2781867745367326
0.2406558751413564	0.2272031621649285
0.2561768455940022	0.1612711373105301
0.2726988326378714	0.08259427269703273
0.2902863962963828	-0.005674023378264485
0.3090082603567333	-0.09951931928084878
0.3289375809095899	-0.1942285863611845
0.3501522322081035	-0.2846242936693402
0.3727351109632458	-0.3653601612198899
0.3967744602645086	-0.4312596580243074
0.4223642143916938	-0.4776701500849366
0.4496043658651529	-0.5008000955934736
0.4786013561687332	-0.4980056143652869
0.5094684916721894	-0.4679970297225102
0.5423263863782852	-0.4109451538276236
0.5773034332246308	-0.328479355518075
0.6145363057818759	-0.2235821548623135
0.6541704923086582	-0.1003955927870278
0.6963608642501348	0.036038828366910254
0.7412722814015202	0.1800826329801988
0.7890802361013185	0.325822516617178
0.8399715389714498	0.4673923815792444
0.8941450488838151	0.5992786465438777
0.9518124500056596	0.7165945134878318
1.013199078960057	0.8153102590705906
1.0785448053336593	0.8924277861121998
1.1481049689723215	0.946089629201588
1.2221513777270974	0.9756161140734592
1.3009733695493233	0.9814695291190084
1.3848789430849509	0.9651503390650386
1.474195961185952	0.9290365011087316
1.5692734320415338	0.876181601364231
1.6704828729352246	0.8100899502101879
1.7782197619567333	0.7344867304244818
1.8929050833411776	0.6530991937455775
2.0149869724741323	0.5694615751829984
2.144942466990387	0.4867527403808507
2.2832793708088706	0.4076722688627373
2.4305382383874994	0.3343579785844135
2.5872944869514685	0.2683457084218918
2.754160644948564	0.2105701723707025
2.9317887455173843	0.1614035734188796
3.120872874320998	0.120726319572268
3.3221518817017555	0.08802182305560188
3.536412269755059	0.062485436418629005
3.7644912656033904	0.04313661210070335
4.007280092879489	0.028923752196181794
4.265727454202061	0.01881302184825894
4.540843238251881	0.011855347532522749
4.833702465933757	0.00722933604815432
5.145449491044078	0.004261239955565232
5.47730247185814	0.0024257514397426857
5.8305581311100845	0.0013329567292789375
6.206596822965156	0.0007071551674844447
6.6068879267836	0.0003626358862347541
7.032995588752446	0.00018027126906547473
7.486584833820727	8.733082610356254e-05
7.969428071820646	4.1576965496191456e-05
8.48341202319752	1.9684303843469566e-05
9.030545091410904	9.39867609060532e-06
9.612965210814783	4.5843795069576526e-06
10.23294820068249	2.3003963188510784e-06
10.89291665801999	1.1853134281851717e-06
11.595449423916328	6.212315069940058e-07
12.343291660421215	3.269356566761261e-07
13.139365577325409	1.7065076160016116e-07
13.98678185075896	8.748317285473825e-08
14.888851778225794	4.373136908379437e-08
15.849100217570674	2.1206275610180585e-08
16.871279360437825	9.936469228417687e-09
17.95938339404131	4.48414311234753e-09
19.1176641085384	1.9431840355545028e-09
20.35064751099196	8.06239151335127e-10
21.663151510841473	3.191358296904945e-10
23.0603047459888	1.1988957915382655e-10
